 -7.8327E-03  5.7934E-03  1.0882E-02
 -7.2112E-03  5.5678E-03  1.0169E-02
 -7.3490E-03  5.2306E-03  1.0110E-02
 -6.7650E-03  4.9556E-03  9.4043E-03
 -6.5416E-03  4.1926E-03  8.7651E-03
 -6.9486E-03  3.2512E-03  8.6202E-03
 -6.5620E-03  6.3809E-03  1.0013E-02
 -6.5788E-03  7.0428E-03  1.0401E-02
 -6.0164E-03  6.3494E-03  9.4812E-03
 -5.3588E-03  7.0887E-03  9.2763E-03
 -5.2359E-03  7.3757E-03  9.3216E-03
 -5.6761E-03  7.8898E-03  1.0026E-02
 -5.7001E-03  7.9192E-03  1.0065E-02
 -6.0810E-03  8.4824E-03  1.0740E-02
 -5.9363E-03  8.9548E-03  1.0869E-02
 -6.3198E-03  9.4536E-03  1.1511E-02
 -5.4116E-03  8.9333E-03  1.0362E-02
 -4.7433E-03  6.8249E-03  8.5477E-03
 -4.5809E-03  6.2575E-03  8.0758E-03
 -4.3973E-03  7.2547E-03  8.4627E-03
 -3.8320E-03  7.0404E-03  7.8093E-03
 -4.1014E-03  6.6582E-03  7.8486E-03
 -3.5181E-03  6.5285E-03  7.2257E-03
 -4.7227E-03  5.8213E-03  7.9645E-03
 -5.1673E-03  5.5874E-03  8.2524E-03
 -3.1628E-03  7.8290E-03  7.6211E-03
 -3.2134E-03  8.5353E-03  8.0655E-03
 -2.5438E-03  7.7112E-03  6.9711E-03
 -1.8491E-03  8.3815E-03  6.6924E-03
 -1.3553E-03  8.4370E-03  6.2579E-03
 -1.5965E-03  8.8708E-03  6.7291E-03
 -1.2000E-03  8.8752E-03  6.3576E-03
 -5.8144E-04  8.9280E-03  5.8039E-03
 -1.5619E-03  8.0270E-03  6.2225E-03
 -1.5853E-03  7.2707E-03  5.8197E-03
 -1.3454E-03  8.5454E-03  6.3095E-03
 -1.0719E-03  8.2825E-03  5.9039E-03
 -1.4556E-03  8.4978E-03  6.3867E-03
 -1.4011E-03  8.1192E-03  6.1227E-03
 -1.8561E-03  8.3898E-03  6.7037E-03
 -1.6424E-03  7.1512E-03  5.8065E-03
 -2.7106E-04  8.7532E-03  5.4130E-03
 -4.5605E-05  9.5320E-03  5.6378E-03
  1.5539E-04  8.2845E-03  4.7475E-03
  9.3962E-04  8.6633E-03  4.2207E-03
  1.3035E-03  8.3035E-03  3.6755E-03
  1.1430E-03  8.3372E-03  3.8458E-03
  1.3049E-03  9.2322E-03  4.1958E-03
  1.5926E-03  7.9219E-03  3.1884E-03
  1.2192E-03  8.4804E-03  3.8543E-03
  9.0721E-04  7.8234E-03  3.7795E-03
  1.8233E-03  9.0465E-03  3.6025E-03
  2.1168E-03  8.9129E-03  3.2507E-03
  2.7765E-03  9.6554E-03  3.0456E-03
  2.8329E-03  1.0405E-02  3.4137E-03
  3.2829E-03  9.4436E-03  2.4491E-03
  3.9497E-03  1.0085E-02  2.1805E-03
  4.4711E-03  9.6470E-03  1.4428E-03
  3.8138E-03  1.0644E-02  2.6226E-03
  3.2622E-03  1.0399E-02  3.0052E-03
  4.2764E-03  1.1442E-02  2.6345E-03
  4.1795E-03  1.2008E-02  3.0441E-03
  4.7789E-03  1.2862E-02  2.9583E-03
  5.3049E-03  1.2614E-02  2.3228E-03
  4.8195E-03  1.1926E-02  2.3941E-03
  4.2887E-03  1.1640E-02  2.7339E-03
  4.8429E-03  1.1481E-02  2.1221E-03
  3.7462E-03  1.1465E-02  3.1475E-03
  3.7922E-03  1.1114E-02  2.9072E-03
  3.3501E-03  1.0168E-02  2.7924E-03
  3.2213E-03  9.8457E-03  2.7330E-03
  2.1971E-03  6.5418E-03  8.6512E-04
  1.8101E-03  5.7771E-03  7.3754E-04
  1.6408E-03  5.2756E-03  5.0957E-04
  1.3175E-03  5.5998E-03  1.3958E-03
  1.0246E-03  5.0259E-03  1.3041E-03
  1.2208E-03  6.0816E-03  2.0575E-03
  7.6000E-04  5.9583E-03  2.7170E-03
  2.1177E-04  5.3511E-03  3.0270E-03
 -1.5310E-04  4.8861E-03  3.1704E-03
  1.4284E-04  5.3518E-03  3.1453E-03
 -3.7541E-04  4.7866E-03  3.4474E-03
 -3.1811E-04  4.7477E-03  3.3095E-03
 -3.1977E-05  5.4775E-03  3.5733E-03
 -5.2067E-05  5.3939E-03  3.5214E-03
  6.1043E-05  6.0654E-03  4.0205E-03
  6.3085E-04  6.7209E-03  3.7235E-03
 -7.5744E-04  4.9525E-03  4.2706E-03
 -1.2428E-03  4.4655E-03  4.5971E-03
 -5.2829E-04  5.6464E-03  4.5946E-03
 -8.4224E-04  5.8843E-03  5.3758E-03
 -1.1936E-03  5.4910E-03  5.5703E-03
 -1.6161E-03  5.3965E-03  6.1939E-03
 -1.0381E-03  5.2212E-03  5.0266E-03
 -1.3403E-03  4.8363E-03  5.1459E-03
 -1.0683E-03  4.5724E-03  4.4095E-03
 -4.7346E-04  5.2144E-03  4.0557E-03
 -1.1217E-03  3.9787E-03  3.8887E-03
 -1.9306E-03  4.1764E-03  5.4732E-03
 -2.2796E-03  3.9976E-03  5.8846E-03
 -2.0451E-03  3.8370E-03  5.3188E-03
 -2.5868E-03  3.1976E-03  5.5846E-03
 -2.5715E-03  2.5945E-03  4.9368E-03
 -2.9417E-03  1.8502E-03  4.8015E-03
 -2.8253E-03  1.8611E-03  4.6140E-03
 -3.2073E-03  1.7025E-03  5.1025E-03
 -2.4113E-03  1.9774E-03  4.0271E-03
 -2.8926E-03  3.3483E-03  6.2617E-03
 -3.3623E-03  2.8629E-03  6.5634E-03
 -2.6367E-03  4.0370E-03  6.5350E-03
 -2.8768E-03  4.2499E-03  7.1642E-03
 -2.4667E-03  5.0317E-03  7.2700E-03
 -3.3649E-03  4.1383E-03  7.8824E-03
 -3.7778E-03  3.8064E-03  8.2451E-03
 -3.3257E-03  4.4211E-03  8.1069E-03
 -3.7900E-03  4.3196E-03  8.7950E-03
 -3.6747E-03  4.6196E-03  8.9074E-03
 -3.5295E-03  5.3753E-03  9.4386E-03
 -3.5571E-03  5.5510E-03  9.6667E-03
 -3.1503E-03  6.2188E-03  9.6606E-03
 -3.9405E-03  5.0891E-03  9.8451E-03
 -4.2687E-03  3.5142E-03  8.7820E-03
 -4.7174E-03  3.3160E-03  9.3437E-03
 -4.1742E-03  3.0481E-03  8.1402E-03
 -4.6114E-03  2.2573E-03  8.0714E-03
 -4.3959E-03  1.8484E-03  7.2819E-03
 -4.7632E-03  1.0320E-03  7.0675E-03
 -4.6165E-03  7.3819E-04  6.5142E-03
 -4.9617E-03 -5.1605E-06  6.3372E-03
 -5.4598E-03 -4.6435E-04  6.7142E-03
 -5.6132E-03 -1.8063E-04  7.2686E-03
 -5.2642E-03  5.6376E-04  7.4400E-03
 -4.8975E-03  1.9655E-03  8.2589E-03
 -5.3857E-03  1.6070E-03  8.7229E-03
 -4.5841E-03  2.1417E-03  7.9057E-03
 -4.7905E-03  1.9108E-03  8.0198E-03
 -4.3333E-03  2.1749E-03  7.5118E-03
 -4.5304E-03  1.9908E-03  7.6584E-03
 -4.0984E-03  1.7875E-03  6.7113E-03
 -3.5950E-03  2.0984E-03  6.1726E-03
 -5.1081E-03  2.1758E-03  8.8352E-03
 -5.5565E-03  1.7376E-03  9.1491E-03
 -4.5039E-03 -5.4121E-04  7.0533E-03
 -4.0317E-03 -9.7595E-04  6.1038E-03
 -4.4529E-03 -1.9642E-03  5.7541E-03
 -5.1728E-03 -2.6190E-03  6.0559E-03
 -5.8001E-03 -3.6786E-03  5.8936E-03
 -5.4714E-03 -4.3853E-03  4.8812E-03
 -3.2393E-03 -4.2877E-04  5.6207E-03
 -2.6095E-03 -1.6856E-04  5.0847E-03
 -3.2747E-03 -2.0823E-04  5.8552E-03
 -2.5827E-03  2.9922E-04  5.4591E-03
 -2.8194E-03  3.2131E-04  5.7648E-03
 -2.1300E-03  8.0663E-04  5.3525E-03
 -2.2539E-03  2.8603E-04  5.0497E-03
 -1.6584E-03  4.4217E-04  4.4649E-03
 -2.9409E-03 -2.7809E-04  5.3906E-03
 -2.0255E-03  1.2750E-03  5.6334E-03
 -1.3209E-03  1.6350E-03  5.0938E-03
 -2.3254E-03  1.7080E-03  6.3729E-03
 -1.8100E-03  2.6460E-03  6.5648E-03
 -2.2654E-03  3.1542E-03  7.5579E-03
 -1.7677E-03  4.1917E-03  7.8578E-03
 -1.3875E-03  4.4029E-03  7.5813E-03
 -8.7042E-04  5.4391E-03  7.8568E-03
 -2.0298E-04  5.8722E-03  7.4257E-03
 -1.4206E-03  2.6894E-03  6.1313E-03
 -7.4046E-04  3.2995E-03  5.8388E-03
 -1.8431E-03  2.0189E-03  6.0595E-03
 -1.5526E-03  1.9985E-03  5.6903E-03
 -2.1384E-03  1.9594E-03  6.3652E-03
 -2.3241E-03  2.7198E-03  7.2512E-03
 -2.9369E-03  2.5723E-03  7.8645E-03
 -3.0384E-03  3.3009E-03  8.6210E-03
 -2.5263E-03  4.1951E-03  8.7788E-03
 -2.6044E-03  4.9117E-03  9.4965E-03
 -1.9175E-03  4.3626E-03  8.1877E-03
 -1.8198E-03  3.6227E-03  7.4261E-03
 -1.3464E-03  1.2421E-03  4.7829E-03
 -9.7783E-04  1.2688E-03  4.3601E-03
 -1.5718E-03  5.7906E-04  4.4790E-03
 -1.3886E-03 -1.4069E-04  3.6315E-03
 -1.8241E-03 -7.3188E-04  3.6444E-03
 -1.4793E-03 -9.1000E-04  3.0722E-03
 -2.5940E-03 -1.0765E-03  4.2765E-03
 -3.1179E-03 -1.6570E-03  4.4057E-03
 -3.4053E-03 -1.1185E-03  5.2217E-03
 -2.7266E-03 -2.1951E-04  5.1821E-03
 -3.9353E-03 -8.7279E-04  6.0769E-03
 -4.0541E-03 -1.7073E-04  6.8311E-03
 -3.8144E-03 -2.4639E-03  4.5469E-03
 -3.9972E-03 -2.3958E-03  4.8273E-03
 -4.1901E-03 -3.2549E-03  4.3136E-03
 -3.8844E-03 -3.4921E-03  3.7374E-03
 -4.5111E-03 -4.4841E-03  3.6332E-03
 -4.7902E-03 -4.8487E-03  3.6539E-03
 -4.8669E-03 -4.0745E-03  4.4200E-03
 -5.6417E-03 -4.1705E-03  5.2741E-03
 -5.7019E-03 -3.7702E-03  5.6951E-03
 -6.2466E-03 -4.7615E-03  5.4923E-03
 -7.0386E-03 -4.9589E-03  6.2790E-03
 -7.4879E-03 -5.1099E-03  6.6915E-03
 -8.3297E-03 -5.3795E-03  7.4757E-03
 -8.7918E-03 -5.6436E-03  7.8053E-03
 -9.5528E-03 -6.2333E-03  8.2136E-03
 -8.4718E-03 -5.3218E-03  7.6980E-03
 -7.4473E-03 -5.8416E-03  6.0061E-03
 -7.4990E-03 -6.5620E-03  5.4422E-03
 -7.7272E-03 -5.7791E-03  6.3992E-03
 -8.1286E-03 -6.5637E-03  6.2025E-03
 -7.8093E-03 -6.3025E-03  6.0433E-03
 -8.2849E-03 -7.1132E-03  5.9139E-03
 -6.9363E-03 -5.9736E-03  5.2728E-03
 -6.5681E-03 -5.4830E-03  5.2539E-03
 -8.9635E-03 -6.7761E-03  7.0283E-03
 -9.1087E-03 -6.1508E-03  7.7478E-03
 -9.5108E-03 -7.6496E-03  6.9311E-03
 -1.0325E-02 -7.9232E-03  7.6789E-03
 -1.0697E-02 -8.1284E-03  7.9499E-03
 -1.1066E-02 -9.0832E-03  7.5667E-03
 -1.0650E-02 -8.7803E-03  7.3259E-03
 -1.0363E-02 -9.2809E-03  6.5436E-03
 -1.4600E-02 -1.5179E-02 -1.5439E-04
 -1.5005E-02 -1.4769E-02 -2.2280E-03
 -1.5692E-02 -1.5906E-02 -7.4369E-03
 -1.5114E-02 -2.0558E-02 -8.2080E-03
 -1.6554E-02 -1.2733E-02 -9.7389E-03
 -1.5494E-02 -1.0355E-02 -1.1331E-03
 -1.5427E-02 -1.0296E-02 -6.7539E-04
 -1.5939E-02 -6.7002E-03 -4.7015E-04
 -1.6412E-02 -2.4289E-03  5.8805E-04
 -1.5631E-02 -2.5771E-03  5.1841E-03
 -1.5773E-02 -9.3284E-04  5.8328E-03
 -1.4784E-02 -4.7123E-03  8.3492E-03
 -1.3978E-02 -5.0181E-03  1.2949E-02
 -1.3174E-02 -6.8973E-03  1.6092E-02
 -1.3487E-02 -3.4358E-03  1.7378E-02
 -1.3054E-02 -4.9131E-03  1.8640E-02
 -1.4145E-02  7.1830E-04  1.7209E-02
 -1.3491E-02 -8.0943E-03  1.3070E-02
 -1.3273E-02 -7.1173E-03  1.5286E-02
 -1.3300E-02 -1.1906E-02  1.0723E-02
 -1.2818E-02 -1.5431E-02  1.0404E-02
 -1.2728E-02 -1.9216E-02  7.4714E-03
 -1.1998E-02 -2.3569E-02  7.8914E-03
 -1.1970E-02 -2.7224E-02  4.7023E-03
 -1.3175E-02 -2.5236E-02 -7.6869E-04
 -1.3402E-02 -1.3763E-02  8.3992E-03
 -1.2962E-02 -1.4849E-02  1.0066E-02
 -1.4384E-02 -1.1292E-02  4.7240E-03
 -1.5048E-02 -9.3500E-03  2.4876E-03
 -1.6126E-02 -6.4884E-03 -1.4115E-03
 -1.6575E-02 -8.6416E-03 -6.1070E-03
 -1.6592E-02 -9.8643E-03 -7.3361E-03
 -1.7628E-02 -5.2952E-03 -9.4111E-03
 -1.4954E-02 -6.3255E-03  5.8373E-03
 -1.4664E-02 -7.0939E-03  6.8872E-03
 -1.5181E-02 -2.9294E-03  7.5801E-03
 -1.5113E-02  2.5665E-04  1.0923E-02
 -1.5415E-02  3.7159E-03  1.2274E-02
 -1.6517E-02  6.7079E-03  8.3492E-03
 -1.6882E-02  1.0736E-02  9.8372E-03
 -1.6587E-02  9.5518E-03  1.0534E-02
 -1.7090E-02  9.3326E-03  7.2877E-03
 -1.6761E-02  8.2132E-03  8.2520E-03
 -1.7926E-02  1.0250E-02  3.0671E-03
 -1.4080E-02 -1.9916E-03  1.5111E-02
 -1.3983E-02  1.0159E-04  1.7624E-02
 -1.3323E-02 -6.2920E-03  1.5744E-02
 -1.2317E-02 -8.7626E-03  1.9567E-02
 -1.1553E-02 -1.1650E-02  2.1538E-02
 -1.2058E-02 -1.1750E-02  1.8393E-02
 -1.1337E-02 -1.3235E-02  2.1392E-02
 -1.2617E-02 -1.2781E-02  1.4058E-02
 -1.2439E-02 -1.5591E-02  1.2554E-02
 -1.2906E-02 -1.7600E-02  7.8818E-03
 -1.2890E-02 -1.2693E-02  1.2484E-02
 -1.2447E-02 -1.4125E-02  1.3853E-02
 -1.3782E-02 -8.6106E-03  1.0833E-02
 -1.4334E-02 -5.3417E-03  1.0493E-02
 -1.5287E-02 -9.5716E-04  8.7531E-03
 -1.6026E-02 -1.4971E-03  3.7812E-03
 -1.5723E-02  2.9931E-03  9.7429E-03
 -1.3676E-02 -4.6582E-03  1.5110E-02
 -1.3385E-02 -5.8372E-03  1.5787E-02
 -1.3416E-02 -2.9218E-03  1.8277E-02
 -1.2773E-02 -2.0725E-03  2.2952E-02
 -1.2381E-02 -1.4613E-03  2.5890E-02
 -1.1471E-02 -1.9536E-03  3.0944E-02
 -1.1013E-02 -2.3898E-03  3.3319E-02
 -1.0586E-02 -6.7663E-03  3.1885E-02
 -1.0197E-02 -7.2174E-03  3.3825E-02
 -1.1900E-02 -5.9620E-03  2.4665E-02
 -1.1812E-02 -5.3738E-03  2.5737E-02
 -1.3416E-02 -7.9394E-03  2.4462E-02
 -1.4316E-02 -1.0980E-02  2.6840E-02
 -1.5192E-02 -1.5368E-02  2.7422E-02
 -1.5686E-02 -1.5090E-02  3.1091E-02
 -1.4056E-02 -1.1646E-02  2.4274E-02
 -1.4349E-02 -1.5076E-02  2.2088E-02
 -1.3490E-02 -8.2771E-03  2.4550E-02
 -1.3157E-02 -8.2634E-03  2.2324E-02
 -1.3936E-02 -1.2554E-02  2.2362E-02
 -1.4450E-02 -1.3205E-02  2.5040E-02
 -1.4041E-02 -1.5550E-02  1.9434E-02
 -1.4723E-02 -1.9812E-02  1.8857E-02
 -1.5259E-02 -2.3304E-02  1.8229E-02
 -1.4592E-02 -2.1658E-02  1.5726E-02
 -1.3999E-02 -1.9268E-02  1.4628E-02
 -1.3077E-02 -1.6034E-02  1.2342E-02
 -1.4399E-02 -2.2355E-02  1.3577E-02
 -1.3753E-02 -2.2043E-02  9.5993E-03
 -1.4408E-02 -2.6256E-02  8.9022E-03
 -1.3833E-02 -2.6808E-02  4.3489E-03
 -1.3119E-02 -2.3528E-02  3.5178E-03
 -1.2537E-02 -2.3455E-02 -3.1948E-04
 -1.3144E-02 -2.1086E-02  6.6524E-03
 -1.2955E-02 -2.1026E-02  5.4530E-03
 -1.2046E-02 -1.7745E-02  3.3027E-03
 -1.3288E-02 -2.3730E-02  4.4116E-03
 -1.2586E-02 -2.3026E-02  5.3486E-04
 -1.3172E-02 -2.6919E-02 -2.4140E-04
 -1.3649E-02 -3.1173E-02 -2.1939E-03
 -1.4247E-02 -3.2412E-02  3.3794E-04
 -1.2835E-02 -3.0631E-02 -7.0265E-03
 -1.1866E-02 -1.8724E-02  9.0112E-04
 -1.0960E-02 -1.6385E-02 -2.3706E-03
 -1.2268E-02 -1.7660E-02  4.9099E-03
 -1.1675E-02 -1.3683E-02  5.7353E-03
 -1.0781E-02 -9.5248E-03  4.7610E-03
 -9.9697E-03 -6.3186E-03  3.1804E-03
 -1.0949E-02 -9.6119E-03  5.7832E-03
 -1.0170E-02 -5.9469E-03  4.9827E-03
 -1.0633E-02 -6.6924E-03  7.2003E-03
 -1.1594E-02 -8.0114E-03  1.2085E-02
 -1.1374E-02 -4.1055E-03  1.5343E-02
 -1.0861E-02 -1.3636E-03  1.5216E-02
 -1.0579E-02  2.6360E-03  1.8172E-02
 -9.3886E-03 -5.7254E-03 -1.9005E-05
 -8.4771E-03 -2.1754E-03 -1.8553E-03
 -9.7506E-03 -9.5432E-03 -2.2160E-03
 -9.0846E-03 -9.8110E-03 -7.0343E-03
 -9.7068E-03 -1.4607E-02 -8.6640E-03
 -1.0120E-02 -1.6411E-02 -8.0679E-03
 -1.0849E-02 -2.1314E-02 -9.1037E-03
 -1.1826E-02 -2.3894E-02 -5.6537E-03
 -1.0540E-02 -2.2758E-02 -1.2944E-02
 -8.4025E-03 -7.8523E-03 -9.2566E-03
 -7.4868E-03 -5.2059E-03 -1.2219E-02
 -8.8496E-03 -9.0127E-03 -7.6501E-03
 -8.3075E-03 -7.4611E-03 -9.4220E-03
 -9.0588E-03 -1.0456E-02 -7.9925E-03
 -7.6256E-03 -2.6831E-03 -8.2177E-03
 -6.8738E-03 -5.3980E-04 -1.0685E-02
 -7.9061E-03 -1.0753E-03 -4.3718E-03
 -7.2968E-03  3.4805E-03 -2.9467E-03
 -7.8454E-03  4.3314E-03  1.7883E-03
 -7.2091E-03  9.0739E-03  3.2578E-03
 -7.8000E-03  9.7257E-03  8.0364E-03
 -7.1096E-03  1.4565E-02  9.2577E-03
 -6.6478E-03  1.5980E-02  7.8627E-03
 -6.2731E-03  6.6394E-03 -6.0155E-03
 -5.4876E-03  9.9341E-03 -7.3120E-03
 -2.1492E-03  1.0024E-02 -4.8706E-03
  3.4059E-03  1.3469E-02 -4.2921E-03
  3.2312E-03  1.7655E-02 -1.7810E-03
 -3.3319E-04  2.1941E-02  1.6744E-03
 -4.8375E-03  2.2438E-02  3.1435E-03
  1.3955E-03  2.4822E-02  2.9203E-03
  8.4791E-03  1.0442E-02 -7.3998E-03
  1.3002E-02  1.1278E-02 -8.0888E-03
  7.7472E-03  6.9883E-03 -9.2432E-03
  1.2289E-02  3.7953E-03 -1.2310E-02
  1.0246E-02  8.6679E-05 -1.3961E-02
  1.3779E-02 -4.4934E-03 -1.7581E-02
  1.0730E-02  3.1824E-03 -1.2264E-02
  8.5097E-03  6.0792E-05 -1.3523E-02
  1.4176E-02  7.4621E-04 -1.4599E-02
  1.9361E-02  9.7496E-04 -1.5818E-02
  9.9381E-03 -2.0781E-03 -1.5156E-02
  1.1048E-02 -5.1209E-03 -1.7238E-02
  5.3315E-03 -7.4808E-03 -1.7135E-02
  2.0517E-03 -1.2023E-02 -1.8955E-02
 -4.0894E-03 -1.3871E-02 -1.8440E-02
 -3.8796E-04 -1.5663E-02 -2.0461E-02
  1.4094E-02 -1.5910E-03 -1.5954E-02
  1.8382E-02 -2.8228E-03 -1.7799E-02
  1.1530E-02  2.6027E-03 -1.2814E-02
  1.3760E-02  6.4951E-03 -1.1104E-02
  9.8477E-03  1.0877E-02 -7.5010E-03
  4.1056E-03  9.2059E-03 -6.9860E-03
  1.2590E-03  1.2700E-02 -4.1845E-03
  2.4413E-03  4.4587E-03 -9.3477E-03
  2.0026E-02  8.9064E-03 -1.1319E-02
  2.3361E-02  1.0251E-02 -1.1398E-02
  2.1562E-02  9.5582E-03 -1.1337E-02
  2.7476E-02  1.1773E-02 -1.1576E-02
  2.7307E-02  1.4350E-02 -1.0014E-02
  3.1520E-02  7.5573E-03 -1.5115E-02
  3.6657E-02  8.5961E-03 -1.5845E-02
  2.9127E-02  2.8025E-03 -1.7291E-02
  3.2428E-02 -1.6099E-03 -2.0752E-02
  3.3972E-02 -3.0898E-03 -2.2027E-02
  3.8485E-02 -5.0382E-03 -2.4353E-02
  3.0386E-02 -1.8636E-03 -2.0369E-02
  3.1230E-02 -3.0360E-03 -2.1280E-02
  2.9723E-02  1.3639E-03 -1.8294E-02
  3.4428E-02  6.0927E-03 -1.6737E-02
  3.2454E-02  1.0498E-02 -1.3627E-02
  2.6836E-02  1.2416E-02 -1.1030E-02
  2.4439E-02  1.6448E-02 -8.0293E-03
  2.7351E-02 -8.0600E-03 -2.3226E-02
  2.2918E-02 -9.5465E-03 -2.2944E-02
  2.9049E-02 -1.0690E-02 -2.5218E-02
  2.5848E-02 -1.5624E-02 -2.7289E-02
  3.0201E-02 -1.9115E-02 -3.0482E-02
  2.8663E-02 -2.5023E-02 -3.3561E-02
  3.4361E-02 -2.7272E-02 -3.6373E-02
  2.5348E-02 -2.7189E-02 -3.3971E-02
  2.1195E-02 -1.4718E-02 -2.5541E-02
  2.2102E-02 -1.1234E-02 -2.3725E-02
  1.6083E-02 -1.7658E-02 -2.5937E-02
  1.1095E-02 -1.7343E-02 -2.4449E-02
  5.3998E-03 -2.0364E-02 -2.4742E-02
  4.2784E-03 -1.8385E-02 -2.3284E-02
  1.9971E-04 -1.9894E-02 -2.3107E-02
  1.2147E-02 -1.9657E-02 -2.6087E-02
  1.3399E-02 -2.4119E-02 -2.9042E-02
  1.1454E-02 -1.6695E-02 -2.4161E-02
  1.2381E-02 -1.8576E-02 -2.5511E-02
  1.3566E-02 -1.3980E-02 -2.3113E-02
  1.9398E-02 -1.0938E-02 -2.2845E-02
  9.0753E-03 -1.0656E-02 -1.9983E-02
  7.3070E-03 -2.2556E-02 -2.6531E-02
  2.2690E-03 -2.2588E-02 -2.5234E-02
  6.3022E-03 -2.3965E-02 -1.5075E-02
  7.8876E-03 -2.5854E-02 -1.3213E-02
  1.1748E-02 -2.7095E-02 -1.2836E-02
  1.1842E-02 -2.8523E-02 -1.1098E-02
  1.4894E-02 -2.9276E-02 -1.1083E-02
  8.9087E-03 -2.8905E-02 -9.7458E-03
  8.2048E-03 -2.4802E-02 -1.4611E-02
  7.6011E-03 -2.5810E-02 -1.3183E-02
  9.2002E-03 -2.2739E-02 -1.7461E-02
  9.7975E-03 -2.1469E-02 -1.9210E-02
  1.1089E-02 -1.9226E-02 -2.2372E-02
  1.4783E-02 -1.9759E-02 -2.2821E-02
  1.4546E-02 -2.0522E-02 -2.1806E-02
  1.6887E-02 -2.2273E-02 -2.0343E-02
  1.2075E-02 -1.9338E-02 -2.2529E-02
  6.4893E-03 -2.0877E-02 -1.8950E-02
  6.7894E-03 -2.1256E-02 -1.8571E-02
  3.3335E-03 -2.0013E-02 -1.9073E-02
 -9.9302E-05 -1.9374E-02 -1.8833E-02
 -3.0247E-03 -1.7800E-02 -1.9903E-02
 -5.9805E-03 -1.5945E-02 -2.1311E-02
 -8.6651E-03 -1.7101E-02 -1.9075E-02
 -7.9154E-03 -1.4269E-02 -2.2802E-02
 -1.2252E-03 -2.1664E-02 -1.5663E-02
 -2.6934E-03 -2.1802E-02 -1.5052E-02
 -4.4536E-04 -2.3489E-02 -1.3640E-02
 -1.3266E-03 -2.5747E-02 -1.0582E-02
 -5.5382E-04 -2.7569E-02 -8.5606E-03
 -2.2391E-03 -2.6477E-02 -9.4057E-03
 -2.0783E-03 -2.9732E-02 -5.4276E-03
  8.1826E-04 -2.6880E-02 -9.8239E-03
 -7.5569E-04 -2.7688E-02 -8.3524E-03
  4.3788E-03 -2.6975E-02 -1.0775E-02
  6.5637E-03 -2.8065E-02 -1.0082E-02
  1.0788E-02 -2.8430E-02 -1.0897E-02
  1.2744E-02 -2.8164E-02 -1.1814E-02
  1.2422E-02 -3.1001E-02 -8.2081E-03
  1.1103E-02 -3.1646E-02 -7.0137E-03
  5.3265E-03 -2.6700E-02 -1.1400E-02
  5.4723E-03 -2.7765E-02 -1.0126E-02
  4.0154E-03 -2.4354E-02 -1.3908E-02
  2.6346E-03 -2.2760E-02 -1.5465E-02
  1.9639E-03 -2.0209E-02 -1.8419E-02
 -8.9544E-04 -2.3309E-02 -1.3727E-02
 -1.4682E-03 -2.3224E-02 -1.3661E-02
 -3.2405E-03 -2.3875E-02 -1.2324E-02
 -6.6229E-03 -2.4474E-02 -1.0568E-02
 -9.1887E-03 -2.4562E-02 -9.6894E-03
 -1.0619E-02 -2.2389E-02 -1.1949E-02
 -1.2284E-02 -2.0165E-02 -1.4199E-02
 -1.3443E-02 -2.3075E-02 -1.0252E-02
 -5.8462E-03 -2.6885E-02 -7.8193E-03
 -7.8298E-03 -2.7271E-02 -6.7464E-03
 -2.9831E-03 -2.8511E-02 -6.6671E-03
 -1.9604E-03 -3.0930E-02 -3.9820E-03
  8.9843E-04 -3.2737E-02 -2.6045E-03
 -6.1610E-04 -3.3108E-02 -1.6915E-03
  2.0864E-03 -3.5150E-02  2.4617E-05
 -3.2686E-04 -3.0797E-02 -4.6354E-03
 -8.8410E-04 -3.2130E-02 -2.8202E-03
  1.6945E-03 -2.9196E-02 -7.2230E-03
  3.3697E-03 -2.8958E-02 -8.0189E-03
  6.2791E-03 -2.7507E-02 -1.0686E-02
  9.2877E-03 -2.8085E-02 -1.0874E-02
  1.2634E-02 -2.7259E-02 -1.2900E-02
  1.1776E-02 -2.4593E-02 -1.5940E-02
  1.4905E-02 -2.3773E-02 -1.7893E-02
  3.9511E-04 -2.7797E-02 -8.5638E-03
  4.0354E-04 -2.8524E-02 -7.6661E-03
 -2.1891E-03 -2.6030E-02 -9.9739E-03
 -5.2856E-03 -2.4800E-02 -1.0566E-02
 -7.6377E-03 -2.2822E-02 -1.2307E-02
 -1.1342E-02 -2.1620E-02 -1.2683E-02
 -1.3647E-02 -1.9722E-02 -1.4339E-02
 -1.6846E-02 -1.9859E-02 -1.3210E-02
 -1.2276E-02 -1.8070E-02 -1.6794E-02
 -7.4949E-03 -2.6656E-02 -7.6077E-03
 -8.0057E-03 -2.7116E-02 -6.8859E-03
 -9.5701E-03 -3.2920E-02 -9.4523E-03
 -8.9452E-03 -3.2238E-02 -9.8980E-03
 -1.2022E-02 -3.3728E-02 -5.4184E-03
 -1.1555E-02 -3.3136E-02 -5.6517E-03
 -1.1600E-02 -3.6945E-02 -1.0220E-02
 -1.0859E-02 -3.6177E-02 -1.0798E-02
 -7.7488E-03 -3.2590E-02 -1.2779E-02
 -7.3437E-03 -3.2170E-02 -1.3095E-02
 -5.0286E-03 -2.9478E-02 -1.4543E-02
 -5.7530E-03 -2.7063E-02 -1.0104E-02
 -3.5540E-03 -2.6398E-02 -1.3795E-02
 -5.4636E-03 -2.3370E-02 -6.1779E-03
 -2.5131E-03 -1.8337E-02 -6.0629E-03
 -3.0342E-03 -1.4843E-02 -7.2010E-04
 -6.4408E-03 -1.7132E-02  3.4564E-03
 -2.9637E-03 -1.3838E-02  3.6565E-04
 -3.5873E-03 -1.0614E-02  5.5876E-03
  8.5042E-04 -1.6168E-02 -1.0299E-02
  3.5190E-03 -1.1846E-02 -1.0476E-02
  6.5076E-04 -1.9138E-02 -1.3525E-02
  3.6781E-03 -1.7701E-02 -1.7967E-02
  2.7748E-03 -2.0168E-02 -1.9135E-02
  5.0420E-03 -1.9270E-02 -2.2680E-02
  7.8518E-03 -1.7900E-02 -2.6759E-02
  2.9901E-03 -2.2302E-02 -2.2187E-02
  4.0719E-03 -2.3844E-02 -2.6290E-02
  1.0684E-03 -2.8019E-02 -2.5247E-02
 -1.5988E-03 -3.2646E-02 -2.5446E-02
 -4.6837E-03 -3.7052E-02 -2.4518E-02
 -4.4153E-03 -3.6657E-02 -2.4585E-02
 -7.2840E-03 -4.0795E-02 -2.3772E-02
  6.9888E-03 -1.9217E-02 -2.6604E-02
  7.1642E-03 -1.5783E-02 -2.2761E-02
  9.3428E-03 -1.9096E-02 -3.1278E-02
  1.2425E-02 -1.4838E-02 -3.2381E-02
  1.4934E-02 -1.5480E-02 -3.8305E-02
  1.5899E-02 -1.6161E-02 -4.1114E-02
  1.4814E-02 -2.1163E-02 -4.5014E-02
  1.7124E-02 -2.1099E-02 -4.9667E-02
  1.1676E-02 -2.5137E-02 -4.3450E-02
  1.1859E-02 -1.3610E-02 -2.9718E-02
  1.4107E-02 -9.3859E-03 -2.9155E-02
  8.8432E-03 -1.7300E-02 -2.8057E-02
  7.9251E-03 -1.6595E-02 -2.5312E-02
  4.9832E-03 -2.1587E-02 -2.5396E-02
  1.5119E-03 -2.4693E-02 -2.2085E-02
 -1.1021E-03 -2.8009E-02 -2.0789E-02
  1.3313E-03 -2.3944E-02 -2.0799E-02
  7.1630E-03 -1.3346E-02 -1.9776E-02
  7.0661E-03 -1.1467E-02 -1.7278E-02
  6.7674E-03 -1.2561E-02 -1.8005E-02
  6.1634E-03 -9.3984E-03 -1.2898E-02
  3.4217E-03 -1.1728E-02 -1.0132E-02
 -6.6658E-04 -1.7520E-02 -8.8454E-03
  9.4989E-03 -4.4510E-03 -1.3676E-02
  9.4804E-03 -1.8255E-03 -1.0425E-02
  1.2379E-02 -3.2157E-03 -1.8064E-02
  1.5732E-02  1.4201E-03 -1.9259E-02
  1.8444E-02  1.2591E-03 -2.5011E-02
  2.2097E-02  5.7671E-03 -2.6978E-02
  2.4502E-02  4.9245E-03 -3.2936E-02
  2.5282E-02  3.9493E-03 -3.5727E-02
  2.3111E-02 -3.3487E-04 -3.6522E-02
  2.4083E-02 -8.0707E-04 -3.9092E-02
  1.9991E-02 -4.1550E-03 -3.4806E-02
  1.6686E-02  5.9256E-03 -1.5701E-02
  1.8831E-02  1.0050E-02 -1.5047E-02
  1.5015E-02  5.1074E-03 -1.3278E-02
  1.5714E-02  9.1515E-03 -9.7614E-03
  1.5902E-02  8.6744E-03 -1.0732E-02
  1.8880E-02  9.2570E-03 -1.6118E-02
  1.8057E-02  5.2437E-03 -1.9344E-02
  2.1878E-02  1.3286E-02 -1.7328E-02
  1.3015E-02  9.3061E-03 -4.0442E-03
  1.3376E-02  1.2734E-02 -5.8847E-04
  1.0273E-02  5.5071E-03 -3.0771E-03
  7.5196E-03  5.1744E-03  2.1568E-03
  4.2469E-03  1.2588E-05  2.5441E-03
  4.1381E-03 -3.3893E-03 -1.3959E-03
 -6.5105E-03  5.3550E-03  7.4348E-03
 -5.5376E-03  4.1335E-03  7.6973E-03
 -4.8264E-03  5.6382E-03  8.6985E-03
 -3.7205E-03  7.1900E-03  9.9893E-03
 -4.5062E-03  9.3583E-03  1.0176E-02
 -3.4838E-03  1.0801E-02  1.1372E-02
 -1.6491E-03  1.0104E-02  1.2409E-02
 -8.4146E-04  7.9487E-03  1.2242E-02
 -1.8809E-03  6.5047E-03  1.1034E-02
 -3.9542E-03  2.4203E-03  8.2172E-03
 -3.3481E-03  2.5175E-03  8.6703E-03
 -3.3447E-03  8.2902E-04  8.1028E-03
 -1.8302E-03 -9.1825E-04  8.5634E-03
 -2.4321E-03 -3.0943E-03  7.4115E-03
 -1.0358E-03 -5.1768E-03  7.6769E-03
 -2.0451E-03 -7.0246E-03  6.3532E-03
 -1.8633E-04 -5.3290E-03  8.2147E-03
 -3.2928E-04 -7.5422E-04  9.6597E-03
 -5.2350E-04 -1.1511E-03  9.3911E-03
  1.1017E-03  4.0575E-06  1.0908E-02
  2.7029E-03  2.6663E-04  1.2107E-02
  3.4659E-03  2.1874E-03  1.3285E-02
  4.8981E-03  3.1308E-03  1.4597E-02
  5.1151E-03  5.1697E-03  1.5435E-02
  4.3276E-03  3.5392E-03  1.4339E-02
  4.0648E-03 -1.8583E-03  1.2335E-02
  4.7519E-03 -2.5027E-03  1.2594E-02
  4.4008E-03 -2.9749E-03  1.2191E-02
  5.5615E-03 -5.0762E-03  1.2286E-02
  4.6138E-03 -6.4304E-03  1.1172E-02
  5.7966E-03 -8.5468E-03  1.1278E-02
  6.4686E-03 -8.7717E-03  1.1668E-02
  5.9992E-03 -1.0019E-02  1.0922E-02
  7.5572E-03 -4.9829E-03  1.3702E-02
  7.8700E-03 -4.4130E-03  1.4111E-02
  8.8898E-03 -5.4734E-03  1.4461E-02
  1.0841E-02 -5.4742E-03  1.5813E-02
  1.1491E-02 -3.3779E-03  1.6972E-02
  1.2776E-02 -3.3395E-03  1.7876E-02
  1.0549E-02 -1.6085E-03  1.6916E-02
  1.1077E-02  4.6967E-04  1.7984E-02
  1.0194E-02  1.6425E-03  1.7767E-02
  1.0814E-02  3.7646E-03  1.8913E-02
  9.8265E-03  5.6470E-03  1.8864E-02
  1.0508E-02  7.5496E-03  1.9979E-02
  1.2156E-02  7.5975E-03  2.1138E-02
  1.3148E-02  5.7617E-03  2.1207E-02
  1.2480E-02  3.8509E-03  2.0098E-02
  1.0387E-02  1.7560E-03  1.7939E-02
  8.7847E-03  1.8741E-03  1.6868E-02
  1.1542E-02  2.8766E-03  1.9119E-02
  1.0911E-02  4.2718E-03  1.9152E-02
  1.2709E-02  4.4562E-03  2.0461E-02
  1.3840E-02  4.7603E-03  2.1348E-02
  1.3441E-02  3.0850E-03  2.0506E-02
  1.4981E-02  1.1145E-03  2.0909E-02
  1.4791E-02 -4.8128E-04  2.0238E-02
  1.6492E-02  1.2335E-03  2.1997E-02
  1.8114E-02 -4.6768E-04  2.2548E-02
  1.8652E-02 -1.1108E-03  2.2704E-02
  1.7365E-02 -2.3493E-03  2.1393E-02
  1.7847E-02 -2.7471E-03  2.1593E-02
  1.6190E-02 -1.9955E-03  2.0698E-02
  1.5968E-02 -2.9039E-04  2.1119E-02
  1.4394E-02  2.7776E-04  2.0219E-02
  1.7337E-02  8.0601E-04  2.2439E-02
  1.9801E-02  1.7915E-04  2.3936E-02
  2.1218E-02 -1.1503E-03  2.4470E-02
  1.9651E-02  2.2171E-03  2.4520E-02
  2.1187E-02  2.9926E-03  2.5847E-02
  2.2334E-02  3.9118E-03  2.6953E-02
  2.2980E-02  2.3023E-03  2.6857E-02
  2.1201E-02  5.7421E-03  2.6785E-02
  2.0439E-02  4.8145E-03  2.5943E-02
  1.8830E-02  5.7783E-03  2.5153E-02
  2.1601E-02  5.3043E-03  2.6915E-02
  2.1083E-02  7.0827E-03  2.7156E-02
  2.2664E-02  7.2565E-03  2.8311E-02
  2.2281E-02  9.4632E-03  2.8790E-02
  2.2859E-02  5.4145E-03  2.7824E-02
  2.4609E-02  5.1179E-03  2.8938E-02
  2.0571E-02  9.1986E-03  2.7515E-02
  1.9351E-02  1.0606E-02  2.7144E-02
  2.1705E-02  9.1011E-03  3.1500E-02
  2.4340E-02  7.2515E-03  3.2823E-02
  2.5297E-02  8.6667E-03  3.5495E-02
  2.3674E-02  9.7898E-03  3.4663E-02
  2.1225E-02  1.1035E-02  3.2935E-02
  1.9409E-02  1.1282E-02  3.0943E-02
  1.7867E-02  1.3463E-02  3.1323E-02
  1.9620E-02  9.0541E-03  2.8866E-02
  1.7897E-02  9.0835E-03  2.6762E-02
  1.8865E-02  6.3018E-03  2.5040E-02
  2.0728E-02  5.4174E-03  2.6421E-02
  2.2170E-02  2.4803E-03  2.5124E-02
  2.1850E-02  1.0244E-03  2.3198E-02
  2.3650E-02  1.5004E-03  2.5929E-02
  1.5418E-02  1.0259E-02  2.4922E-02
  1.3555E-02  1.1768E-02  2.4199E-02
  1.5407E-02  9.6158E-03  2.4234E-02
  1.3186E-02  1.0587E-02  2.2502E-02
  1.3781E-02  9.1148E-03  2.1694E-02
  1.1795E-02  1.3557E-02  2.3896E-02
  9.5950E-03  1.4987E-02  2.2670E-02
  1.3099E-02  1.4473E-02  2.6474E-02
  1.1987E-02  1.7252E-02  2.8014E-02
  1.3873E-02  1.7651E-02  3.0770E-02
  1.2785E-02  1.9949E-02  3.1834E-02
  1.2440E-02  2.2072E-02  3.3636E-02
  1.2194E-02  1.9653E-02  3.0791E-02
  1.0799E-02  1.8929E-02  2.8302E-02
  8.8636E-03  2.1088E-02  2.8169E-02
  1.1941E-02  1.7902E-02  2.8639E-02
  1.0992E-02  1.9281E-02  2.8910E-02
  1.2823E-02  1.7882E-02  2.9711E-02
  8.6851E-03  1.9522E-02  2.6305E-02
  7.0335E-03  2.1528E-02  2.6364E-02
  8.5564E-03  1.7484E-02  2.4006E-02
  6.3548E-03  1.7647E-02  2.1448E-02
  6.5741E-03  1.5113E-02  1.9059E-02
  7.7210E-03  1.3040E-02  1.8303E-02
  8.2648E-03  1.0075E-02  1.5865E-02
  5.4779E-03  1.0516E-02  1.2874E-02
  4.3344E-03  1.9892E-02  2.1301E-02
  2.3292E-03  2.1322E-02  2.0317E-02
  4.8321E-03  2.0211E-02  2.2253E-02
  2.9320E-03  2.2311E-02  2.2103E-02
  3.7736E-03  2.2095E-02  2.2918E-02
  1.6842E-03  2.4056E-02  2.2389E-02
  2.1954E-03  2.3415E-02  2.2349E-02
  3.8072E-03  2.4175E-02  2.5145E-02
  3.5768E-03  2.4330E-02  2.5022E-02
  2.0684E-03  2.5023E-02  2.3880E-02
 -1.0872E-04  2.6801E-02  2.3048E-02
  3.8060E-03  2.5282E-02  2.6305E-02
  3.3567E-03  2.7738E-02  2.8327E-02
  5.7369E-03  2.7490E-02  3.1016E-02
  7.2079E-03  2.6920E-02  3.2242E-02
  6.2869E-03  2.9375E-02  3.3678E-02
  5.3306E-03  2.9551E-02  3.2677E-02
  6.5450E-03  3.1122E-02  3.5832E-02
  1.9350E-03  2.8555E-02  2.7423E-02
  5.9199E-04  3.0913E-02  2.8234E-02
  2.2716E-03  2.6615E-02  2.5803E-02
  9.2233E-04  2.7181E-02  2.4725E-02
  2.3105E-03  2.4885E-02  2.4035E-02
 -1.6151E-03  2.7803E-02  2.2234E-02
 -2.9776E-03  2.8286E-02  2.1052E-02
 -2.2077E-03  2.7731E-02  2.1423E-02
 -4.5703E-03  2.8316E-02  1.9109E-02
 -4.7963E-03  2.5975E-02  1.6372E-02
 -6.7703E-03  2.6317E-02  1.4284E-02
 -6.2220E-03  1.4960E-02  1.7153E-02
 -6.2857E-03  1.4436E-02  1.6726E-02
 -5.0830E-03  1.5258E-02  1.6780E-02
 -5.1412E-03  1.4728E-02  1.6344E-02
 -5.2211E-03  1.6532E-02  1.7981E-02
 -3.9768E-03  1.7462E-02  1.8106E-02
 -6.1398E-03  1.3161E-02  1.5519E-02
 -4.9650E-03  1.3030E-02  1.4747E-02
 -7.3169E-03  1.2221E-02  1.5348E-02
 -7.2361E-03  1.0993E-02  1.4218E-02
 -8.4778E-03  1.0165E-02  1.4182E-02
 -9.8867E-03  1.0035E-02  1.4856E-02
 -1.0675E-02  8.9156E-03  1.4308E-02
 -1.0256E-02  1.0942E-02  1.5862E-02
 -7.2751E-03  1.0500E-02  1.3806E-02
 -7.6354E-03  1.1026E-02  1.4471E-02
 -6.8637E-03  9.5176E-03  1.2708E-02
 -6.8673E-03  8.9426E-03  1.2203E-02
 -5.3710E-03  9.2615E-03  1.1647E-02
 -4.3436E-03  8.8726E-03  1.0730E-02
 -4.7829E-03  1.0602E-02  1.2501E-02
 -7.4441E-03  7.5818E-03  1.1324E-02
 -7.0827E-03  7.0734E-03  1.0673E-02
 -8.3454E-03  6.9739E-03  1.1291E-02
 -8.9309E-03  5.6674E-03  1.0466E-02
 -1.0223E-02  5.1981E-03  1.0774E-02
 -1.1320E-02  5.7655E-03  1.1888E-02
 -1.1456E-02  6.5588E-03  1.2664E-02
 -1.2019E-02  5.4382E-03  1.1990E-02
 -7.8783E-03  5.0364E-03  9.3200E-03
 -7.9266E-03  4.0883E-03  8.5102E-03
 -7.0075E-03  5.5025E-03  9.2445E-03
 -5.9945E-03  4.9277E-03  8.1708E-03
 -6.5055E-03  4.2229E-03  7.8344E-03
 -7.8289E-03  3.1970E-03  7.6689E-03
 -7.8053E-03  2.0316E-03  6.6270E-03
 -9.0803E-03  1.0617E-03  6.4838E-03
 -1.0376E-02  1.2839E-03  7.4046E-03
 -1.1662E-02  3.7681E-04  7.3229E-03
 -1.0406E-02  2.4341E-03  8.4365E-03
 -9.1376E-03  3.3810E-03  8.5630E-03
 -4.5462E-03  5.7627E-03  8.0980E-03
 -4.3582E-03  6.7292E-03  8.8460E-03
 -3.5296E-03  5.2916E-03  7.1137E-03
 -2.0469E-03  5.9264E-03  6.8449E-03
 -1.1900E-03  6.2297E-03  6.6335E-03
 -1.7626E-03  7.0270E-03  7.6574E-03
  3.4561E-04  6.8495E-03  6.3219E-03
 -1.6295E-03  4.9660E-03  5.7638E-03
 -1.6571E-03  3.9884E-03  4.9163E-03
 -1.3563E-03  5.2107E-03  5.8271E-03
 -9.7780E-04  4.3664E-03  4.8702E-03
 -1.8761E-03  4.1624E-03  5.1923E-03
 -3.4836E-03  3.8717E-03  5.8347E-03
 -4.1386E-03  2.6571E-03  5.1289E-03
 -4.1420E-03  3.8417E-03  6.1764E-03
  5.7097E-04  4.8919E-03  4.4680E-03
  1.0742E-03  5.9605E-03  5.1298E-03
  1.3414E-03  4.1530E-03  3.3850E-03
  2.8288E-03  4.5632E-03  2.9153E-03
  3.7365E-03  4.2640E-03  2.1437E-03
  5.3280E-03  4.8340E-03  1.7569E-03
  6.2649E-03  4.3203E-03  7.7961E-04
  7.5590E-03  4.6477E-03  3.4500E-04
  5.7201E-03  3.5932E-03  4.4242E-04
  2.9341E-03  3.8743E-03  2.2484E-03
  2.6015E-03  2.7652E-03  1.4554E-03
  3.3618E-03  4.5372E-03  2.5943E-03
  3.5000E-03  3.9946E-03  2.0381E-03
  3.3380E-03  4.8345E-03  2.8701E-03
  2.9378E-03  4.2228E-03  2.5539E-03
  3.9740E-03  4.3222E-03  2.0623E-03
  3.5961E-03  3.8649E-03  1.8699E-03
  2.1700E-03  3.3017E-03  2.1702E-03
  1.1270E-03  3.1905E-03  2.6553E-03
  1.5220E-03  3.6497E-03  2.8398E-03
  4.9676E-03  3.8605E-03  1.0992E-03
  6.0308E-03  4.7400E-03  1.2810E-03
  5.0188E-03  2.7391E-03  8.0680E-05
  6.3689E-03  2.4966E-03 -8.8825E-04
  6.1892E-03  1.5163E-03 -1.6531E-03
  7.5565E-03  1.3294E-03 -2.5826E-03
  7.6055E-03  2.6457E-04 -3.5499E-03
  8.5747E-03  2.2416E-03 -2.3467E-03
  7.0222E-03  2.1313E-03 -1.5760E-03
  6.3644E-03  1.2109E-03 -2.0206E-03
  8.8597E-03  1.1962E-02 -6.3593E-03
  6.2024E-03  7.0269E-03 -4.0493E-03
  5.7681E-04  5.8639E-03 -6.7473E-03
 -2.1678E-03  6.8272E-03 -9.3148E-03
 -1.6820E-03  7.6106E-04 -4.0413E-03
  8.7311E-03  6.0894E-03 -1.6429E-03
  8.7508E-03  8.3173E-03 -3.4512E-03
  1.1009E-02  2.8821E-03  2.4559E-03
  1.0980E-02  2.2124E-04  4.6124E-03
  1.5122E-02 -1.7518E-03  8.9116E-03
  1.4409E-02 -2.9351E-03  9.4162E-03
  1.3691E-02  1.4166E-03  5.3932E-03
  1.0799E-02  3.2993E-04  4.4063E-03
  6.3877E-03 -2.3884E-03  3.7669E-03
  1.3425E-02  2.3174E-03  4.4849E-03
  1.1153E-02  1.6722E-03  3.5383E-03
  1.5199E-02  3.3871E-03  4.7610E-03
  1.7323E-02  8.6706E-03  1.8196E-03
  2.0619E-02  1.0357E-02  2.5795E-03
  1.5667E-02  1.1107E-02 -1.2461E-03
  7.8782E-03 -3.2740E-03  5.4574E-03
  3.7070E-03 -4.0928E-03  3.4214E-03
  9.8161E-03 -6.5651E-03  9.4043E-03
  6.9687E-03 -1.1469E-02  1.1566E-02
  1.0024E-02 -1.4627E-02  1.6129E-02
  1.4016E-02 -1.4598E-02  1.8694E-02
  1.1964E-02 -1.5255E-02  1.7900E-02
  1.4145E-02 -1.2119E-02  1.6752E-02
  8.2104E-03 -1.8840E-02  1.8396E-02
  1.9994E-03 -1.3147E-02  9.7149E-03
 -1.7932E-03 -1.5752E-02  9.3838E-03
  2.0063E-03 -1.1609E-02  8.4617E-03
 -2.6096E-03 -1.3096E-02  6.6835E-03
 -1.5238E-03 -1.1945E-02  6.4473E-03
  1.7898E-04 -1.5567E-02  1.0512E-02
 -2.7570E-04 -1.4893E-02  9.6662E-03
  5.5498E-03 -1.5221E-02  1.3713E-02
 -6.3294E-03 -1.1044E-02  2.5935E-03
 -1.0827E-02 -1.3465E-02  1.6557E-03
 -4.4106E-03 -6.6647E-03  2.5872E-04
 -7.6477E-03 -4.3569E-03 -3.7271E-03
 -4.7168E-03  8.9481E-04 -6.1189E-03
 -7.9118E-03  2.8264E-03 -9.7700E-03
 -3.3317E-03  3.8378E-03 -7.6262E-03
  1.6695E-04  8.7978E-03 -9.4112E-03
 -9.7567E-03 -6.8780E-03 -3.0343E-03
 -1.4236E-02 -7.7130E-03 -5.2567E-03
 -6.4716E-03 -7.8923E-03 -7.4569E-05
 -7.9354E-03 -1.0317E-02  9.5805E-04
 -3.5655E-03 -1.1539E-02  4.7914E-03
  9.7474E-04 -7.2662E-03  4.2432E-03
 -5.3261E-03 -1.3947E-02  5.6175E-03
 -1.2281E-02 -1.4897E-02  1.8827E-03
 -1.6065E-02 -1.5941E-02  2.8276E-04
 -1.1755E-02 -1.7506E-02  4.3570E-03
 -1.5575E-02 -2.1989E-02  5.5437E-03
 -1.3579E-02 -2.4375E-02  8.7882E-03
 -8.9332E-03 -2.5585E-02  1.2791E-02
 -6.3209E-03 -2.6550E-02  1.5273E-02
 -7.8452E-03 -2.5560E-02  1.3476E-02
 -2.0470E-02 -2.1432E-02  1.9134E-03
 -2.4631E-02 -2.4423E-02  1.6595E-03
 -1.9967E-02 -1.7662E-02 -8.4131E-04
 -2.4338E-02 -1.6700E-02 -4.4630E-03
 -2.2756E-02 -1.2702E-02 -6.7046E-03
 -2.0606E-02 -1.3927E-02 -4.3091E-03
 -1.8404E-02 -9.7703E-03 -6.2789E-03
 -1.6365E-02 -1.1110E-02 -3.8608E-03
 -1.4745E-02 -8.3370E-03 -5.0771E-03
 -1.2966E-02 -9.8471E-03 -2.6889E-03
 -1.4857E-02 -4.0219E-03 -8.6766E-03
 -2.7303E-02 -1.5507E-02 -7.3611E-03
 -3.1740E-02 -1.6003E-02 -9.8335E-03
 -2.4997E-02 -1.4244E-02 -6.8983E-03
 -2.7635E-02 -1.2875E-02 -9.7274E-03
 -2.4779E-02 -7.7428E-03 -1.2071E-02
 -2.7007E-02 -6.5299E-03 -1.4507E-02
 -2.5033E-02 -4.4390E-03 -1.4936E-02
 -2.0833E-02  2.4971E-04 -1.6044E-02
 -2.8973E-02 -1.5944E-02 -8.0869E-03
 -3.3352E-02 -1.7383E-02 -9.7506E-03
 -3.0754E-02 -1.4442E-02 -1.1438E-02
 -2.9471E-02 -1.3277E-02 -1.2130E-02
 -3.1602E-02 -1.2895E-02 -1.3894E-02
 -3.2377E-02 -1.1241E-02 -1.6442E-02
 -3.4153E-02 -1.4849E-02 -1.2974E-02
 -2.6981E-02 -1.1293E-02 -1.3123E-02
 -2.4858E-02 -1.0717E-02 -1.2568E-02
 -2.7158E-02 -1.0352E-02 -1.4414E-02
 -2.4934E-02 -8.4372E-03 -1.5481E-02
 -2.2460E-02 -8.5659E-03 -1.3827E-02
 -2.1362E-02 -7.4105E-03 -1.4618E-02
 -2.1571E-02 -9.9583E-03 -1.1540E-02
 -1.9191E-02 -1.0102E-02 -9.9241E-03
 -2.0038E-02 -1.1966E-02 -8.0905E-03
 -2.0639E-02 -1.4001E-02 -5.8924E-03
 -2.1120E-02 -1.5602E-02 -4.1691E-03
 -2.2054E-02 -1.7627E-02 -2.1850E-03
 -2.4369E-02 -1.9186E-02 -1.6196E-03
 -2.5078E-02 -2.0973E-02  2.0042E-04
 -2.5958E-02 -1.8975E-02 -2.8436E-03
 -1.6883E-02 -9.9568E-03 -8.7148E-03
 -1.7390E-02 -1.0894E-02 -7.8413E-03
 -1.4365E-02 -8.6364E-03 -8.8577E-03
 -1.1768E-02 -8.1778E-03 -7.8684E-03
 -1.0076E-02 -5.8711E-03 -9.7498E-03
 -1.1740E-02 -4.6090E-03 -1.2340E-02
 -1.2666E-02 -4.7779E-03 -1.2686E-02
 -1.3944E-02 -3.3516E-03 -1.5251E-02
 -1.6679E-02 -3.8701E-03 -1.6248E-02
 -1.7639E-02 -2.4598E-03 -1.8601E-02
 -1.8456E-02 -5.8008E-03 -1.4891E-02
 -1.0096E-02 -9.1370E-03 -5.6535E-03
 -9.9655E-03 -9.0289E-03 -5.7109E-03
 -8.7081E-03 -9.9730E-03 -3.7651E-03
 -7.1210E-03 -1.0992E-02 -1.5260E-03
 -8.6295E-03 -1.3335E-02  5.1149E-04
 -8.4896E-03 -1.3876E-02  1.2761E-03
 -1.1676E-02 -1.4114E-02 -3.4628E-04
 -4.1432E-03 -1.0287E-02 -6.1734E-04
 -3.5807E-03 -9.7191E-03 -9.9266E-04
 -2.1984E-03 -1.0241E-02  4.9685E-04
  6.2823E-04 -9.7074E-03  1.5306E-03
  2.8475E-03 -8.6990E-03  1.6004E-03
  5.7458E-03 -8.2088E-03  2.7315E-03
  7.9194E-03 -8.4912E-03  4.3974E-03
  1.0020E-02 -7.9209E-03  4.9464E-03
  9.1756E-03 -7.2982E-03  3.6542E-03
  6.6067E-03 -7.4478E-03  2.2934E-03
  7.2458E-04 -1.1710E-02  4.1072E-03
  9.9855E-04 -1.2862E-02  5.7224E-03
  5.1015E-04 -1.2100E-02  4.4686E-03
  5.0256E-04 -1.3978E-02  6.8268E-03
  7.8041E-04 -1.3840E-02  6.8204E-03
  2.5288E-03 -1.4803E-02  9.0860E-03
  1.5717E-03 -1.6429E-02  1.0554E-02
  5.3256E-03 -1.3706E-02  9.3922E-03
  6.8050E-03 -1.1997E-02  8.1355E-03
  9.0542E-03 -1.2582E-02  1.0228E-02
  1.0026E-02 -1.3294E-02  1.1709E-02
  7.3242E-03 -1.4447E-02  1.1530E-02
  7.8609E-03 -1.4100E-02  1.1417E-02
  1.0236E-02 -1.3094E-02  1.1584E-02
  5.6640E-03 -1.4959E-02  1.1172E-02
  5.8491E-03 -1.4776E-02  1.1054E-02
  6.9300E-03 -1.2555E-02  8.9124E-03
  4.9623E-03 -1.1705E-02  6.6569E-03
  2.9327E-03 -1.5920E-02  1.0734E-02
  2.5686E-03 -1.6733E-02  1.1538E-02
  8.7434E-04 -1.5893E-02  9.4596E-03
 -2.0167E-03 -1.6923E-02  9.0121E-03
 -3.0881E-03 -1.5631E-02  6.7411E-03
 -5.5651E-03 -1.6329E-02  6.1248E-03
  2.1288E-03 -1.7525E-02  1.1557E-02
  1.2961E-03 -1.5659E-02  9.3908E-03
  4.3442E-03 -1.1153E-02  9.2918E-03
  7.2641E-03 -1.1104E-02  1.2219E-02
  1.0968E-02 -1.0352E-02  1.5443E-02
  1.2481E-02 -6.3459E-03  1.4141E-02
  1.5604E-02 -5.0725E-03  1.6407E-02
  1.6772E-02 -1.4155E-03  1.5003E-02
  1.7558E-02 -7.4672E-03  2.0084E-02
 -2.5138E-03 -1.5472E-02  5.3947E-03
 -3.4815E-03 -1.4318E-02  3.5961E-03
 -4.6317E-03 -1.6548E-02  4.0082E-03
 -8.3947E-03 -1.6666E-02  2.7547E-04
 -1.1426E-02 -2.1446E-02  5.8494E-04
 -1.5261E-02 -2.1654E-02 -3.1571E-03
 -1.1383E-02 -2.3384E-02  2.0012E-03
 -9.0359E-03 -1.3917E-02 -2.3215E-03
 -7.9603E-03 -1.3976E-02 -1.1891E-03
 -1.0856E-02 -1.1566E-02 -5.8318E-03
 -1.1671E-02 -8.7103E-03 -8.6812E-03
 -9.6974E-03 -4.0051E-03 -1.0011E-02
 -5.5696E-03 -2.5877E-03 -6.8276E-03
 -4.0896E-03 -3.2376E-03 -4.8664E-03
 -3.1066E-04 -2.2621E-03 -1.7242E-03
  2.0257E-03 -6.0495E-04 -5.2789E-04
  5.7669E-03  2.8318E-04  2.6378E-03
  6.2000E-04  1.0231E-04 -2.4544E-03
 -3.1559E-03 -8.7964E-04 -5.5888E-03
 -1.5798E-02 -9.9542E-03 -1.1986E-02
 -1.7763E-02 -1.2504E-02 -1.2173E-02
 -1.7099E-02 -8.2817E-03 -1.4490E-02
 -2.0983E-02 -8.8899E-03 -1.7999E-02
 -2.3346E-02 -1.2566E-02 -1.7792E-02
 -2.7429E-02 -1.3575E-02 -2.1219E-02
 -3.0193E-02 -1.6556E-02 -2.1912E-02
 -3.3379E-02 -1.5918E-02 -2.5594E-02
 -3.2595E-02 -1.2677E-02 -2.7094E-02
 -2.9028E-02 -1.1212E-02 -2.4513E-02
 -2.1090E-02 -4.6040E-03 -2.1142E-02
 -2.0392E-02 -3.3858E-03 -2.1297E-02
 -2.2066E-02 -2.4376E-03 -2.3665E-02
 -2.2269E-02  1.7103E-03 -2.6808E-02
 -2.4953E-02  2.4711E-03 -3.0069E-02
 -2.8812E-02 -1.2160E-03 -3.1373E-02
 -2.3405E-02  2.9600E-03 -2.8846E-02
 -2.3306E-02  2.3297E-03 -2.8298E-02
 -2.2014E-02  5.9511E-03 -2.9552E-02
 -2.5682E-02 -1.1684E-03 -2.8232E-02
 -2.6697E-02 -8.5946E-04 -2.9480E-02
 -3.0892E-02 -3.4198E-03 -3.1922E-02
 -3.3434E-02 -1.5000E-03 -3.5859E-02
 -3.4767E-02 -3.3415E-03 -3.5907E-02
 -3.7274E-02 -1.4112E-03 -3.9816E-02
 -3.8445E-02 -3.1790E-03 -3.9753E-02
 -2.4521E-02 -2.4603E-03 -2.6139E-02
 -2.2286E-02  5.4927E-05 -2.5653E-02
 -2.5024E-02 -6.5831E-03 -2.3730E-02
 -2.3314E-02 -8.7296E-03 -2.0476E-02
 -2.5110E-02 -1.3649E-02 -1.8815E-02
 -2.9307E-02 -1.5484E-02 -2.1771E-02
 -3.1165E-02 -1.8708E-02 -2.1374E-02
 -3.5000E-02 -2.0137E-02 -2.4251E-02
 -3.7002E-02 -1.8339E-02 -2.7555E-02
 -3.5171E-02 -1.5136E-02 -2.7965E-02
 -3.1361E-02 -1.3744E-02 -2.5087E-02
 -1.9086E-02 -7.0351E-03 -1.7388E-02
 -1.7593E-02 -6.7721E-03 -1.6060E-02
 -1.7165E-02 -6.0991E-03 -1.6102E-02
 -1.3070E-02 -4.3551E-03 -1.3183E-02
 -1.1588E-02 -7.9530E-03 -9.1325E-03
 -1.1811E-02 -1.0089E-02 -7.8472E-03
 -8.6489E-03 -1.0117E-02 -4.6199E-03
 -1.4782E-02 -1.1701E-02 -9.7185E-03
 -1.1532E-02 -1.2116E-03 -1.3850E-02
 -1.0031E-02 -2.0700E-03 -1.1719E-02
 -1.1951E-02  2.5033E-03 -1.6904E-02
 -1.3452E-02  4.0523E-03 -1.9524E-02
 -1.1688E-02  8.9043E-03 -2.1170E-02
 -1.1818E-02  9.2716E-03 -2.1562E-02
 -1.0590E-02  5.7906E-03 -1.7852E-02
 -6.3796E-03  7.6161E-03 -1.4874E-02
 -4.3824E-03  7.3624E-03 -1.2669E-02
 -4.9885E-03  9.1127E-03 -1.4523E-02
 -6.7857E-03  8.6559E-03 -1.6022E-02
 -3.6101E-03  1.1628E-02 -1.4905E-02
 -3.7357E-04  1.1005E-02 -1.1181E-02
 -9.3904E-04  1.0912E-02 -1.1689E-02
  5.8905E-04  1.5451E-02 -1.3353E-02
 -1.4620E-03  1.7380E-02 -1.6799E-02
  5.3658E-03  2.2302E-02 -1.1481E-02
  7.4176E-03  2.7654E-02 -1.2477E-02
  1.2608E-02  2.8781E-02 -8.9933E-03
  1.4414E-02  2.5837E-02 -6.1678E-03
  1.9502E-02  2.6702E-02 -2.6376E-03
  2.1200E-02  2.2689E-02  6.2137E-04
  2.5693E-02  2.2297E-02  4.2971E-03
  6.0541E-03  3.1200E-02 -1.5249E-02
  4.3083E-03  3.4611E-02 -1.8253E-02
  6.9958E-03  3.0456E-02 -1.4159E-02
  5.6722E-03  3.3448E-02 -1.6633E-02
  9.1547E-03  3.4605E-02 -1.4489E-02
  1.3942E-02  3.6689E-02 -1.1782E-02
  7.9992E-03  3.8427E-02 -1.7234E-02
  1.3201E-03  2.9634E-02 -1.8166E-02
  1.4584E-03  2.5818E-02 -1.6214E-02
 -2.5131E-03  3.0401E-02 -2.1512E-02
 -6.9137E-03  2.6978E-02 -2.3273E-02
 -1.0735E-02  2.8971E-02 -2.7202E-02
 -1.5569E-02  2.5515E-02 -2.9283E-02
 -1.7021E-02  2.0764E-02 -2.8113E-02
 -1.8488E-02  1.6427E-02 -2.7154E-02
 -1.6865E-02  2.1370E-02 -2.8284E-02
 -7.4740E-03  2.6144E-02 -2.3304E-02
 -6.5803E-03  2.9861E-02 -2.4408E-02
 -8.8060E-03  2.1202E-02 -2.1948E-02
 -9.4292E-03  1.9730E-02 -2.1721E-02
 -5.0459E-03  1.9268E-02 -1.8095E-02
 -5.0254E-03  1.7635E-02 -1.7289E-02
 -1.3673E-03  2.0442E-02 -1.5807E-02
  3.1112E-03  2.0324E-02 -1.2275E-02
  6.2946E-03  2.5804E-02 -1.2454E-02
  4.7490E-03  2.9847E-02 -1.5608E-02
  6.3405E-03  3.0046E-02 -1.4469E-02
  5.8309E-03  3.4902E-02 -1.7213E-02
  8.1550E-03  3.5773E-02 -1.5830E-02
  5.1283E-03  1.6897E-02 -9.0520E-03
  4.8619E-03  1.7106E-02 -9.3599E-03
  7.2679E-03  1.3872E-02 -5.9288E-03
  9.4650E-03  1.0463E-02 -2.5751E-03
  1.0555E-02  6.3982E-03  2.3595E-04
  1.3613E-02  3.4744E-03  4.0234E-03
  1.7124E-02  3.3368E-03  6.8152E-03
  1.2579E-02  1.3771E-03  4.2349E-03
  1.3784E-02  1.3727E-02 -8.0147E-04
  1.6869E-02  1.6579E-02  2.1413E-04
  1.4041E-02  1.3073E-02 -2.8548E-04
  1.7825E-02  1.5943E-02  1.2635E-03
  1.6812E-02  1.4526E-02  1.1622E-03
  1.2596E-02  1.5867E-02 -2.7584E-03
  1.0762E-02  1.3710E-02 -3.1385E-03
  1.1147E-02  1.9087E-02 -5.4399E-03
  2.2571E-02  1.5557E-02  5.1334E-03
  2.5905E-02  1.9148E-02  5.9852E-03
  2.2902E-02  1.1190E-02  7.5016E-03
  2.7307E-02  1.0393E-02  1.1306E-02
  2.7309E-02  4.7036E-03  1.4059E-02
  2.8619E-02  4.1631E-03  1.5337E-02
  3.0547E-02  2.9474E-03  1.7421E-02
  2.9103E-02  1.2194E-02  1.1829E-02
  3.3209E-02  1.3807E-02  1.4236E-02
  2.6068E-02  1.2149E-02  9.4954E-03
  2.7512E-02  1.3744E-02  9.8451E-03
  2.5602E-02  9.3279E-03  1.0498E-02
  2.7073E-02  4.5495E-03  1.3950E-02
  2.0754E-02  8.1249E-03  7.3167E-03
  2.6109E-02  1.8509E-02  6.4519E-03
  2.7931E-02  2.0953E-02  6.6844E-03
  2.2979E-02  1.9930E-02  3.3359E-03
  2.1388E-02  2.4291E-02 -8.2168E-06
  1.8851E-02  2.2519E-02 -1.1201E-03
  1.9084E-02  2.5457E-02 -2.3595E-03
  8.2798E-03  1.1059E-02 -4.4268E-03
  6.5975E-03  9.3620E-03 -4.4752E-03
  7.5559E-03  6.5765E-03 -3.0656E-03
  6.6151E-03  4.9044E-03 -2.8264E-03
  7.8677E-03  2.2829E-03 -1.3595E-03
  6.6137E-03  3.1891E-04 -1.1381E-03
  1.0099E-02  2.1714E-03 -4.2529E-04
  3.7214E-03  9.1078E-03 -5.5328E-03
  3.2435E-03  8.9129E-03 -5.6523E-03
  1.8153E-03  9.1201E-03 -6.3003E-03
 -9.8789E-04  8.9355E-03 -7.3543E-03
 -2.7552E-03  9.2852E-03 -8.1906E-03
 -2.4109E-03  1.2158E-02 -9.1109E-03
 -4.6358E-03  1.3803E-02 -1.0607E-02
 -5.6705E-03  1.5071E-02 -1.1488E-02
 -5.3343E-03  1.3852E-02 -1.0905E-02
 -2.0422E-03  6.3836E-03 -6.8365E-03
 -1.1989E-03  4.1937E-03 -5.6924E-03
 -3.8512E-03  6.7421E-03 -7.6926E-03
 -5.0832E-03  4.5572E-03 -7.3811E-03
 -5.5192E-03  5.6167E-03 -7.9458E-03
 -3.0750E-03  7.0362E-03 -7.4902E-03
 -1.0454E-03  5.0957E-03 -5.9632E-03
 -3.9467E-03  8.0896E-03 -8.2272E-03
 -7.7464E-03  3.3932E-03 -8.0184E-03
 -8.8269E-03  4.6462E-03 -8.9123E-03
 -8.8533E-03  1.0520E-03 -7.5991E-03
 -1.1380E-02 -3.6428E-04 -8.0889E-03
 -1.0835E-02 -2.7348E-03 -6.9977E-03
 -9.9886E-03 -1.7374E-03 -7.0262E-03
 -8.7496E-03 -4.0476E-03 -5.6794E-03
 -1.3223E-02 -1.4919E-03 -8.4112E-03
 -1.2634E-02 -1.0360E-03 -8.3435E-03
 -1.5525E-02 -2.8718E-03 -8.8244E-03
 -1.7366E-02 -4.0909E-03 -9.1123E-03
 -2.0070E-02 -3.0230E-03 -1.0588E-02
 -2.0150E-02 -7.5348E-04 -1.1456E-02
 -2.0495E-02 -2.0775E-03 -1.1106E-02
 -1.7721E-02 -7.0595E-03 -8.1610E-03
 -1.7782E-02 -7.7926E-03 -7.9155E-03
 -1.7725E-02 -8.7539E-03 -7.5388E-03
 -1.8093E-02 -1.1652E-02 -6.6186E-03
 -1.7373E-02 -1.3117E-02 -5.7907E-03
 -1.5871E-02 -1.5536E-02 -4.2986E-03
 -1.5758E-02 -1.7292E-02 -3.6065E-03
 -1.4516E-02 -1.5827E-02 -3.6492E-03
 -1.1892E-02 -1.5350E-02 -2.7746E-03
 -1.1003E-02 -1.4001E-02 -2.9154E-03
 -1.0141E-02 -1.6171E-02 -1.7713E-03
 -2.1052E-02 -1.2472E-02 -7.5008E-03
 -2.2776E-02 -1.1055E-02 -8.7131E-03
 -2.1634E-02 -1.4718E-02 -6.9070E-03
 -2.4401E-02 -1.5680E-02 -7.6599E-03
 -2.4497E-02 -1.8164E-02 -6.7835E-03
 -2.7328E-02 -1.9646E-02 -7.3707E-03
 -2.9177E-02 -1.7844E-02 -8.7743E-03
 -2.8592E-02 -1.7463E-02 -8.6809E-03
 -2.9449E-02 -1.9942E-02 -8.1110E-03
 -2.6088E-02 -1.6401E-02 -8.0697E-03
 -2.8366E-02 -1.5787E-02 -9.2077E-03
 -2.4884E-02 -1.7659E-02 -7.1243E-03
 -2.6151E-02 -1.8506E-02 -7.3196E-03
 -2.4232E-02 -1.9916E-02 -6.0322E-03
 -2.3237E-02 -2.2296E-02 -4.7572E-03
 -2.0987E-02 -2.2887E-02 -3.6389E-03
 -2.4688E-02 -2.3573E-02 -4.8675E-03
 -2.6946E-02 -1.6111E-02 -8.5199E-03
 -2.9083E-02 -1.6292E-02 -9.3088E-03
 -2.5214E-02 -1.3868E-02 -8.6526E-03
 -2.5663E-02 -1.1411E-02 -9.7374E-03
 -2.3167E-02 -9.3607E-03 -9.4935E-03
 -2.0664E-02 -1.0493E-02 -8.0742E-03
 -1.8451E-02 -9.0730E-03 -7.7116E-03
 -2.0917E-02 -1.2778E-02 -7.3343E-03
 -2.8075E-02 -1.0166E-02 -1.1161E-02
 -2.9056E-02 -8.4925E-03 -1.2171E-02
 -2.9056E-02 -1.1023E-02 -1.1238E-02
 -3.1377E-02 -1.0020E-02 -1.2537E-02
 -3.2124E-02 -1.1542E-02 -1.2275E-02
 -3.1079E-02 -1.0057E-02 -1.2404E-02
 -3.3320E-02 -9.1353E-03 -1.3640E-02
 -3.2746E-02 -8.5740E-03 -1.3618E-02
 -3.5550E-02 -8.9409E-03 -1.4605E-02
 -3.3779E-02 -1.0284E-02 -1.3401E-02
 -3.4657E-02 -1.2473E-02 -1.2946E-02
 -2.2052E-02 -1.3733E-02  6.5843E-03
 -1.5171E-02 -1.3751E-02  9.4282E-03
 -1.3677E-02 -1.9510E-02  1.4941E-02
 -8.3010E-03 -2.0939E-02  1.8367E-02
 -7.8551E-03 -2.7125E-02  2.3812E-02
 -2.3452E-03 -2.8100E-02  2.6907E-02
 -1.2962E-02 -3.1007E-02  2.5014E-02
 -9.3996E-03 -8.9555E-03  7.7224E-03
 -4.8066E-03 -6.3527E-03  7.3968E-03
 -9.6591E-03 -7.7652E-03  6.6033E-03
 -4.4521E-03 -3.2001E-03  4.8611E-03
 -5.9180E-03 -3.1268E-03  4.1961E-03
 -1.5634E-03  2.0355E-03  1.5955E-03
 -5.8652E-03  4.7296E-03 -2.4647E-03
 -6.3660E-03  3.1441E-03 -1.3220E-03
 -8.7396E-03  8.4010E-03 -6.7693E-03
 -4.3752E-03  2.6423E-03 -7.6652E-05
  1.0895E-03  6.1962E-03 -8.5278E-04
 -1.0516E-02  3.6159E-03 -3.4297E-03
 -1.1296E-02  8.8882E-03 -8.2349E-03
 -1.8890E-02  9.0768E-03 -1.1517E-02
 -1.9895E-02  1.4672E-02 -1.6690E-02
 -2.1099E-02  8.3961E-03 -1.1847E-02
 -8.7586E-03  9.3348E-03 -7.5714E-03
 -4.6825E-03  1.3705E-02 -9.6129E-03
 -1.0806E-02  4.7227E-03 -4.4902E-03
 -8.7708E-03  4.6666E-03 -3.6057E-03
 -1.2234E-02 -1.0400E-03 -1.7568E-04
 -1.9967E-02 -2.0210E-03 -2.5206E-03
 -9.9881E-03 -1.0183E-03  7.2921E-04
 -9.6939E-04  5.8854E-03 -1.4349E-03
  2.1195E-03  9.8575E-03 -3.5435E-03
  2.2461E-03  2.5947E-03  2.6861E-03
  9.7094E-03  3.4694E-03  5.0106E-03
  1.2042E-02 -1.0733E-03  9.8336E-03
  1.0074E-02 -6.7484E-03  1.3851E-02
  1.5580E-02 -9.9798E-03  1.8864E-02
  1.5176E-02 -1.4475E-02  2.2522E-02
  1.2106E-02 -1.9897E-02  2.5871E-02
  1.1968E-02 -2.3712E-02  2.9059E-02
  9.1449E-03 -2.1487E-02  2.6006E-02
  1.3762E-02  9.4289E-03  1.6077E-03
  1.9359E-02  1.1625E-02  2.0413E-03
  1.0882E-02  1.2083E-02 -1.8342E-03
  1.4169E-02  1.7807E-02 -5.3513E-03
  1.0634E-02  1.9144E-02 -7.9419E-03
  1.5173E-02  2.0218E-02 -6.9896E-03
  1.0558E-02  1.9646E-02 -8.3998E-03
  4.5875E-03  2.2585E-02 -1.3355E-02
 -1.4195E-03  2.0357E-02 -1.3929E-02
  1.3661E-02  2.2080E-02 -9.1944E-03
  1.8690E-02  2.5964E-02 -1.0431E-02
  7.6204E-03  2.1402E-02 -1.1101E-02
  6.7744E-03  2.5199E-02 -1.4679E-02
 -4.6738E-04  2.3344E-02 -1.6079E-02
 -5.8943E-03  2.5368E-02 -2.0031E-02
 -1.1616E-02  2.6225E-02 -2.3112E-02
 -1.5618E-02  2.0872E-02 -2.0205E-02
 -2.1607E-02  1.7876E-02 -2.0119E-02
 -2.4861E-02  1.3044E-02 -1.7347E-02
 -2.4387E-02  1.9744E-02 -2.2850E-02
  1.1961E-02  2.5205E-02 -1.2552E-02
  1.4990E-02  2.9669E-02 -1.5103E-02
  1.2960E-02  2.0179E-02 -7.8654E-03
  1.7645E-02  1.9715E-02 -5.5450E-03
  1.6598E-02  1.3563E-02 -7.4307E-04
  9.8761E-03  1.0790E-02 -1.1479E-03
  9.7243E-03  1.3526E-02 -3.5369E-03
  9.2141E-03  4.3269E-03  4.0775E-03
  2.5148E-02  2.2362E-02 -4.7114E-03
  2.8917E-02  2.4895E-02 -5.3164E-03
  2.7476E-02  2.1815E-02 -3.2888E-03
  3.4733E-02  2.4446E-02 -2.5432E-03
  3.6852E-02  2.2802E-02 -2.7425E-04
  4.4303E-02  2.5961E-02  1.0223E-04
  3.2191E-02  2.4269E-02 -3.4377E-03
  3.5911E-02  3.0903E-02 -7.5517E-03
  4.0774E-02  3.3879E-02 -8.0832E-03
  3.1017E-02  3.2877E-02 -1.1242E-02
  3.0945E-02  3.8811E-02 -1.6320E-02
  2.4149E-02  3.9102E-02 -1.9361E-02
  2.4382E-02  4.4312E-02 -2.3696E-02
  2.0985E-02  4.8454E-02 -2.8617E-02
  2.4019E-02  5.3650E-02 -3.1788E-02
  1.5269E-02  4.6494E-02 -2.9299E-02
  3.1496E-02  4.1246E-02 -1.8164E-02
  3.5321E-02  4.6020E-02 -2.0652E-02
  3.3984E-02  3.6717E-02 -6.9620E-03
  3.0528E-02  3.4273E-02 -5.0008E-03
  2.7113E-02  3.1934E-02 -3.0540E-03
  2.3770E-02  2.8566E-02 -1.2739E-03
  2.4020E-02  2.3345E-02 -2.0447E-03
  2.1110E-02  2.0210E-02 -5.1880E-04
  1.7879E-02  2.2311E-02  1.8251E-03
  1.5044E-02  1.9140E-02  3.2982E-03
  1.7556E-02  2.7473E-02  2.6367E-03
  2.0505E-02  3.0586E-02  1.0828E-03
  3.2154E-02  3.0229E-02 -6.5285E-03
  3.1039E-02  2.9874E-02 -5.8453E-03
  3.4832E-02  2.7193E-02 -8.6230E-03
  3.6544E-02  2.3162E-02 -1.0205E-02
  3.8485E-02  1.9458E-02 -1.1898E-02
  3.5250E-02  1.6172E-02 -1.0179E-02
  3.4055E-02  1.6010E-02 -9.4204E-03
  3.0777E-02  1.2365E-02 -7.7153E-03
  3.0007E-02  1.0357E-02 -7.4488E-03
  3.2674E-02  1.2594E-02 -8.9214E-03
  3.9666E-02  2.4671E-02 -1.2058E-02
  3.9564E-02  2.2266E-02 -1.2272E-02
  4.2529E-02  2.8466E-02 -1.3476E-02
  4.5520E-02  3.0034E-02 -1.5237E-02
  4.8901E-02  3.4029E-02 -1.6969E-02
  4.7144E-02  3.9077E-02 -1.5239E-02
  5.0551E-02  4.3065E-02 -1.6989E-02
  5.3594E-02  4.1464E-02 -1.9153E-02
  5.0358E-02  4.7540E-02 -1.6342E-02
  4.3040E-02  3.2128E-02 -1.3382E-02
  4.4149E-02  3.1520E-02 -1.4173E-02
  3.9557E-02  3.4426E-02 -1.0851E-02
  3.6810E-02  3.6744E-02 -8.7956E-03
  3.4504E-02  4.0818E-02 -6.8220E-03
  3.1439E-02  4.3723E-02 -4.4921E-03
  2.9933E-02  4.8951E-02 -2.9040E-03
  2.4359E-02  4.7136E-02  5.0647E-04
  3.3663E-02  3.3035E-02 -7.1825E-03
  3.3064E-02  3.3448E-02 -6.7448E-03
  3.1933E-02  2.9205E-02 -6.5041E-03
  2.8826E-02  2.5585E-02 -4.9073E-03
  2.5268E-02  2.4199E-02 -2.7565E-03
  2.1319E-02  2.2123E-02 -4.3173E-04
  2.4217E-02  2.8695E-02 -1.5496E-03
  3.0468E-02  2.0815E-02 -6.5296E-03
  2.8256E-02  1.8194E-02 -5.3980E-03
  3.4362E-02  1.9696E-02 -9.1910E-03
  3.6146E-02  1.5176E-02 -1.0877E-02
  4.0713E-02  1.4733E-02 -1.3896E-02
  3.6028E-02  1.4851E-02 -1.0838E-02
  3.4432E-02  1.1037E-02 -1.0245E-02
  3.7663E-02  1.8819E-02 -1.1438E-02
  4.0240E-02  2.3376E-02 -1.2582E-02
  4.0534E-02  2.6513E-02 -1.2407E-02
  4.0655E-02  2.2727E-02 -1.2927E-02
  3.7508E-02  1.8453E-02 -1.1380E-02
  3.3065E-02  1.8688E-02 -8.4654E-03
  3.2324E-02  1.6922E-02 -8.1898E-03
  3.0064E-02  2.0653E-02 -6.2864E-03
  2.5687E-02  2.0890E-02 -3.4139E-03
  2.3268E-02  2.4338E-02 -1.4406E-03
  1.8704E-02  2.4743E-02  1.5725E-03
  1.6825E-02  2.8252E-02  3.2024E-03
  1.8442E-02  2.6687E-02  1.9692E-03
  2.3486E-02  1.5635E-02 -2.5958E-03
  2.1095E-02  1.4128E-02 -1.2178E-03
  2.4334E-02  1.2826E-02 -3.4747E-03
  2.2538E-02  7.6775E-03 -2.9074E-03
  2.4022E-02  5.2571E-03 -4.1539E-03
  2.2150E-02 -1.8246E-04 -3.5707E-03
  2.2750E-02  8.3481E-03 -2.9668E-03
  1.8053E-02  9.0809E-03  1.7102E-04
  2.4280E-02  4.7940E-03 -4.3755E-03
  2.1921E-02  1.8322E-03 -3.1876E-03
  2.8447E-02  5.7153E-03 -6.9759E-03
  3.0610E-02  3.2367E-03 -8.6701E-03
  2.8880E-02  4.6961E-03 -7.3759E-03
  2.8562E-02  1.6857E-03 -7.5203E-03
  2.5177E-02  1.1773E-02 -3.1454E-03
  2.1536E-02  1.2634E-02  1.3752E-03
  2.3957E-02  1.6418E-02  5.9066E-03
  2.0227E-02  1.7506E-02  1.0896E-02
  1.9757E-02  1.8636E-02  1.3243E-02
  1.6374E-02  1.9688E-02  1.7878E-02
  1.3428E-02  1.9600E-02  2.0179E-02
  1.0269E-02  2.0784E-02  2.4857E-02
  1.3804E-02  1.8452E-02  1.7878E-02
  1.7182E-02  1.7433E-02  1.3302E-02
  1.6622E-02  1.0549E-02  1.8569E-03
  1.2268E-02  8.8533E-03  2.5458E-03
  1.7312E-02  1.0695E-02  1.5355E-03
  1.2846E-02  8.8120E-03  1.9928E-03
  1.4383E-02  9.9321E-03  2.6523E-03
  1.4622E-02  1.3149E-02  8.0207E-03
  1.9100E-02  1.5989E-02  9.2077E-03
  1.9376E-02  1.9035E-02  1.4249E-02
  1.5156E-02  1.9255E-02  1.8144E-02
  1.5556E-02  2.2311E-02  2.3100E-02
  1.0678E-02  1.6468E-02  1.7047E-02
  1.0412E-02  1.3407E-02  1.1971E-02
  9.7714E-03  4.9593E-03 -2.1151E-03
  5.1858E-03  3.2470E-03 -1.2616E-03
  1.2189E-02  3.5456E-03 -6.5736E-03
  9.1642E-03 -1.5432E-04 -1.0459E-02
  1.2597E-02 -1.5007E-03 -1.5646E-02
  1.5603E-02 -8.7652E-04 -1.7068E-02
  5.7729E-03 -1.0305E-03 -9.1529E-03
  1.3128E-03 -3.5596E-03 -9.8173E-03
  7.8554E-03  1.0359E-03 -7.3101E-03
  4.7942E-03  3.5716E-04 -5.9368E-03
  8.0526E-03  2.7598E-03 -4.4909E-03
  9.5208E-03  1.0683E-03 -8.6403E-03
  1.1619E-02  3.1717E-03 -6.7462E-03
  1.3541E-02  1.6294E-03 -1.1016E-02
  1.6368E-02  3.9004E-03 -9.4388E-03
  2.1828E-04  5.8997E-04 -1.7251E-03
 -4.0439E-03 -1.3795E-03 -1.5859E-03
  1.0784E-03  2.9552E-03  1.6523E-03
 -3.0390E-03  3.3997E-03  5.8486E-03
 -7.2062E-04  6.5687E-03  9.4031E-03
  2.0422E-03  9.7950E-03  1.2687E-02
 -1.6964E-03  1.0019E-02  1.6186E-02
 -7.6910E-04  1.0447E-02  1.6156E-02
 -5.6659E-03  9.6680E-03  1.8883E-02
 -7.1088E-03  2.8448E-04  3.8449E-03
 -1.1809E-02 -1.0413E-03  5.4631E-03
 -5.2589E-03 -8.7866E-04  2.9222E-04
 -8.6761E-03 -3.8268E-03 -1.9654E-03
 -5.4484E-03 -4.4883E-03 -5.7967E-03
 -1.2173E-02 -6.8991E-03 -4.3717E-03
 -1.6881E-02 -8.7272E-03 -3.6166E-03
 -9.8442E-03 -7.4117E-03 -7.1971E-03
 -1.2650E-02 -1.0232E-02 -9.7418E-03
 -8.8220E-03 -1.0464E-02 -1.3331E-02
 -6.0042E-03 -1.2033E-02 -1.8391E-02
 -1.2652E-03 -1.1499E-02 -2.1412E-02
  2.6653E-03 -1.0979E-02 -2.3783E-02
 -1.4708E-03 -1.1629E-02 -2.1465E-02
 -1.6422E-02 -9.7991E-03 -5.8541E-03
 -2.0477E-02 -1.2267E-02 -6.7493E-03
 -1.5110E-02 -6.6493E-03 -1.4946E-03
 -1.8430E-02 -5.9421E-03  2.4926E-03
 -1.5311E-02 -2.2858E-03  6.2235E-03
 -2.2934E-02 -6.5951E-03  5.1115E-03
 -2.6512E-02 -6.4814E-03  8.2866E-03
 -2.2667E-02 -7.1686E-03  3.8964E-03
 -2.6792E-02 -7.8482E-03  6.1541E-03
 -2.6358E-02 -4.7059E-03  1.1231E-02
 -2.9914E-02 -4.9633E-03  1.3745E-02
 -2.1897E-02 -1.7417E-03  1.2647E-02
 -2.0945E-02  1.5067E-03  1.7477E-02
 -1.7010E-02  4.4095E-03  1.9225E-02
 -1.9408E-02  4.4571E-03  2.1303E-02
 -1.6774E-02  4.6892E-03  1.9512E-02
 -2.3524E-02  4.3310E-03  2.4511E-02
 -1.9100E-02  2.4662E-03  1.7602E-02
 -1.9181E-02  4.7676E-03  2.1652E-02
 -8.4288E-03  2.3407E-03  8.3288E-03
 -8.2308E-03  2.5559E-03  8.4006E-03
 -6.8686E-03  3.8088E-03  8.6600E-03
 -5.4892E-03  3.7316E-03  7.5328E-03
 -6.7605E-03  4.0886E-03  8.8668E-03
 -8.0261E-03  1.4343E-03  7.0870E-03
 -8.0236E-03  6.0515E-04  6.2289E-03
 -7.9689E-03  1.3443E-03  6.9506E-03
 -7.7295E-03  3.1370E-04  5.7047E-03
 -8.9711E-03 -4.8380E-04  5.8240E-03
 -1.0441E-02 -1.3045E-03  6.0928E-03
 -1.1452E-02 -6.2489E-04  7.5620E-03
 -1.2488E-02 -9.2676E-04  8.0371E-03
 -1.3453E-02 -2.4719E-04  9.4713E-03
 -6.2952E-03  9.3248E-04  5.2545E-03
 -6.0254E-03  1.8591E-03  6.0063E-03
 -5.3538E-03  4.4839E-04  4.0397E-03
 -3.9623E-03  9.8192E-04  3.5339E-03
 -2.7383E-03  1.3559E-03  2.9906E-03
 -1.2912E-03  1.5852E-03  2.1285E-03
 -8.1333E-04  6.4074E-04  7.9039E-04
  4.6406E-04  7.8181E-04 -3.3957E-05
  1.2938E-03  1.8722E-03  4.6197E-04
  2.5455E-03  1.9305E-03 -4.2842E-04
  8.6192E-04  2.8482E-03  1.7977E-03
 -4.3806E-04  2.7007E-03  2.6325E-03
 -3.9430E-03 -2.0789E-05  2.4838E-03
 -4.5494E-03 -1.1533E-03  1.7749E-03
 -3.3009E-03  3.6475E-04  2.3944E-03
 -3.2476E-03 -5.7683E-04  1.3816E-03
 -4.6158E-03 -1.1209E-03  1.8588E-03
 -1.8901E-03  9.2795E-07  9.4735E-04
 -1.4307E-03  1.1069E-03  1.7405E-03
 -1.2149E-03 -7.2577E-04 -3.1572E-04
  1.0030E-04 -2.7017E-04 -8.4400E-04
  1.2223E-03 -6.6460E-04 -2.1033E-03
  2.5980E-03 -2.8048E-04 -2.7513E-03
  4.0077E-03  4.9465E-04 -3.0214E-03
  4.2512E-03 -2.2948E-04 -3.9541E-03
  3.4847E-03 -1.4981E-04 -3.2897E-03
 -3.4292E-04 -8.3565E-04 -1.0914E-03
 -1.1102E-03 -1.9814E-03 -1.6918E-03
  1.9743E-04 -3.6219E-05 -6.7619E-04
 -1.9109E-04 -4.1568E-04 -7.7299E-04
 -8.3308E-04  4.6594E-04  6.2489E-04
 -2.4051E-03  3.5138E-05  1.3738E-03
 -7.3428E-04  4.9440E-04  5.7925E-04
  1.1270E-03 -3.2132E-04 -1.6765E-03
  2.2613E-03  6.6892E-04 -1.5153E-03
  9.9520E-04 -1.3514E-03 -2.6401E-03
  2.2156E-03 -1.3249E-03 -3.5394E-03
  2.0152E-03 -2.6868E-03 -4.7936E-03
  3.3800E-03 -2.7237E-03 -5.8680E-03
  3.2068E-03 -3.6541E-03 -6.6973E-03
  4.6252E-03 -1.8517E-03 -5.9132E-03
  2.2606E-03 -5.9945E-04 -2.8245E-03
  1.3188E-03 -1.0593E-03 -2.5842E-03
  3.3149E-03  5.6782E-04 -2.4198E-03
  3.4534E-03  1.3423E-03 -1.7252E-03
  4.2055E-03  1.0376E-03 -2.6110E-03
  4.4937E-03  1.6762E-03 -2.1704E-03
  4.5507E-03  7.2162E-05 -3.8700E-03
  5.2778E-03 -3.2053E-04 -4.8277E-03
  6.3193E-03 -8.0585E-04 -6.1197E-03
  7.3654E-03  1.7196E-04 -5.9043E-03
  5.4765E-03 -1.9733E-03 -6.6852E-03
  4.1748E-03 -1.3858E-03 -5.0901E-03
  4.5848E-03 -1.9894E-03 -6.0248E-03
  2.7688E-03 -1.6774E-03 -4.3236E-03
  1.6274E-03 -2.6606E-03 -4.4721E-03
  2.6746E-04 -3.3746E-03 -4.1766E-03
  3.4205E-04 -4.3131E-03 -5.2023E-03
 -1.1407E-03 -4.9680E-03 -4.7527E-03
 -1.2247E-03 -5.9392E-03 -5.6918E-03
 -2.7744E-03 -6.6515E-03 -5.2505E-03
  1.1490E-03 -2.0847E-03 -3.5140E-03
  1.4698E-03 -9.3668E-04 -2.5722E-03
  7.9425E-04 -2.9454E-03 -2.1659E-03
  5.0864E-04 -3.6752E-03 -3.1458E-03
 -4.6127E-04 -3.8921E-03 -3.1760E-03
 -4.5333E-05 -3.4480E-03 -2.6511E-03
  5.9425E-04 -2.7742E-03 -1.8573E-03
 -1.3769E-04 -2.2683E-03 -9.0389E-04
 -9.3586E-04 -2.3280E-03 -7.5550E-04
  1.3537E-04 -1.7777E-03 -2.6898E-04
 -4.8801E-04 -1.2590E-03  6.7111E-04
 -1.0513E-04 -8.3706E-04  1.1735E-03
  1.0743E-03 -4.0899E-04  1.4499E-03
 -9.0883E-04 -3.9581E-04  2.0538E-03
 -1.7575E-03 -1.5563E-03  6.1193E-04
 -2.4059E-03 -1.2883E-03  1.1939E-03
 -2.0991E-03 -2.1367E-03 -1.3368E-04
 -3.2924E-03 -2.4794E-03 -2.8138E-04
 -3.4796E-03 -3.0243E-03 -1.0208E-03
 -3.7296E-03 -2.7649E-03 -5.6888E-04
 -4.7478E-03 -2.8598E-03 -4.0694E-04
 -2.9854E-03 -2.9295E-03 -1.0283E-03
 -3.3764E-03 -3.1911E-03 -1.2944E-03
 -2.6376E-03 -3.6168E-03 -2.1330E-03
 -3.2838E-03 -4.1034E-03 -2.6519E-03
 -2.6862E-03 -4.6439E-03 -3.6162E-03
 -2.9010E-03 -4.9139E-03 -3.9466E-03
 -2.0114E-03 -4.8018E-03 -4.0455E-03
 -3.4359E-03 -2.6204E-03 -4.4470E-04
 -4.2833E-03 -2.6476E-03 -2.3456E-04
 -2.5751E-03 -2.0851E-03  8.2019E-05
 -2.5618E-03 -1.4999E-03  9.3131E-04
 -1.5329E-03 -9.3961E-04  1.4449E-03
 -4.6519E-04 -1.1659E-03  8.0021E-04
 -1.5711E-03 -3.4764E-04  2.3193E-03
 -3.6224E-03 -1.2408E-03  1.6218E-03
 -4.2070E-03 -1.1051E-03  1.9921E-03
 -3.8669E-03 -1.1842E-03  1.7764E-03
 -4.8584E-03 -9.6038E-04  2.3952E-03
 -4.8964E-03 -9.8310E-04  2.3732E-03
 -5.7626E-03 -6.6881E-04  3.0869E-03
 -6.6810E-03 -1.1977E-03  2.5866E-03
 -6.7299E-03 -1.0885E-03  2.7602E-03
 -7.6136E-03 -9.4916E-04  3.2239E-03
 -7.5816E-03 -8.5808E-04  3.3473E-03
 -8.5324E-03 -8.9981E-04  3.5668E-03
 -5.9170E-03 -1.4165E-03  2.0422E-03
 -6.6607E-03 -1.1841E-03  2.6004E-03
 -5.9652E-03 -2.0671E-03  1.1078E-03
 -6.9181E-03 -2.5475E-03  6.8834E-04
 -6.7619E-03 -3.2471E-03 -3.7783E-04
 -6.9918E-03 -2.3922E-03  9.3650E-04
 -7.8987E-03 -2.3667E-03  1.2410E-03
 -6.0334E-03 -2.2817E-03  8.1500E-04
 -6.0137E-03 -2.1222E-03  1.0418E-03
 -4.8309E-03 -2.0264E-03  8.3264E-04
 -4.5098E-03 -2.6742E-03 -2.0646E-04
 -3.4790E-03 -2.6513E-03 -4.7714E-04
 -5.2746E-03 -3.1992E-03 -7.4649E-04
 -6.4332E-03 -1.4966E-03  2.0776E-03
 -7.0981E-03 -1.4878E-03  2.2866E-03
 -6.0473E-03 -9.7524E-04  2.7240E-03
 -6.3950E-03 -3.5222E-04  3.7350E-03
 -5.8121E-03  1.4738E-04  4.2916E-03
 -4.6121E-03  4.1982E-04  4.3350E-03
 -4.6326E-03  6.1475E-04  4.6253E-03
 -4.0816E-03  1.0146E-03  5.0458E-03
 -7.6631E-03 -4.2078E-04  4.0089E-03
 -8.1286E-03 -8.0352E-05  4.6425E-03
 -8.2323E-03 -8.5603E-04  3.5421E-03
 -9.4464E-03 -9.5889E-04  3.7501E-03
 -9.8732E-03 -1.3673E-03  3.2804E-03
 -9.5279E-03 -9.8675E-04  3.7335E-03
 -1.0230E-02 -1.2966E-03  3.4886E-03
 -9.7891E-03 -1.6206E-03  2.8863E-03
 -1.1213E-02 -1.2097E-03  3.9053E-03
 -1.0021E-02 -1.2986E-03  3.4243E-03
 -1.0885E-02 -1.1626E-03  3.8771E-03
 -9.3390E-03 -1.3364E-03  2.5590E-03
 -9.6174E-03 -1.5681E-03  2.3286E-03
 -9.1201E-03 -2.4258E-03  1.4817E-03
 -9.8110E-03 -3.1549E-03  7.5718E-04
 -9.0319E-03 -3.8001E-03  1.2172E-04
 -8.0773E-03 -4.1679E-03 -2.3844E-04
 -7.2622E-03 -4.7182E-03 -7.7977E-04
 -9.1754E-03 -9.3037E-04  2.9616E-03
 -9.4030E-03 -9.9384E-04  2.8979E-03
 -8.5224E-03 -3.2482E-04  3.5637E-03
 -8.0553E-03  3.2552E-04  4.2093E-03
 -6.7529E-03  5.2109E-04  4.4083E-03
 -6.3984E-03  1.3705E-03  5.2505E-03
 -5.9363E-03 -1.4851E-04  3.7488E-03
 -4.6864E-03 -2.8905E-05  3.8723E-03
 -8.7602E-03  1.1166E-03  4.9895E-03
 -9.0171E-03  1.5364E-03  5.4040E-03
 -9.1105E-03  1.2911E-03  5.1608E-03
 -9.7320E-03  2.0465E-03  5.9059E-03
 -9.2974E-03  2.3465E-03  6.2046E-03
 -7.9947E-03  2.4525E-03  6.3149E-03
 -7.6944E-03  3.1527E-03  7.0092E-03
 -7.5437E-03  2.5855E-03  6.4485E-03
 -1.1055E-02  2.0257E-03  5.8799E-03
 -1.1631E-02  2.6108E-03  6.4567E-03
 -1.1530E-02  1.3697E-03  5.2287E-03
 -1.2782E-02  1.3017E-03  5.1562E-03
 -1.3175E-02  1.8519E-03  5.6992E-03
 -1.3522E-02  2.5708E-03  6.4093E-03
 -1.3092E-02  1.5767E-03  5.4271E-03
