 -1.9487E-03 -5.4919E-03  8.4364E-03
 -1.9009E-03 -5.6043E-03  8.6073E-03
 -1.8861E-03 -5.7509E-03  8.4183E-03
 -1.8395E-03 -5.8695E-03  8.5649E-03
 -1.8750E-03 -5.6280E-03  8.7800E-03
 -1.9115E-03 -5.5773E-03  8.5735E-03
 -1.8295E-03 -5.7983E-03  8.8058E-03
 -1.7948E-03 -5.9784E-03  8.7167E-03
 -1.8109E-03 -5.7480E-03  9.0748E-03
 -1.7434E-03 -5.9199E-03  9.2876E-03
 -1.7612E-03 -5.7619E-03  9.4747E-03
 -1.7854E-03 -5.7228E-03  9.3501E-03
 -1.8232E-03 -5.5014E-03  9.5010E-03
 -1.8415E-03 -5.4774E-03  9.3946E-03
 -1.8429E-03 -5.4024E-03  9.5447E-03
 -1.8599E-03 -5.3905E-03  9.4239E-03
 -1.8271E-03 -5.3418E-03  9.8128E-03
 -1.6967E-03 -6.0295E-03  9.4551E-03
 -1.7185E-03 -5.8782E-03  9.5931E-03
 -1.6316E-03 -6.2953E-03  9.4439E-03
 -1.5836E-03 -6.4251E-03  9.5788E-03
 -1.5809E-03 -6.5411E-03  9.3520E-03
 -1.5242E-03 -6.7133E-03  9.4702E-03
 -1.6567E-03 -6.3132E-03  9.1880E-03
 -1.6648E-03 -6.4095E-03  8.9104E-03
 -1.5062E-03 -6.6505E-03  9.7617E-03
 -1.4805E-03 -6.7849E-03  9.6940E-03
 -1.4729E-03 -6.6713E-03  1.0005E-02
 -1.3970E-03 -6.8859E-03  1.0198E-02
 -1.3914E-03 -6.7693E-03  1.0499E-02
 -1.4226E-03 -6.6325E-03  1.0524E-02
 -1.4260E-03 -6.4933E-03  1.0796E-02
 -1.3117E-03 -6.9915E-03  1.0708E-02
 -1.3584E-03 -7.0495E-03  1.0179E-02
 -1.3855E-03 -6.9312E-03  1.0200E-02
 -1.2993E-03 -7.3137E-03  1.0119E-02
 -1.2583E-03 -7.4912E-03  1.0091E-02
 -1.2472E-03 -7.6614E-03  9.8186E-03
 -1.2217E-03 -7.8170E-03  9.7031E-03
 -1.2193E-03 -7.9544E-03  9.4278E-03
 -1.2728E-03 -7.6306E-03  9.6636E-03
 -1.1836E-03 -7.6763E-03  1.0337E-02
 -1.1381E-03 -7.8436E-03  1.0369E-02
 -1.1719E-03 -7.6424E-03  1.0511E-02
 -1.1019E-03 -7.8095E-03  1.0756E-02
 -1.1160E-03 -7.6341E-03  1.1013E-02
 -1.1632E-03 -7.3967E-03  1.1117E-02
 -1.1334E-03 -7.4831E-03  1.1189E-02
 -1.1644E-03 -7.2759E-03  1.1368E-02
 -1.0545E-03 -8.0196E-03  1.0712E-02
 -1.0831E-03 -7.9741E-03  1.0563E-02
 -9.8214E-04 -8.2451E-03  1.0851E-02
 -9.3453E-04 -8.4498E-03  1.0821E-02
 -8.5384E-04 -8.7000E-03  1.0979E-02
 -8.3054E-04 -8.7856E-03  1.0995E-02
 -8.1017E-04 -8.8213E-03  1.1094E-02
 -7.3117E-04 -9.0642E-03  1.1253E-02
 -6.9633E-04 -9.1393E-03  1.1392E-02
 -6.9463E-04 -9.2964E-03  1.1068E-02
 -7.2514E-04 -9.2903E-03  1.0817E-02
 -6.3266E-04 -9.4903E-03  1.1185E-02
 -5.9380E-04 -9.7243E-03  1.1016E-02
 -5.3014E-04 -9.8848E-03  1.1220E-02
 -5.2335E-04 -9.7806E-03  1.1504E-02
 -6.0238E-04 -9.4856E-03  1.1457E-02
 -5.6435E-04 -9.8868E-03  1.0919E-02
 -5.2469E-04 -9.9671E-03  1.1089E-02
 -5.8699E-04 -9.9218E-03  1.0648E-02
 -5.6283E-04 -1.0070E-02  1.0536E-02
 -6.2208E-04 -9.8942E-03  1.0404E-02
 -6.1391E-04 -9.9978E-03  1.0251E-02
  1.1405E-03 -1.1284E-02  1.4454E-02
  2.5949E-04 -8.0652E-03  1.2710E-02
 -2.2881E-03 -6.2198E-03  1.4519E-02
  1.9498E-03 -7.3272E-03  9.7071E-03
  1.6862E-03 -4.8454E-03  7.7910E-03
  3.6391E-03 -9.4416E-03  9.3250E-03
  5.3168E-03 -8.9399E-03  6.5570E-03
  4.2380E-03 -6.6460E-03  5.9346E-03
  4.6666E-03 -4.6303E-03  3.4943E-03
  2.8897E-03 -6.9352E-03  8.0545E-03
  1.8179E-03 -4.8180E-03  7.5847E-03
 -2.4342E-04 -4.9341E-03  1.0526E-02
  4.6804E-04 -8.0967E-03  1.2452E-02
 -1.4920E-03 -8.0439E-03  1.5099E-02
 -4.5608E-04 -1.1012E-02  1.6399E-02
 -1.1374E-04 -1.3646E-02  1.8347E-02
  3.7982E-03 -5.5943E-03  5.5738E-03
  3.6029E-03 -3.6778E-03  4.0827E-03
  5.7331E-03 -8.4220E-03  5.5089E-03
  7.7876E-03 -9.4770E-03  3.6518E-03
  8.9537E-03 -7.6708E-03  3.8962E-04
  1.0007E-02 -7.3823E-03 -1.3246E-03
  8.6481E-03 -6.2947E-03 -4.5355E-04
  9.7107E-03 -4.5061E-03 -3.5572E-03
  9.0735E-03 -3.1193E-03 -3.9542E-03
  9.7237E-03 -5.6153E-03 -2.5567E-03
  6.5318E-03 -7.3354E-04 -2.6489E-03
  8.9913E-03 -1.9313E-03 -4.9320E-03
  1.0386E-02 -1.1183E-03 -7.5967E-03
  6.8669E-03 -7.5068E-04 -3.0940E-03
  6.0390E-03  1.7463E-03 -4.2481E-03
  3.4144E-03  4.2197E-03 -2.9093E-03
  2.9303E-03  7.4219E-03 -5.1836E-03
  4.3736E-03  7.7103E-03 -7.4335E-03
  5.9408E-03  8.4283E-03 -1.0248E-02
  4.0113E-03  7.4279E-03 -6.6759E-03
  6.3211E-03  8.1722E-04 -3.7829E-03
  5.7997E-03  2.6828E-03 -4.7788E-03
  7.3460E-03 -2.1188E-03 -2.4969E-03
  7.6693E-03 -3.2871E-03 -1.8689E-03
  8.4996E-03 -6.5783E-03  1.1043E-05
  9.3562E-03 -2.8624E-03 -4.5789E-03
  8.6887E-03 -1.7148E-03 -4.7145E-03
  1.1553E-02 -3.8195E-03 -6.7218E-03
  1.3253E-02 -3.4222E-03 -9.4252E-03
  1.5549E-02 -4.3831E-03 -1.1700E-02
  1.7724E-02 -7.5371E-03 -1.1796E-02
  2.0055E-02 -8.0101E-03 -1.4567E-02
  2.1541E-02 -1.0643E-02 -1.4194E-02
  2.0518E-02 -6.0187E-03 -1.7033E-02
  1.2093E-02 -1.2972E-04 -1.0852E-02
  1.2468E-02  5.2170E-04 -1.1966E-02
  1.0696E-02  1.9571E-03 -1.0847E-02
  9.4954E-03  5.2068E-03 -1.2179E-02
  8.1163E-03  7.1202E-03 -1.2039E-02
  6.1915E-03  1.0427E-02 -1.2428E-02
  3.7280E-03  1.1544E-02 -1.0066E-02
  1.9238E-03  1.4538E-02 -1.0333E-02
  2.5739E-03  1.6453E-02 -1.2986E-02
  5.0362E-03  1.5379E-02 -1.5386E-02
  6.8243E-03  1.2381E-02 -1.5092E-02
  7.7955E-03  6.0894E-03 -1.0652E-02
  7.9251E-03  7.4391E-03 -1.2069E-02
  6.2430E-03  5.2325E-03 -7.7295E-03
  4.5379E-03  5.8866E-03 -5.9850E-03
  2.9536E-03  4.7186E-03 -2.7335E-03
  1.2428E-03  5.1533E-03 -7.7971E-04
  1.4446E-03  6.5224E-03 -2.3143E-03
  1.7822E-04  5.2207E-03  6.2263E-04
  5.8312E-03  4.5686E-03 -6.5537E-03
  5.1835E-03  6.2027E-03 -7.1631E-03
  1.3712E-03  3.9995E-03 -5.4263E-03
  1.9698E-03  3.3153E-03 -3.8368E-03
  2.8210E-03  4.4104E-03 -3.2938E-03
  2.4244E-03  4.5277E-03 -4.0678E-03
  3.4372E-03  6.2878E-03 -3.8014E-03
  4.0311E-03  5.5601E-03 -2.1838E-03
  2.4866E-03  3.0854E-03 -2.7641E-03
  2.3845E-03  1.7827E-03 -1.8565E-03
  2.9888E-03  4.3335E-03 -2.9436E-03
  3.5251E-03  4.3192E-03 -2.0167E-03
  4.1542E-03  5.9870E-03 -2.3282E-03
  4.7909E-03  6.1207E-03 -1.3528E-03
  5.9066E-03  7.6113E-03 -6.8690E-04
  6.5861E-03  7.5875E-03  4.9227E-04
  6.1051E-03  8.7966E-03 -1.3324E-03
  2.8032E-03  3.1082E-03 -2.2428E-03
  3.1251E-03  2.4937E-03 -1.1833E-03
  1.8246E-03  2.7318E-03 -3.6000E-03
  1.1185E-03  1.5942E-03 -3.8602E-03
  2.8957E-04  1.9447E-03 -5.5656E-03
 -1.2692E-04  1.4826E-03 -5.8925E-03
  7.6639E-04  2.4088E-03 -5.1374E-03
  3.7543E-04  1.9433E-03 -5.4179E-03
 -5.8993E-05  2.1938E-04 -4.7277E-03
  5.9319E-04 -1.6556E-04 -3.2952E-03
  4.2744E-04 -1.2152E-03 -2.7065E-03
  3.6868E-04 -4.7604E-04 -3.4205E-03
 -1.6178E-04 -2.0991E-03 -2.9779E-03
 -1.1688E-03 -2.4990E-03 -4.3640E-03
 -1.8391E-03 -2.1657E-03 -5.7844E-03
 -1.6837E-03 -6.5679E-04 -6.7722E-03
 -2.1589E-03 -2.3115E-04 -7.9365E-03
 -2.8099E-03 -1.3264E-03 -8.1377E-03
 -3.2034E-03 -8.3244E-04 -9.2195E-03
 -3.0016E-03 -2.8609E-03 -7.1907E-03
 -2.5141E-03 -3.2720E-03 -6.0176E-03
  5.1708E-04 -2.4605E-03 -1.5194E-03
  1.9793E-04 -3.8405E-03 -9.1811E-04
  1.4511E-03 -1.2382E-03 -9.4078E-04
  2.1023E-03 -1.5422E-03  4.2278E-04
  1.6201E-03 -2.1553E-03  1.0907E-04
  1.5369E-03 -3.3557E-03  9.6409E-04
  1.3555E-03 -1.2670E-03 -1.0799E-03
  8.6393E-04 -1.6730E-03 -1.5816E-03
 -3.4547E-04 -2.3299E-03 -3.0996E-03
 -9.1782E-04 -3.6766E-03 -2.9579E-03
 -5.1401E-04 -1.0312E-03 -4.4656E-03
 -1.6049E-03 -1.6577E-03 -5.8067E-03
  1.4407E-03 -1.5014E-04 -1.8620E-03
  1.9019E-03  1.1658E-03 -2.1677E-03
  1.4649E-03 -3.1017E-04 -1.6878E-03
  1.2199E-03 -1.7772E-03 -8.8757E-04
  1.4683E-03 -1.2368E-03 -9.1251E-04
  2.3697E-03  4.6660E-04 -7.8891E-04
  1.9945E-03  1.0680E-03 -1.9285E-03
  1.2816E-03  1.5401E-03 -3.5369E-03
  3.2469E-04  5.9069E-04 -4.3813E-03
  1.7690E-03  2.9905E-03 -3.9097E-03
  1.2054E-03  3.6199E-03 -5.3939E-03
  1.7513E-03  5.4085E-03 -5.9477E-03
  1.2460E-03  6.1559E-03 -7.4305E-03
  1.8762E-03  7.9638E-03 -7.8565E-03
  1.7669E-03  8.7606E-03 -8.7045E-03
  2.4508E-03  8.6376E-03 -7.4355E-03
  1.2079E-03  3.3746E-03 -5.1861E-03
  2.0335E-03  3.9228E-03 -4.2325E-03
  2.7531E-04  2.5208E-03 -6.0683E-03
  1.5918E-04  2.1894E-03 -5.9912E-03
 -6.6011E-04  3.8992E-04 -5.8949E-03
 -8.4444E-04  8.1069E-05 -5.9530E-03
 -3.3426E-04 -6.5763E-04 -4.4691E-03
 -1.2367E-03 -2.3996E-03 -4.5623E-03
 -2.9355E-04  3.0898E-03 -7.5114E-03
 -1.0028E-03  3.0749E-03 -8.7092E-03
  1.3713E-04  3.9186E-03 -7.4648E-03
 -2.7726E-04  4.7525E-03 -8.8643E-03
  4.2098E-04  6.5441E-03 -9.1606E-03
  1.1569E-03  7.3655E-03 -8.5870E-03
 -2.8025E-04  4.3338E-03 -8.5217E-03
  3.8883E-04  4.1173E-03 -7.2003E-03
  6.5500E-03  1.4413E-02 -1.3661E-02
  6.6678E-03  1.2526E-02 -1.0933E-02
  4.9993E-03  1.3002E-02 -7.2497E-03
  2.8278E-03  1.6487E-02 -7.0775E-03
  5.4052E-03  1.1910E-02 -6.5718E-03
  8.8651E-03  9.0589E-03 -1.1203E-02
  9.4070E-03  7.6259E-03 -1.0337E-02
  1.0172E-02  7.7459E-03 -1.2571E-02
  1.2275E-02  4.4676E-03 -1.2895E-02
  1.3507E-02  4.0500E-03 -1.5507E-02
  1.4662E-02  1.8053E-03 -1.4968E-02
  1.3200E-02  6.2850E-03 -1.8292E-02
  1.4327E-02  6.1207E-03 -2.1030E-02
  1.3977E-02  8.6687E-03 -2.4205E-02
  1.5237E-02  7.9090E-03 -2.6343E-02
  1.4588E-02  1.0167E-02 -2.8251E-02
  1.6877E-02  5.0966E-03 -2.6180E-02
  1.3575E-02  6.6085E-03 -1.9812E-02
  1.4802E-02  4.9762E-03 -2.0454E-02
  1.1515E-02  8.9619E-03 -1.8113E-02
  1.0427E-02  9.9077E-03 -1.6737E-02
  8.1051E-03  1.2684E-02 -1.5020E-02
  6.7621E-03  1.4548E-02 -1.4444E-02
  4.2690E-03  1.7787E-02 -1.3017E-02
  3.9135E-03  1.5756E-02 -8.7942E-03
  1.1035E-02  7.2947E-03 -1.4145E-02
  1.1366E-02  6.8013E-03 -1.4232E-02
  1.1091E-02  5.7306E-03 -1.1771E-02
  1.1704E-02  3.0969E-03 -9.1604E-03
  1.1742E-02  1.6804E-03 -6.9791E-03
  9.8303E-03  2.7052E-03 -3.5323E-03
  9.5529E-03  1.7318E-03 -1.2230E-03
  1.0161E-02  1.1378E-03 -1.8880E-03
  1.3893E-02  5.9086E-04 -1.0958E-02
  1.4235E-02 -2.4029E-04 -1.0529E-02
  1.5363E-02 -5.4842E-04 -1.3043E-02
  1.7547E-02 -2.9269E-03 -1.5032E-02
  1.8825E-02 -3.6898E-03 -1.7209E-02
  1.8915E-02 -5.2131E-03 -1.4994E-02
  2.0513E-02 -6.5556E-03 -1.7091E-02
  1.9746E-02 -4.1676E-03 -1.8897E-02
  1.8592E-02 -3.1266E-03 -1.7498E-02
  1.7965E-02 -9.4370E-04 -1.9345E-02
  1.8065E-02 -4.2644E-03 -1.4257E-02
  1.7866E-02 -2.0523E-03 -1.7291E-02
  1.9511E-02 -4.0690E-03 -1.8427E-02
  1.6264E-02  9.2250E-04 -1.7816E-02
  1.6383E-02  2.0110E-03 -1.9889E-02
  1.5361E-02  5.1484E-03 -2.2222E-02
  1.5373E-02  2.3444E-03 -1.7732E-02
  1.5747E-02  2.5562E-03 -1.9072E-02
  1.4031E-02  2.5176E-03 -1.4433E-02
  1.2980E-02  2.8362E-03 -1.2144E-02
  1.1020E-02  4.1493E-03 -9.0340E-03
  1.4502E-02 -3.8753E-04 -1.1004E-02
  1.4637E-02 -7.0891E-04 -1.0846E-02
  1.5628E-02 -2.7522E-03 -1.0195E-02
  1.7165E-02 -5.9944E-03 -9.0667E-03
  1.8248E-02 -8.0708E-03 -8.6083E-03
  1.6798E-02 -7.7143E-03 -5.3140E-03
  2.0306E-02 -1.1478E-02 -8.6008E-03
  1.8721E-02 -6.9141E-03 -1.1733E-02
  1.8817E-02 -7.5115E-03 -1.1026E-02
  1.9859E-02 -6.8778E-03 -1.4826E-02
  2.1414E-02 -7.6274E-03 -1.7766E-02
  2.1912E-02 -6.3907E-03 -2.1088E-02
  2.2966E-02 -6.0492E-03 -2.4449E-02
  2.2893E-02 -4.0794E-03 -2.7431E-02
  2.0626E-02 -6.3481E-04 -2.6939E-02
  2.0441E-02  1.3413E-03 -2.9630E-02
  2.0600E-02 -6.1482E-03 -1.7981E-02
  2.1473E-02 -7.8172E-03 -1.7618E-02
  2.4555E-02 -2.2102E-04 -1.9626E-02
  2.1527E-02 -2.3200E-04 -1.7302E-02
  1.7707E-02  1.3545E-03 -2.0399E-02
  1.9439E-02  1.8201E-03 -2.3458E-02
  1.9412E-02 -9.5986E-04 -1.2966E-02
  1.5305E-02 -1.9702E-04 -1.2744E-02
  2.2324E-02 -2.4434E-03 -9.5716E-03
  2.0976E-02 -3.3488E-03 -5.1451E-03
  1.6175E-02 -2.9045E-03 -3.2000E-03
  1.5586E-02 -3.5519E-03 -3.1697E-04
  1.2723E-02 -1.7376E-03 -4.9937E-03
  7.8954E-03 -1.1623E-03 -3.5220E-03
  4.9329E-03  5.5332E-04 -7.7521E-03
  6.6881E-03  1.1022E-03 -1.1143E-02
  6.9041E-03 -1.7465E-03 -5.7431E-04
  9.7269E-03 -2.2933E-03 -6.4221E-04
  2.9717E-03 -1.6462E-03  2.0123E-03
  1.8057E-03 -2.1871E-03  4.9290E-03
 -3.1335E-03 -1.7779E-03  7.1102E-03
 -5.2130E-03 -1.9729E-03  9.4125E-03
 -2.8348E-03 -3.6009E-03  1.3753E-02
 -3.9896E-03 -3.8275E-03  1.5477E-02
  1.0988E-04 -4.6428E-03  1.5458E-02
  2.3648E-03 -1.6209E-03  2.3745E-03
  4.9910E-03 -2.5160E-03  3.7668E-03
  3.7997E-05 -1.4798E-04 -1.4204E-03
  3.5193E-04  4.8859E-04 -4.0551E-03
 -3.1460E-03  2.1929E-03 -7.8387E-03
 -8.2872E-03  2.8332E-03 -6.3756E-03
 -9.7334E-03  2.0553E-03 -2.3548E-03
 -9.1097E-03  2.6532E-03 -5.0776E-03
  5.2865E-03  5.4602E-05 -6.1399E-03
  6.9467E-03 -2.6459E-04 -6.1888E-03
  7.6340E-03  7.5095E-06 -7.7319E-03
  1.2344E-02 -3.7667E-04 -9.8349E-03
  1.5812E-02 -1.9218E-03 -6.6285E-03
  1.9021E-02 -2.1964E-03 -8.0130E-03
  1.5141E-02 -2.9406E-03 -2.2845E-03
  1.8072E-02 -4.4735E-03  1.2806E-03
  1.6982E-02 -5.4355E-03  5.7264E-03
  1.6865E-02 -5.2751E-03  5.2106E-03
  2.1571E-02 -6.3642E-03  5.7654E-03
  2.5121E-02 -6.0352E-03  1.8509E-03
  2.9766E-02 -7.2335E-03  2.8630E-03
  1.6980E-02 -4.4550E-03  2.0338E-03
  2.0165E-02 -5.1737E-03  2.3408E-03
  1.2474E-02 -3.6045E-03  2.2269E-03
  1.0936E-02 -3.4727E-03  2.8896E-03
  5.6046E-03 -2.3806E-03  2.7940E-03
  3.0306E-03 -3.0532E-03  7.2682E-03
 -2.2308E-03 -1.9183E-03  6.9588E-03
 -4.0468E-03 -1.4950E-03  6.7332E-03
 -4.6415E-03 -1.4514E-03  7.0171E-03
  1.3154E-02 -2.9147E-03 -8.8433E-04
  1.5019E-02 -3.5353E-03  4.7355E-05
  1.3131E-02 -1.7878E-03 -5.1126E-03
  1.5087E-02 -1.1025E-03 -9.1685E-03
  1.3140E-02  4.3229E-04 -1.3482E-02
  2.0410E-02 -2.0383E-03 -9.6556E-03
  2.2441E-02 -1.8923E-03 -1.1737E-02
  2.2652E-02 -2.9486E-03 -7.9159E-03
  2.7743E-02 -3.9122E-03 -8.1237E-03
  2.9438E-02 -4.6745E-03 -6.5298E-03
  3.4645E-02 -5.7858E-03 -6.2682E-03
  3.6178E-02 -6.4687E-03 -4.8510E-03
  4.1164E-02 -7.9037E-03 -3.2035E-03
  4.1373E-02 -9.2465E-03  1.6972E-03
  2.9734E-02 -5.0914E-03 -5.1822E-03
  3.3112E-02 -5.3851E-03 -6.6220E-03
  2.6557E-02 -1.1669E-02 -3.3416E-03
  1.9947E-02 -1.5496E-02 -4.4210E-03
  1.7209E-02 -2.4931E-02 -4.4508E-03
  2.4103E-02 -3.1891E-02 -2.7428E-03
  2.7608E-02 -3.5823E-02 -1.8533E-03
  2.5933E-02 -3.3474E-02 -2.3033E-03
  1.1846E-02 -9.7220E-03 -6.3004E-03
  8.5219E-03 -7.9558E-03 -7.0395E-03
  8.5768E-03 -6.9353E-03 -7.0831E-03
  8.3530E-04 -1.2726E-03 -8.8867E-03
 -1.5024E-03  1.0017E-03 -9.4614E-03
 -7.1777E-03  9.2976E-03 -1.1004E-02
 -6.1113E-03 -7.0513E-03 -9.9277E-03
 -8.0978E-03 -5.7681E-03 -1.0382E-02
  2.0185E-03  7.1952E-03 -9.1073E-03
 -3.5335E-03  9.2521E-03 -1.0294E-02
  9.2497E-03  1.2008E-02 -7.9597E-03
  1.1377E-02  2.0175E-02 -7.9811E-03
  2.0357E-02  2.3598E-02 -6.4201E-03
  2.1122E-02  2.7997E-02 -6.5054E-03
  3.2497E-02  3.1703E-02 -4.4949E-03
  3.2856E-02  3.9635E-02 -4.8469E-03
  1.2012E-02  1.8241E-02 -7.7550E-03
  8.4364E-03  2.3134E-02 -8.7091E-03
  1.7174E-02  1.1448E-02 -6.3918E-03
  1.8697E-02  8.5074E-03 -5.9399E-03
  2.4928E-02  4.8144E-04 -4.3038E-03
  3.4462E-02  3.0677E-03 -2.5908E-03
  4.0238E-02 -2.4230E-03 -1.1778E-03
  3.6190E-02  1.0496E-02 -2.6505E-03
  1.0225E-02  6.0315E-03 -7.4526E-03
  9.5613E-03  7.3344E-03 -7.6507E-03
  3.8716E-03  2.2879E-03 -8.4867E-03
 -4.6344E-03 -3.0404E-04 -9.9998E-03
 -8.6806E-03 -7.8610E-03 -1.0383E-02
 -1.0837E-02  7.6159E-03 -1.1625E-02
 -1.8507E-02  6.7055E-03 -1.3065E-02
 -7.4722E-03  1.5320E-02 -1.1381E-02
 -1.2576E-02  2.3444E-02 -1.2804E-02
 -1.9815E-02  2.2789E-02 -1.4174E-02
 -2.6703E-02  2.6858E-02 -1.5727E-02
 -1.8404E-02  1.7237E-02 -1.3605E-02
 -2.4709E-02  1.5848E-02 -1.4755E-02
 -2.5117E-02  6.0493E-03 -1.4313E-02
 -3.0387E-02 -1.1009E-04 -1.5008E-02
 -2.9946E-02 -9.8903E-03 -1.4403E-02
 -2.0442E-02 -1.3415E-02 -1.2371E-02
 -1.9602E-02 -2.2785E-02 -1.1710E-02
 -2.1927E-02  2.1774E-02 -1.4530E-02
 -1.4219E-02  2.4359E-02 -1.3171E-02
 -2.8284E-02  2.3934E-02 -1.5879E-02
 -2.6591E-02  2.9770E-02 -1.5860E-02
 -3.4762E-02  3.5413E-02 -1.7746E-02
 -3.4203E-02  4.4188E-02 -1.8104E-02
 -4.2578E-02  4.9185E-02 -1.9996E-02
 -2.5968E-02  4.9704E-02 -1.6799E-02
 -2.4081E-02  2.4238E-02 -1.5079E-02
 -2.7486E-02  1.6883E-02 -1.5349E-02
 -1.7631E-02  2.7621E-02 -1.4007E-02
 -1.4337E-02  2.3259E-02 -1.3136E-02
 -5.6390E-03  2.7658E-02 -1.1682E-02
  1.1730E-03  2.7664E-02 -1.0360E-02
 -2.2210E-03  2.2855E-02 -1.0763E-02
 -2.0966E-02  2.3882E-02 -1.4456E-02
 -2.3846E-02  3.1142E-02 -1.5401E-02
 -2.3178E-02  1.6309E-02 -1.4482E-02
 -2.9463E-02  1.6268E-02 -1.5700E-02
 -3.3325E-02  6.9975E-03 -1.5957E-02
 -3.8883E-02  4.9583E-03 -1.6927E-02
 -2.6355E-02  6.2323E-04 -1.4265E-02
 -2.5610E-02  1.9666E-02 -1.5133E-02
 -1.7696E-02  1.9121E-02 -1.3568E-02
 -1.3586E-02  1.4950E-02 -9.9364E-03
 -1.3549E-02  1.5014E-02 -9.9389E-03
 -1.4586E-02  1.4976E-02 -1.0528E-02
 -1.5013E-02  1.5955E-02 -1.1152E-02
 -1.5915E-02  1.5917E-02 -1.1661E-02
 -1.4452E-02  1.6753E-02 -1.1131E-02
 -1.3170E-02  1.4065E-02 -9.3552E-03
 -1.2609E-02  1.4145E-02 -9.0595E-03
 -1.3501E-02  1.3158E-02 -9.2005E-03
 -1.3260E-02  1.2148E-02 -8.6728E-03
 -1.3807E-02  1.1268E-02 -8.6539E-03
 -1.4958E-02  1.1131E-02 -9.2715E-03
 -1.5407E-02  1.2002E-02 -9.8662E-03
 -1.6063E-02  1.2410E-02 -1.0404E-02
 -1.5121E-02  1.2259E-02 -9.7982E-03
 -1.2159E-02  1.2151E-02 -8.0334E-03
 -1.1773E-02  1.1781E-02 -7.6673E-03
 -1.1653E-02  1.2596E-02 -7.9101E-03
 -1.0583E-02  1.2665E-02 -7.3139E-03
 -1.0255E-02  1.2910E-02 -7.2171E-03
 -9.3624E-03  1.2472E-02 -6.5297E-03
 -8.4041E-03  1.3069E-02 -6.2010E-03
 -9.3455E-03  1.2585E-02 -6.5632E-03
 -1.0072E-02  1.3532E-02 -7.3489E-03
 -9.3151E-03  1.3418E-02 -6.8646E-03
 -1.0498E-02  1.4383E-02 -7.9225E-03
 -1.0069E-02  1.5220E-02 -7.9938E-03
 -1.0590E-02  1.6171E-02 -8.6607E-03
 -1.0687E-02  1.6533E-02 -8.8564E-03
 -9.9987E-03  1.7070E-02 -8.6615E-03
 -1.0100E-02  1.4815E-02 -7.8564E-03
 -9.3615E-03  1.5035E-02 -7.5111E-03
 -1.0938E-02  1.4234E-02 -8.1216E-03
 -1.1002E-02  1.3828E-02 -8.0031E-03
 -1.2086E-02  1.3334E-02 -8.4446E-03
 -1.2093E-02  1.2417E-02 -8.0972E-03
 -1.2544E-02  1.4163E-02 -9.0282E-03
 -1.2686E-02  1.5121E-02 -9.4780E-03
 -1.0291E-02  1.3059E-02 -7.2948E-03
 -9.8882E-03  1.3012E-02 -7.0426E-03
 -1.0120E-02  1.2482E-02 -6.9741E-03
 -9.4429E-03  1.1714E-02 -6.2863E-03
 -9.5516E-03  1.1076E-02 -6.1051E-03
 -8.3602E-03  1.2290E-02 -5.8771E-03
 -7.7794E-03  1.1895E-02 -5.3877E-03
 -8.0932E-03  1.3221E-02 -6.0784E-03
 -7.0949E-03  1.3843E-02 -5.7359E-03
 -6.8978E-03  1.4745E-02 -5.9668E-03
 -6.9597E-03  1.4528E-02 -5.9196E-03
 -6.3470E-03  1.3692E-02 -5.2428E-03
 -6.5793E-03  1.5590E-02 -6.1052E-03
 -6.9420E-03  1.4335E-02 -5.8353E-03
 -6.1226E-03  1.4472E-02 -5.4112E-03
 -7.7276E-03  1.4608E-02 -6.3972E-03
 -7.6705E-03  1.5100E-02 -6.5523E-03
 -8.6128E-03  1.5610E-02 -7.2961E-03
 -8.7379E-03  1.6521E-02 -7.7178E-03
 -8.5516E-03  1.6026E-02 -7.4198E-03
 -7.5675E-03  1.4259E-02 -6.1701E-03
 -7.0527E-03  1.4498E-02 -5.9621E-03
 -8.0527E-03  1.3270E-02 -6.0735E-03
 -7.9907E-03  1.2411E-02 -5.7085E-03
 -8.8050E-03  1.1453E-02 -5.8150E-03
 -9.1355E-03  1.0773E-02 -5.7466E-03
 -1.0157E-02  1.0098E-02 -6.0825E-03
 -1.0208E-02  9.4319E-03 -5.8568E-03
 -1.1236E-02  8.8569E-03 -6.2344E-03
 -6.9579E-03  1.2116E-02 -4.9946E-03
 -6.5072E-03  1.1941E-02 -4.6653E-03
 -6.5830E-03  1.2093E-02 -4.7677E-03
 -5.5986E-03  1.1871E-02 -4.1100E-03
 -5.4238E-03  1.1873E-02 -4.0091E-03
 -4.3619E-03  1.1836E-02 -3.3770E-03
 -4.2151E-03  1.1879E-02 -3.3081E-03
 -3.5405E-03  1.2572E-02 -3.1811E-03
 -4.7676E-03  1.1211E-02 -3.3734E-03
 -4.8518E-03  1.2771E-02 -4.0203E-03
 -4.2807E-03  1.2580E-02 -3.6148E-03
 -6.5899E-03  1.7404E-02 -8.7476E-03
 -9.4360E-03  1.3522E-02 -8.5122E-03
 -9.3442E-03  8.6507E-03 -4.4954E-03
 -1.2308E-02  4.3562E-03 -4.0475E-03
 -1.7232E-02  2.8567E-03 -7.8426E-03
 -2.0115E-02 -9.4176E-04 -7.7128E-03
 -2.0743E-02 -1.2852E-04 -9.0057E-03
 -2.3398E-02 -3.8336E-03 -8.7189E-03
 -1.8803E-02  4.3815E-03 -1.0667E-02
 -8.4027E-03  1.4520E-02 -8.2664E-03
 -1.1283E-02  1.4385E-02 -1.1084E-02
 -4.3442E-03  1.5483E-02 -4.9181E-03
 -3.2585E-03  1.6206E-02 -4.3980E-03
  1.1040E-03  1.6001E-02  1.9953E-04
  9.4152E-04  1.1225E-02  3.8816E-03
  5.0370E-03  2.0515E-02  5.6034E-04
  9.3783E-03  2.0461E-02  5.0144E-03
 -3.2483E-03  2.0841E-02 -8.1207E-03
 -2.0880E-03  2.2129E-02 -7.9791E-03
 -4.3025E-03  2.3484E-02 -1.1320E-02
 -4.6520E-03  2.7931E-02 -1.5257E-02
 -3.4234E-03  3.1536E-02 -1.6912E-02
 -9.4693E-03  2.6413E-02 -1.8929E-02
 -1.0493E-02  2.9428E-02 -2.2397E-02
 -1.2454E-02  2.1800E-02 -1.8246E-02
 -1.7034E-02  1.9924E-02 -2.1388E-02
 -1.9900E-02  1.5022E-02 -2.0352E-02
 -2.0128E-02  1.5629E-02 -2.1072E-02
 -2.3028E-02  1.0848E-02 -2.0168E-02
 -2.5602E-02  6.9763E-03 -1.9665E-02
 -2.2962E-02  1.0656E-02 -1.9946E-02
 -1.7013E-02  1.9603E-02 -2.1109E-02
 -1.4108E-02  1.8960E-02 -1.7640E-02
 -2.0187E-02  2.0260E-02 -2.4862E-02
 -2.0513E-02  2.0397E-02 -2.5304E-02
 -2.3869E-02  2.2359E-02 -3.0294E-02
 -2.2711E-02  2.7501E-02 -3.3259E-02
 -2.6248E-02  2.7499E-02 -3.6850E-02
 -2.8038E-02  3.0229E-02 -4.0868E-02
 -2.7215E-02  2.4824E-02 -3.5679E-02
 -2.1474E-02  1.5639E-02 -2.2448E-02
 -2.0551E-02  1.5719E-02 -2.1574E-02
 -2.3297E-02  1.1515E-02 -2.0979E-02
 -2.4278E-02  6.7140E-03 -1.8108E-02
 -2.7694E-02  2.4277E-03 -1.8127E-02
 -2.5915E-02  1.7226E-03 -1.5751E-02
 -2.7950E-02 -2.3519E-03 -1.4537E-02
 -2.2592E-02  5.1199E-03 -1.5112E-02
 -1.9995E-02  6.1997E-03 -1.3343E-02
 -2.0062E-02  2.8842E-03 -1.0740E-02
 -1.6279E-02  9.6181E-03 -1.2320E-02
 -1.1921E-02  9.7330E-03 -7.9855E-03
 -9.2987E-03  1.0820E-02 -6.1961E-03
 -1.1852E-02  6.3575E-03 -5.1961E-03
 -9.3346E-03  1.3782E-02 -8.6186E-03
 -5.2498E-03  1.5740E-02 -6.0456E-03
 -1.1709E-02  1.5138E-02 -1.2124E-02
 -9.5811E-03  1.9031E-02 -1.3097E-02
 -1.2986E-02  2.0643E-02 -1.7855E-02
 -1.1261E-02  2.4850E-02 -1.9490E-02
 -1.4810E-02  2.6592E-02 -2.4499E-02
 -1.3957E-02  3.1297E-02 -2.7422E-02
 -1.4645E-02  3.1852E-02 -2.8568E-02
 -1.3741E-02  3.6298E-02 -3.1231E-02
 -1.6277E-02  2.7973E-02 -2.7102E-02
 -7.4339E-03  1.7410E-02 -9.6100E-03
 -4.4385E-03  2.0529E-02 -9.0782E-03
 -8.8578E-03  1.2553E-02 -7.1440E-03
 -7.0414E-03  1.0554E-02 -3.6886E-03
 -1.0755E-02  6.1541E-03 -3.9183E-03
 -1.3952E-02  7.5383E-03 -8.2806E-03
 -1.8078E-02  5.7039E-03 -1.0995E-02
 -1.2752E-02  1.0141E-02 -9.1577E-03
 -3.6570E-03  8.9519E-03  1.0402E-03
 -1.4770E-03  7.6688E-03  4.2885E-03
 -3.2881E-03  8.9671E-03  1.4027E-03
 -2.1024E-04  7.5433E-03  5.6766E-03
 -2.8387E-03  3.9219E-03  5.9228E-03
 -6.2751E-03  3.8701E-03  2.4732E-03
 -2.2376E-03 -2.3130E-04  7.9455E-03
 -2.5069E-03  7.1780E-04  7.7624E-03
 -2.4610E-03  1.5152E-03  7.1352E-03
 -1.8278E-03  1.1964E-03  6.2525E-03
 -1.6835E-03  9.3910E-04  6.1782E-03
 -1.1174E-03  6.9284E-04  5.3627E-03
 -6.8055E-04  6.9393E-04  4.6020E-03
 -8.1483E-04  9.4591E-04  4.6626E-03
 -1.3868E-03  1.1945E-03  5.4869E-03
 -2.2204E-03  6.1853E-04  7.3323E-03
 -1.7278E-03 -1.1570E-04  6.9795E-03
 -2.5428E-03  1.3438E-03  7.3951E-03
 -2.3320E-03  1.3683E-03  7.0117E-03
 -2.7829E-03  1.4164E-03  7.7629E-03
 -2.6806E-03  1.5238E-03  7.5113E-03
 -3.2055E-03  1.5661E-03  8.3952E-03
 -2.0895E-03  6.4885E-04  7.0838E-03
 -2.2799E-03  2.3028E-03  6.2795E-03
 -2.7294E-03  3.1273E-03  6.4954E-03
 -1.7199E-03  2.1521E-03  5.4089E-03
 -1.5693E-03  2.9484E-03  4.6004E-03
 -9.9289E-04  2.6381E-03  3.8108E-03
 -7.9133E-04  3.3925E-03  2.9423E-03
 -2.7347E-04  2.8868E-03  2.3887E-03
 -1.3067E-03  4.3482E-03  3.1827E-03
 -1.4890E-03  3.0728E-03  4.3754E-03
 -1.0896E-03  2.4042E-03  4.1396E-03
 -1.8901E-03  3.9355E-03  4.4809E-03
 -1.9055E-03  4.1582E-03  4.3547E-03
 -2.5802E-03  4.7383E-03  5.1301E-03
 -2.6910E-03  5.1983E-03  5.0070E-03
 -2.9169E-03  6.1242E-03  4.7643E-03
 -2.5792E-03  4.6516E-03  5.1879E-03
 -1.5773E-03  4.7504E-03  3.3773E-03
 -1.7782E-03  5.6003E-03  3.1434E-03
 -1.0647E-03  4.2916E-03  2.8006E-03
 -7.2863E-04  4.8080E-03  1.8616E-03
 -4.1425E-04  5.0941E-03  1.1183E-03
 -3.6904E-04  5.8641E-03  5.1117E-04
 -2.2886E-04  4.5211E-03  1.1892E-03
  9.1657E-05  4.7049E-03  5.0556E-04
 -3.2937E-04  5.4426E-03  7.3149E-04
  8.1388E-06  5.6607E-03 -5.2505E-06
  1.9048E-04  5.0961E-03  6.5101E-05
  5.5670E-04  5.2255E-03 -6.6073E-04
  7.4056E-04  5.9128E-03 -1.4523E-03
  5.6174E-04  6.4861E-03 -1.5348E-03
  1.9583E-04  6.3625E-03 -8.1350E-04
  4.6833E-04  3.7097E-03  5.3352E-04
  2.3347E-04  3.2211E-03  1.2774E-03
  1.0469E-03  3.4320E-03 -2.8225E-04
  1.4281E-03  2.4968E-03 -3.0326E-04
  2.0450E-03  2.2948E-03 -1.2378E-03
  1.9903E-03  3.2737E-03 -1.8145E-03
  1.3881E-03  3.9606E-03 -1.2385E-03
  1.4922E-03  4.1923E-03 -1.5788E-03
  1.4347E-03  3.7477E-03 -1.1735E-03
  1.6284E-03  4.9207E-03 -2.3156E-03
  1.7712E-03  5.1925E-03 -2.7506E-03
  1.3801E-03  6.3021E-03 -2.8320E-03
  7.4507E-04  6.5918E-03 -1.9262E-03
  3.6855E-04  7.6983E-03 -2.0309E-03
 -1.4710E-04  8.0196E-03 -1.3545E-03
 -2.2413E-04  8.5370E-03 -1.5757E-03
 -7.0941E-04  8.7899E-03 -9.0520E-04
  1.7237E-04  8.8291E-03 -2.4658E-03
  2.4408E-03  4.9221E-03 -3.7296E-03
  2.6519E-03  4.9989E-03 -4.1496E-03
  2.7783E-03  4.5978E-03 -4.0941E-03
  3.4127E-03  4.3457E-03 -5.0245E-03
  3.4653E-03  5.2548E-03 -5.7400E-03
  3.0757E-03  6.1592E-03 -5.6832E-03
  3.2653E-03  5.4854E-03 -5.5506E-03
  3.7664E-03  3.5179E-03 -5.0715E-03
  3.4911E-03  3.3610E-03 -4.4849E-03
  4.3714E-03  3.0031E-03 -5.7705E-03
  4.7755E-03  2.1984E-03 -5.9211E-03
  5.4573E-03  1.6938E-03 -6.7605E-03
  5.8712E-03  1.0778E-03 -7.0576E-03
  5.5728E-03  1.0277E-03 -6.5042E-03
  6.1760E-03  6.9022E-04 -7.3219E-03
  4.7054E-03  2.6199E-03 -6.0885E-03
  4.7446E-03  2.1040E-03 -5.8025E-03
  1.2413E-03  2.5989E-03 -7.3459E-03
  2.4164E-03  4.2274E-03 -9.2649E-03
  2.9430E-03  5.7308E-03 -9.8466E-03
  1.8991E-03  6.2768E-03 -7.4253E-03
  9.7822E-04  3.6082E-03 -6.4222E-03
 -2.5583E-04  3.8663E-03 -3.6991E-03
 -8.7498E-04  3.3148E-03 -2.5777E-03
 -6.0293E-04  4.7610E-03 -2.6375E-03
 -1.8017E-03  5.0085E-03  6.6133E-06
 -1.8626E-03  6.6041E-03  7.1030E-04
 -1.3288E-03  9.4913E-03  6.1076E-04
 -1.0949E-03  1.1096E-02  6.8911E-04
 -1.2402E-03  9.7842E-03  5.2722E-04
 -7.3231E-04  1.3503E-02  7.8186E-04
 -2.7549E-03  2.3496E-03  1.0821E-03
 -3.7067E-03  1.9223E-03  2.9571E-03
 -2.4793E-03  5.3869E-04 -1.5668E-04
 -3.2935E-03 -2.0878E-03  6.3430E-04
 -2.8028E-03 -3.5254E-03 -9.2850E-04
 -3.4999E-03 -3.6391E-03  5.1638E-04
 -4.4805E-03 -5.0790E-03  2.0887E-03
 -2.5576E-03 -3.3670E-03 -1.3943E-03
 -2.6336E-03 -4.7698E-03 -1.7367E-03
 -1.3896E-03 -4.4160E-03 -4.2611E-03
 -1.3257E-03 -6.7460E-03 -5.2351E-03
 -1.2999E-03 -6.5771E-03 -5.2294E-03
 -1.3453E-03 -8.7773E-03 -5.9238E-03
 -3.3823E-03 -3.8708E-03  1.8245E-04
 -4.0546E-03 -5.4669E-03  1.0413E-03
 -3.2809E-03 -1.3235E-03  8.8232E-04
 -3.9598E-03 -1.8723E-04  2.7379E-03
 -3.5315E-03  2.7660E-03  2.8870E-03
 -5.2682E-03 -1.1704E-03  5.1733E-03
 -6.0026E-03 -1.6373E-03  6.5707E-03
 -5.5709E-03 -1.4763E-03  5.7084E-03
 -6.8120E-03 -2.4982E-03  7.9862E-03
 -6.9746E-03 -2.6829E-03  8.2663E-03
 -7.0091E-03 -1.5499E-04  9.2490E-03
 -6.9795E-03 -5.0687E-04  9.0592E-03
 -8.5049E-03 -1.8654E-03  1.1822E-02
 -7.3012E-03 -5.2061E-03  8.0550E-03
 -8.3004E-03 -5.9203E-03  9.9279E-03
 -6.6107E-03 -6.7392E-03  6.0319E-03
 -7.0471E-03 -9.4094E-03  6.0018E-03
 -6.1927E-03 -1.0977E-02  3.6169E-03
 -6.7246E-03 -1.3892E-02  3.7024E-03
 -6.1034E-03 -1.5685E-02  1.7336E-03
 -4.9475E-03 -1.5556E-02 -6.8377E-04
 -4.5976E-03 -1.7913E-02 -2.2770E-03
 -7.2515E-03 -9.4179E-03  6.4345E-03
 -8.1491E-03 -1.0957E-02  7.7942E-03
 -6.4129E-03 -7.6643E-03  5.2778E-03
 -6.4341E-03 -7.3854E-03  5.4233E-03
 -5.2607E-03 -5.5069E-03  3.5978E-03
 -4.1772E-03 -6.3744E-03  9.7625E-04
 -4.0272E-03 -8.4725E-03 -9.7841E-05
 -4.1750E-03 -1.0757E-02 -6.0444E-04
 -3.7498E-03 -7.8159E-03 -4.5305E-04
 -7.4570E-03 -6.4874E-03  7.9265E-03
 -7.8969E-03 -7.1486E-03  8.6263E-03
 -7.8182E-03 -4.9224E-03  9.2591E-03
 -8.8273E-03 -4.0236E-03  1.1733E-02
 -8.7402E-03 -1.4505E-03  1.2473E-02
 -1.0014E-02 -6.1015E-03  1.3514E-02
 -1.0955E-02 -5.6327E-03  1.5689E-02
 -9.9585E-03 -8.3549E-03  1.2587E-02
 -1.1019E-02 -1.0503E-02  1.4074E-02
 -1.1525E-02 -1.0336E-02  1.5212E-02
 -1.2492E-02 -1.1832E-02  1.6736E-02
 -7.4619E-03 -7.7297E-03  1.4226E-02
 -7.4548E-03 -7.5884E-03  1.4356E-02
 -7.1030E-03 -6.7978E-03  1.4308E-02
 -7.0931E-03 -6.6413E-03  1.4447E-02
 -7.1240E-03 -6.3154E-03  1.4865E-02
 -6.7645E-03 -5.5312E-03  1.4791E-02
 -7.4309E-03 -8.0606E-03  1.3803E-02
 -7.1162E-03 -7.8649E-03  1.3225E-02
 -7.7602E-03 -8.6899E-03  1.3963E-02
 -7.7534E-03 -9.1582E-03  1.3457E-02
 -8.1145E-03 -9.9438E-03  1.3533E-02
 -8.4803E-03 -1.0111E-02  1.4267E-02
 -8.6955E-03 -1.0594E-02  1.4298E-02
 -8.5657E-03 -9.7956E-03  1.4809E-02
 -7.7373E-03 -8.9759E-03  1.3607E-02
 -7.8074E-03 -8.6009E-03  1.4174E-02
 -7.6338E-03 -9.2223E-03  1.3092E-02
 -7.6114E-03 -9.0917E-03  1.3173E-02
 -7.1904E-03 -8.4835E-03  1.2763E-02
 -6.9376E-03 -8.6474E-03  1.1963E-02
 -7.0108E-03 -7.7719E-03  1.3060E-02
 -7.7849E-03 -9.7698E-03  1.2895E-02
 -7.7141E-03 -1.0135E-02  1.2337E-02
 -8.0133E-03 -9.9428E-03  1.3282E-02
 -8.1875E-03 -1.0591E-02  1.3038E-02
 -8.5195E-03 -1.0793E-02  1.3652E-02
 -8.8152E-03 -1.0883E-02  1.4293E-02
 -8.8253E-03 -1.0399E-02  1.4823E-02
 -9.0304E-03 -1.1431E-02  1.4255E-02
 -7.9029E-03 -1.0514E-02  1.2410E-02
 -7.9391E-03 -1.1037E-02  1.1954E-02
 -7.6406E-03 -9.8854E-03  1.2416E-02
 -7.3638E-03 -9.7690E-03  1.1849E-02
 -7.4802E-03 -9.8029E-03  1.2103E-02
 -7.8509E-03 -1.0509E-02  1.2287E-02
 -7.8646E-03 -1.1034E-02  1.1771E-02
 -8.2214E-03 -1.1705E-02  1.1957E-02
 -8.5633E-03 -1.1838E-02  1.2667E-02
 -8.9221E-03 -1.2486E-02  1.2883E-02
 -8.5515E-03 -1.1321E-02  1.3179E-02
 -8.1968E-03 -1.0661E-02  1.2987E-02
 -6.9582E-03 -9.0704E-03  1.1572E-02
 -6.8843E-03 -8.5131E-03  1.1971E-02
 -6.6956E-03 -9.1077E-03  1.0880E-02
 -6.2842E-03 -8.4928E-03  1.0500E-02
 -6.0796E-03 -8.5456E-03  9.9366E-03
 -6.2449E-03 -8.5963E-03  1.0294E-02
 -5.6525E-03 -7.9058E-03  9.5438E-03
 -6.1654E-03 -8.5704E-03  1.0124E-02
 -6.1956E-03 -9.0911E-03  9.6543E-03
 -6.0603E-03 -8.0790E-03  1.0376E-02
 -5.9482E-03 -8.0920E-03  1.0084E-02
 -6.1633E-03 -8.0146E-03  1.0700E-02
 -6.6023E-03 -8.4985E-03  1.1285E-02
 -6.8074E-03 -9.2814E-03  1.0976E-02
 -6.7486E-03 -8.2776E-03  1.1880E-02
 -5.5179E-03 -7.4774E-03  9.6572E-03
 -5.3637E-03 -6.8820E-03  9.8964E-03
 -5.3213E-03 -7.6296E-03  9.0093E-03
 -4.9089E-03 -7.0742E-03  8.5650E-03
 -4.6929E-03 -7.2940E-03  7.7981E-03
 -4.2523E-03 -6.6733E-03  7.3518E-03
 -4.0248E-03 -6.8999E-03  6.5496E-03
 -3.6666E-03 -6.4295E-03  6.1508E-03
 -4.2003E-03 -7.5373E-03  6.3192E-03
 -4.8599E-03 -6.9804E-03  8.5412E-03
 -4.9617E-03 -7.4738E-03  8.2782E-03
 -4.7131E-03 -6.3498E-03  8.8356E-03
 -4.6533E-03 -6.1906E-03  8.8535E-03
 -4.6628E-03 -5.6102E-03  9.4840E-03
 -4.7474E-03 -5.5739E-03  9.7322E-03
 -4.4455E-03 -5.0611E-03  9.5181E-03
 -4.5228E-03 -4.9662E-03  9.8094E-03
 -4.9055E-03 -5.3920E-03  1.0316E-02
 -5.2095E-03 -5.9124E-03  1.0527E-02
 -5.1272E-03 -5.9982E-03  1.0233E-02
 -4.2602E-03 -5.9402E-03  8.1381E-03
 -3.9607E-03 -5.3398E-03  8.0214E-03
 -4.2621E-03 -6.3977E-03  7.6645E-03
 -3.9040E-03 -6.2395E-03  6.9397E-03
 -3.9871E-03 -6.9333E-03  6.4207E-03
 -3.6298E-03 -6.8222E-03  5.6488E-03
 -3.6277E-03 -7.2103E-03  5.2377E-03
 -3.3532E-03 -6.3504E-03  5.4546E-03
 -3.7041E-03 -5.9097E-03  6.7875E-03
 -3.8768E-03 -6.2282E-03  6.8841E-03
  1.0723E-03 -7.2867E-03  1.8599E-02
  7.3230E-05 -6.6883E-03  1.9457E-02
 -1.3336E-03 -5.5858E-03  2.0107E-02
 -1.4062E-03 -6.1217E-03  2.1411E-02
 -2.2846E-03 -4.9928E-03  2.0873E-02
  8.0527E-05 -6.0763E-03  1.8130E-02
 -1.8040E-04 -5.2023E-03  1.6817E-02
  4.1564E-04 -6.5548E-03  1.8437E-02
  7.2695E-04 -7.5995E-03  2.0009E-02
  1.4108E-03 -8.0745E-03  1.9562E-02
  6.2254E-04 -6.7983E-03  1.8516E-02
  4.9871E-04 -6.1317E-03  1.7353E-02
 -6.9261E-04 -4.6487E-03  1.6727E-02
 -1.8287E-03 -3.9731E-03  1.7713E-02
 -4.1654E-04 -4.1552E-03  1.5079E-02
 -1.4556E-03 -2.7435E-03  1.4280E-02
 -8.9586E-04 -2.4585E-03  1.2471E-02
 -1.6746E-04 -2.5977E-03  1.1210E-02
  3.1168E-04 -2.3730E-03  9.7026E-03
 -9.1605E-05 -2.9077E-03  1.1711E-02
 -2.5746E-03 -2.0802E-03  1.5255E-02
 -3.7251E-03 -1.0301E-03  1.5470E-02
 -2.2397E-03 -2.6724E-03  1.5807E-02
 -3.2543E-03 -2.0941E-03  1.6741E-02
 -2.6447E-03 -2.9094E-03  1.7182E-02
 -2.1733E-03 -2.6959E-03  1.5715E-02
 -3.2030E-03 -1.2392E-03  1.4799E-02
 -2.8634E-03 -8.4933E-04  1.3237E-02
 -4.3372E-03 -4.9347E-04  1.5631E-02
 -4.1503E-03 -1.9436E-03  1.8337E-02
 -5.3384E-03 -9.5588E-04  1.8765E-02
 -3.5818E-03 -2.9187E-03  1.9208E-02
 -4.3773E-03 -2.8460E-03  2.0756E-02
 -3.5086E-03 -4.1842E-03  2.1762E-02
 -3.0669E-03 -5.1196E-03  2.2820E-02
 -2.5599E-03 -6.2277E-03  2.4108E-02
 -2.0129E-03 -5.6724E-03  2.1747E-02
 -5.2868E-03 -1.7574E-03  2.0371E-02
 -6.4468E-03 -1.0148E-03  2.1264E-02
 -4.7859E-03 -1.6084E-03  1.8979E-02
 -5.5919E-03 -5.5569E-04  1.8450E-02
 -4.7736E-03 -6.4560E-04  1.6891E-02
 -5.6963E-03  6.1174E-04  1.6173E-02
 -3.8137E-03 -1.8293E-03  1.7371E-02
 -2.8676E-03 -2.0591E-03  1.5837E-02
 -6.7042E-03  7.9121E-04  1.7947E-02
 -7.8410E-03  1.7173E-03  1.8397E-02
 -6.3577E-03  9.0579E-04  1.6960E-02
 -7.3111E-03  2.1261E-03  1.6387E-02
 -6.6879E-03  1.9548E-03  1.5419E-02
 -5.5451E-03  1.5262E-03  1.3891E-02
 -7.7104E-03  3.2338E-03  1.4869E-02
 -8.4333E-03  2.5262E-03  1.7933E-02
 -9.5867E-03  3.6667E-03  1.7960E-02
 -8.0798E-03  1.5672E-03  1.9230E-02
 -9.0303E-03  1.7775E-03  2.0815E-02
 -8.3124E-03  5.2538E-04  2.1960E-02
 -7.5409E-03  1.2662E-04  2.1162E-02
 -6.6871E-03 -1.0228E-03  2.1796E-02
 -7.7718E-03  9.4415E-04  1.9905E-02
 -9.8774E-03  2.1671E-03  2.1794E-02
 -1.1058E-02  2.9732E-03  2.2596E-02
 -9.2662E-03  1.5706E-03  2.1763E-02
 -9.9612E-03  1.8555E-03  2.2641E-02
 -8.9915E-03  8.6120E-04  2.2694E-02
 -8.1016E-03 -5.4062E-04  2.3792E-02
 -7.0233E-03 -1.5543E-03  2.3654E-02
 -6.1897E-03 -2.8872E-03  2.4724E-02
 -5.2691E-03 -3.9420E-03  2.5012E-02
 -4.5611E-03 -5.1133E-03  2.6006E-02
 -5.0446E-03 -3.8313E-03  2.4295E-02
 -1.0962E-02  3.2399E-03  2.1817E-02
 -1.1890E-02  3.7877E-03  2.2631E-02
 -1.0834E-02  3.8462E-03  2.0245E-02
 -1.1739E-02  5.1529E-03  1.9383E-02
 -1.0980E-02  5.1500E-03  1.7766E-02
 -1.1883E-02  6.5537E-03  1.6693E-02
 -1.0410E-02  4.3442E-03  1.8271E-02
 -9.2457E-03  3.8276E-03  1.6885E-02
 -1.2679E-02  6.2916E-03  1.8958E-02
 -1.3866E-02  7.2682E-03  1.9409E-02
 -1.3670E-02  1.1431E-02  2.3076E-02
 -1.2703E-02  9.5126E-03  2.3951E-02
 -1.3662E-02  9.8741E-03  2.5880E-02
 -1.4099E-02  1.1186E-02  2.4678E-02
 -1.5093E-02  1.0928E-02  2.7822E-02
 -1.1321E-02  8.6057E-03  2.1874E-02
 -1.0020E-02  6.6176E-03  2.1976E-02
 -1.1576E-02  1.0066E-02  1.9910E-02
 -1.0353E-02  9.3856E-03  1.7850E-02
 -9.1581E-03  8.6256E-03  1.6010E-02
 -8.6825E-03  9.1392E-03  1.3796E-02
 -8.6751E-03  7.4484E-03  1.6845E-02
 -7.5233E-03  6.6930E-03  1.5113E-02
 -8.2413E-03  7.9538E-03  1.4759E-02
 -8.5486E-03  7.3406E-03  1.6700E-02
 -9.0859E-03  8.5853E-03  1.5889E-02
 -9.5840E-03  8.2506E-03  1.7838E-02
 -1.0975E-02  9.8468E-03  1.8688E-02
 -1.1337E-02  9.3901E-03  2.0494E-02
 -1.1998E-02  1.1902E-02  1.7715E-02
 -6.0985E-03  4.2642E-03  1.5682E-02
 -6.2217E-03  3.2810E-03  1.7799E-02
 -4.7490E-03  3.3297E-03  1.3742E-02
 -3.1932E-03  1.0054E-03  1.3769E-02
 -2.1546E-03  2.1478E-04  1.2405E-02
 -2.9234E-03  1.0336E-03  1.2991E-02
 -3.1612E-03 -1.5773E-05  1.5536E-02
 -3.7234E-03  6.4164E-04  1.5858E-02
 -5.1969E-03  2.0999E-03  1.7181E-02
 -5.5957E-03  2.6032E-03  1.7342E-02
 -6.2681E-03  3.0279E-03  1.8383E-02
 -2.4841E-03  6.9449E-04  1.2422E-02
 -2.6345E-03  1.9670E-03  1.0518E-02
 -1.6471E-03 -1.0510E-03  1.3336E-02
 -9.5736E-04 -1.4923E-03  1.2278E-02
 -1.8443E-03 -1.1440E-03  1.4035E-02
 -1.5264E-03 -2.9008E-03  1.6367E-02
 -3.6030E-03  1.0878E-03  1.4723E-02
  7.7829E-04 -3.7951E-03  1.1781E-02
  1.3231E-03 -5.3249E-03  1.3090E-02
  1.6692E-03 -4.0430E-03  9.8304E-03
  3.3045E-03 -6.2157E-03  9.3676E-03
  4.3541E-03 -6.2783E-03  6.6531E-03
  6.0294E-03 -8.5218E-03  6.2111E-03
  7.0834E-03 -9.2890E-03  4.7637E-03
  8.4135E-03 -1.1509E-02  5.2089E-03
  8.1898E-03 -1.2085E-02  6.8585E-03
  6.7622E-03 -1.0312E-02  7.4865E-03
  3.3332E-03 -7.0081E-03  1.0728E-02
  3.2679E-03 -6.4179E-03  9.8332E-03
  3.4376E-03 -8.3473E-03  1.2878E-02
  3.4406E-03 -9.2013E-03  1.4420E-02
  3.8774E-03 -1.1011E-02  1.6528E-02
  4.3739E-03 -9.8691E-03  1.3117E-02
  3.6650E-03 -8.8440E-03  1.3167E-02
  5.9572E-03 -1.1566E-02  1.1930E-02
  7.0055E-03 -1.3220E-02  1.2108E-02
  8.2890E-03 -1.5283E-02  1.2394E-02
  8.5465E-03 -1.4616E-02  1.0491E-02
  6.8879E-03 -1.2253E-02  1.0670E-02
  6.9151E-03 -1.0882E-02  8.1090E-03
  8.1639E-03 -1.1724E-02  6.2729E-03
  5.5435E-03 -8.7914E-03  8.0097E-03
  5.3842E-03 -7.2928E-03  5.7190E-03
  5.9971E-03 -7.1726E-03  3.8496E-03
  5.0320E-03 -6.1550E-03  4.6029E-03
  3.6536E-03 -5.0522E-03  6.3155E-03
  3.2130E-03 -3.7350E-03  5.1120E-03
  2.6884E-03 -4.6253E-03  8.1411E-03
  1.0096E-03 -2.5774E-03  8.9476E-03
  3.4524E-04 -8.4045E-04  7.5851E-03
 -1.0830E-03  9.3481E-04  8.2112E-03
  1.3912E-03  5.7828E-04  7.8205E-04
  1.0569E-03  2.0603E-03 -1.0671E-04
  1.7656E-03 -2.1245E-04 -2.2531E-03
  1.7955E-03  4.8112E-04 -6.0042E-03
  2.5469E-03 -2.0324E-03 -7.7977E-03
  3.3717E-03 -5.3325E-03 -7.2584E-03
  4.1177E-03 -7.9558E-03 -8.4486E-03
  4.8354E-03 -1.0860E-02 -7.8296E-03
  4.1487E-03 -7.6886E-03 -1.0242E-02
  6.3517E-04  3.0128E-03  3.0264E-03
  9.7416E-04  1.1729E-03  5.4904E-03
 -9.5349E-05  5.8601E-03  2.8988E-03
 -5.7917E-04  7.1066E-03  5.7792E-03
 -1.4314E-03  1.0059E-02  7.3435E-03
 -1.8238E-03  1.0840E-02  1.0748E-02
 -2.0639E-03  1.3001E-02  5.0229E-03
 -7.6923E-04  8.0015E-03  5.0315E-03
 -1.0279E-03  9.5508E-03  2.4777E-03
 -6.4823E-04  7.0385E-03  7.3311E-03
 -7.8382E-04  7.6276E-03  7.0264E-03
  6.4100E-05  4.3894E-03  6.8646E-03
  7.6409E-04  2.2838E-03  4.0991E-03
  1.2893E-03  1.3982E-04  4.6394E-03
  1.8942E-03 -1.6339E-03  2.0373E-03
  1.9771E-03 -1.2669E-03 -1.1489E-03
  2.5681E-03 -2.9896E-03 -3.7385E-03
  1.4643E-03  8.4208E-04 -1.7487E-03
  8.6436E-04  2.5924E-03  8.7306E-04
 -1.4046E-03  9.3623E-03  1.0093E-02
 -1.6041E-03  9.6101E-03  1.2516E-02
 -1.7343E-03  1.0677E-02  9.8993E-03
 -2.2997E-03  1.2252E-02  1.2714E-02
 -3.2514E-03  1.5940E-02  1.2648E-02
 -3.8265E-03  1.7482E-02  1.5794E-02
 -4.2043E-03  1.8333E-02  1.8608E-02
 -4.6203E-03  1.9464E-02  2.0814E-02
 -4.5031E-03  1.9316E-02  1.9401E-02
 -4.0272E-03  1.8131E-02  1.6375E-02
 -2.0642E-03  1.1343E-02  1.2717E-02
 -2.2545E-03  1.2531E-02  1.0615E-02
 -1.6736E-03  9.3123E-03  1.5141E-02
 -1.3907E-03  8.1388E-03  1.5519E-02
 -1.3258E-03  7.1045E-03  1.9154E-02
 -2.1751E-03  9.8709E-03  2.1528E-02
 -6.1374E-04  4.1481E-03  2.0118E-02
 -1.9396E-03  1.0521E-02  1.4296E-02
 -1.6104E-03  9.5213E-03  1.3041E-02
 -2.7758E-03  1.3660E-02  1.4710E-02
 -3.3356E-03  1.6083E-02  1.3494E-02
 -4.1804E-03  1.8799E-02  1.6023E-02
 -4.1150E-03  1.7871E-02  1.9153E-02
 -3.9864E-03  1.6762E-02  2.1995E-02
 -3.8961E-03  1.5725E-02  2.5186E-02
 -3.7451E-03  1.4559E-02  2.7892E-02
 -3.5327E-03  1.7559E-02  1.0179E-02
 -3.2820E-03  1.7140E-02  7.6330E-03
 -3.9324E-03  1.9094E-02  1.0213E-02
 -4.2146E-03  2.0814E-02  7.2895E-03
 -4.8208E-03  2.2926E-02  8.3437E-03
 -5.4754E-03  2.4769E-02  1.1516E-02
 -5.6990E-03  2.5123E-02  1.3878E-02
 -6.2444E-03  2.6568E-02  1.6942E-02
 -6.5727E-03  2.7683E-02  1.7648E-02
 -6.3582E-03  2.7364E-02  1.5288E-02
 -5.8163E-03  2.5927E-02  1.2251E-02
 -3.5576E-03  1.8960E-02  4.1254E-03
 -3.7134E-03  2.0152E-02  1.3853E-03
 -2.8505E-03  1.6161E-02  4.4492E-03
 -2.1758E-03  1.4187E-02  1.5247E-03
 -2.3274E-03  1.5127E-02 -1.1994E-04
 -2.0984E-03  1.3834E-02  1.7774E-03
 -1.5524E-03  1.2108E-02  8.3664E-06
 -2.4113E-03  1.4395E-02  4.7741E-03
 -1.3017E-03  1.0605E-02  2.4872E-03
 -8.7080E-04  8.9095E-03  2.6387E-03
 -1.0342E-03  9.4190E-03  3.2014E-03
 -1.4582E-03  1.1123E-02  2.8898E-03
 -7.1889E-04  8.3562E-03  2.4853E-03
 -1.9629E-04  5.8249E-03  4.8687E-03
 -2.0362E-04  6.0045E-03  4.1671E-03
  5.4594E-04  3.7082E-03  1.3984E-03
  4.6470E-04  4.6551E-03 -1.5381E-03
  1.2625E-03  7.4519E-04  2.3118E-03
  1.4343E-03 -6.2242E-04  5.5792E-03
  2.3945E-03 -4.1604E-03  4.7985E-03
  2.5633E-03 -4.0849E-03  1.4269E-03
  1.9786E-03 -1.4376E-03 -3.8385E-04
  2.3882E-03 -2.7030E-03 -1.8474E-03
  2.2653E-03 -2.5833E-03 -2.0345E-04
  4.7338E-03 -5.0727E-03 -7.7683E-03
  5.0026E-03 -6.6981E-03 -9.3498E-03
  5.0081E-03 -7.9148E-03 -1.2469E-02
  4.1500E-03 -5.5591E-03 -1.4812E-02
  4.2439E-03 -6.9951E-03 -1.7629E-02
  3.4489E-03 -4.7241E-03 -1.9569E-02
  3.6208E-03 -6.1701E-03 -2.1640E-02
  5.8753E-03 -9.2363E-03 -7.3380E-03
  6.0416E-03 -9.5996E-03 -6.6411E-03
  6.4366E-03 -1.1039E-02 -6.4897E-03
  7.2823E-03 -1.3466E-02 -4.4544E-03
  7.9335E-03 -1.6221E-02 -5.1981E-03
  7.7889E-03 -1.6978E-02 -8.6039E-03
  8.8111E-03 -1.8838E-02 -3.3453E-03
  7.2155E-03 -1.2053E-02 -1.4289E-03
  7.1957E-03 -1.1745E-02 -8.2280E-04
  7.1004E-03 -1.0944E-02  3.2542E-04
  7.0102E-03 -9.4797E-03  3.2523E-03
  6.9440E-03 -8.6070E-03  4.8740E-03
  6.8046E-03 -6.9022E-03  7.9421E-03
  5.9076E-03 -3.5976E-03  7.6892E-03
  5.7937E-03 -2.6289E-03  9.0895E-03
  5.3276E-03 -1.9657E-03  6.2090E-03
  7.7109E-03 -1.1364E-02  5.2689E-03
  8.4519E-03 -1.4012E-02  5.6893E-03
  7.4573E-03 -9.9681E-03  6.4010E-03
  8.0404E-03 -1.1445E-02  8.3153E-03
  8.2638E-03 -1.3014E-02  6.4321E-03
  8.6948E-03 -1.4170E-02  7.6809E-03
  7.9307E-03 -1.2911E-02  3.4080E-03
  8.1016E-03 -1.4371E-02  1.2900E-03
  8.5564E-03 -1.6798E-02 -5.4220E-04
  9.3602E-03 -1.9130E-02  1.3254E-03
  1.0083E-02 -2.1619E-02  1.9853E-03
  1.0904E-02 -2.4284E-02  3.1529E-03
  1.1633E-02 -2.6997E-02  3.2859E-03
  7.2964E-03 -1.2181E-02 -9.6275E-04
  6.6913E-03 -1.0355E-02 -2.1851E-03
  7.2983E-03 -1.2426E-02 -1.5844E-03
  6.5698E-03 -1.0503E-02 -3.7729E-03
  6.6422E-03 -1.0654E-02 -3.4512E-03
  5.9904E-03 -9.1777E-03 -6.0476E-03
  6.2429E-03 -1.0669E-02 -7.4384E-03
  5.2355E-03 -6.5763E-03 -6.7286E-03
  6.4836E-03 -1.1418E-02 -7.0122E-03
  7.0554E-03 -1.3977E-02 -8.0305E-03
  5.7490E-03 -9.2600E-03 -8.6490E-03
  5.5533E-03 -9.7081E-03 -1.1754E-02
  4.6850E-03 -6.8263E-03 -1.2825E-02
  4.6235E-03 -5.8347E-03 -1.0848E-02
  3.9077E-03 -3.1718E-03 -1.0982E-02
  5.2911E-03 -7.7259E-03 -9.1773E-03
  5.6238E-03 -1.0910E-02 -1.4192E-02
  5.7809E-03 -1.2354E-02 -1.6404E-02
  5.4926E-03 -1.0275E-02 -1.3834E-02
  5.5334E-03 -1.1286E-02 -1.6068E-02
  4.8568E-03 -8.8765E-03 -1.6474E-02
  4.0474E-03 -6.7330E-03 -1.8889E-02
  5.1273E-03 -1.0243E-02 -1.7363E-02
  6.3929E-03 -1.4339E-02 -1.5528E-02
  6.5882E-03 -1.5917E-02 -1.7713E-02
  6.9166E-03 -1.5225E-02 -1.2661E-02
  7.7445E-03 -1.8094E-02 -1.1954E-02
  7.8474E-03 -1.7663E-02 -9.8119E-03
  7.1713E-03 -1.5637E-02 -1.1216E-02
  7.7865E-03 -1.6351E-02 -6.9922E-03
  8.4688E-03 -2.0275E-02 -1.0479E-02
  9.1841E-03 -2.2955E-02 -1.0394E-02
  8.2823E-03 -1.9155E-02 -9.4014E-03
  8.9437E-03 -2.1080E-02 -7.8823E-03
  9.4669E-03 -2.1947E-02 -4.9672E-03
  1.0235E-02 -2.4475E-02 -3.9679E-03
  1.1255E-02 -1.3691E-02 -4.7710E-03
  1.2085E-02 -1.3853E-02 -1.2461E-03
  1.1474E-02 -1.3039E-02  3.1370E-04
  1.2919E-02 -1.3784E-02  3.6677E-03
  1.2417E-02 -1.3122E-02  4.9166E-03
  1.2656E-02 -1.2829E-02  7.9644E-03
  1.1769E-02 -1.2880E-02  2.8612E-03
  1.0760E-02 -1.2397E-02  2.9972E-04
  8.5746E-03 -1.0581E-02 -6.5133E-04
  1.2074E-02 -1.3189E-02  2.6621E-03
  1.0990E-02 -1.1944E-02  4.2503E-03
  1.2947E-02 -1.3316E-02  6.6199E-03
  1.4883E-02 -1.5356E-02  4.8877E-03
  1.4440E-02 -1.4988E-02  4.6869E-03
  1.6248E-02 -1.6487E-02  5.4944E-03
  1.2314E-02 -1.3230E-02  3.7088E-03
  8.7177E-03 -9.6011E-03  5.9839E-03
  8.4770E-03 -9.1626E-03  7.3068E-03
  7.0217E-03 -8.0904E-03  5.8546E-03
  4.7377E-03 -5.7753E-03  7.3585E-03
  2.6213E-03 -4.2241E-03  5.1981E-03
  2.1525E-03 -4.4006E-03  1.6078E-03
  1.4558E-03 -3.7958E-03  1.4595E-03
  1.1110E-04 -2.8514E-03 -1.5963E-04
  5.0537E-03 -5.4919E-03  1.0762E-02
  6.7934E-03 -6.9285E-03  1.1572E-02
  3.2918E-03 -3.5788E-03  1.2683E-02
  3.3307E-03 -3.0535E-03  1.6037E-02
  4.1674E-03 -3.3962E-03  1.8510E-02
  6.9713E-03 -5.8776E-03  1.8821E-02
  3.0124E-03 -2.5398E-03  1.7389E-02
  7.8475E-04 -6.2590E-04  1.6797E-02
 -9.9714E-04  6.2841E-04  1.4669E-02
  6.4316E-04  6.9206E-06  1.9818E-02
 -1.7028E-03  2.2916E-03  2.0805E-02
 -1.5960E-03  2.3809E-03  2.1917E-02
 -2.5902E-03  2.8044E-03  1.9076E-02
  9.2135E-04  2.9723E-04  2.3059E-02
 -2.1369E-03  3.1637E-03  2.3677E-02
 -3.6713E-04  1.8964E-03  2.5662E-02
 -4.4248E-03  5.2440E-03  2.3755E-02
 -5.0142E-03  6.2288E-03  2.6460E-02
 -7.5546E-03  8.3773E-03  2.5581E-02
 -7.7296E-03  8.7170E-03  2.6667E-02
 -1.0439E-02  1.1125E-02  2.6424E-02
 -1.1783E-02  1.1785E-02  2.3109E-02
 -1.1681E-02  1.1289E-02  2.0696E-02
 -1.2992E-02  1.1988E-02  1.7789E-02
 -1.0259E-02  1.0077E-02  2.1131E-02
 -5.0273E-03  6.7534E-03  2.9528E-02
 -5.3798E-03  7.0217E-03  2.9227E-02
 -4.5919E-03  6.8516E-03  3.2469E-02
 -4.5876E-03  7.3612E-03  3.5541E-02
 -3.8273E-03  7.1795E-03  3.8564E-02
 -4.2248E-03  8.0987E-03  4.1915E-02
 -2.7273E-03  6.8622E-03  4.2613E-02
  2.5976E-05  4.5548E-03  4.3692E-02
  5.1000E-04  4.6881E-03  4.7106E-02
 -7.1688E-03  9.7300E-03  3.5760E-02
 -7.4426E-03  1.0139E-02  3.6725E-02
 -9.0356E-03  1.1252E-02  3.4773E-02
 -1.1629E-02  1.3597E-02  3.4784E-02
 -1.3299E-02  1.4897E-02  3.3530E-02
 -1.2731E-02  1.4709E-02  3.5481E-02
 -1.3175E-02  1.4866E-02  3.4019E-02
 -1.1856E-02  1.4414E-02  3.8448E-02
 -1.2279E-02  1.3821E-02  3.2609E-02
 -1.3641E-02  1.5199E-02  3.3489E-02
 -1.1270E-02  1.2437E-02  2.9782E-02
 -1.1740E-02  1.2464E-02  2.7406E-02
 -1.0597E-02  1.0908E-02  2.4272E-02
 -1.1432E-02  1.1428E-02  2.2875E-02
 -1.0360E-02  1.0067E-02  2.0526E-02
 -1.3128E-02  1.3171E-02  2.4129E-02
 -1.0794E-02  1.1825E-02  2.8699E-02
 -1.1542E-02  1.2268E-02  2.7303E-02
 -9.1852E-03  1.0823E-02  3.1401E-02
 -8.1375E-03  1.0132E-02  3.2931E-02
 -6.5067E-03  9.1916E-03  3.6118E-02
 -3.7585E-03  6.6489E-03  3.5762E-02
 -2.3331E-03  5.6633E-03  3.7571E-02
  9.5267E-05  3.5841E-03  3.8258E-02
 -3.4042E-03  6.7626E-03  3.8357E-02
 -1.0129E-02  1.2054E-02  3.3662E-02
 -1.1763E-02  1.3812E-02  3.5346E-02
 -1.3951E-02  1.4241E-02  2.5969E-02
 -8.8395E-03  1.0303E-02  2.5284E-02
 -8.9806E-03  9.2295E-03  2.7892E-02
 -4.2537E-03  4.3649E-03  2.9938E-02
 -4.8413E-03  3.1665E-03  3.3633E-02
 -2.0653E-03  1.8238E-03  3.1518E-02
 -8.0276E-03  3.5195E-03  3.8663E-02
 -5.4127E-03  1.0358E-02  1.8923E-02
 -1.0138E-03  7.1306E-03  1.7980E-02
 -7.4239E-03  1.4012E-02  1.4582E-02
 -4.5581E-03  1.4534E-02  8.2194E-03
 -7.7946E-03  1.8979E-02  4.3775E-03
 -5.5589E-03  2.0222E-02 -2.4154E-03
 -9.4594E-03  2.4931E-02 -5.6271E-03
 -1.1803E-02  2.7869E-02 -7.7929E-03
 -1.0170E-02  2.5669E-02 -5.9473E-03
 -2.9111E-03  1.4178E-02  5.9996E-03
  1.3364E-03  1.2165E-02  2.6737E-03
 -6.3722E-03  1.6241E-02  7.7844E-03
 -5.3697E-03  1.6160E-02  6.1367E-03
 -1.0317E-02  1.9417E-02  8.0123E-03
 -9.5014E-03  1.9627E-02  6.0678E-03
 -1.3910E-02  2.3659E-02  5.2646E-03
 -1.4680E-03  1.1529E-02  9.1742E-03
  2.2620E-03  9.7786E-03  6.2140E-03
 -2.1457E-03  9.4481E-03  1.4965E-02
  1.3101E-03  5.0237E-03  1.8362E-02
 -5.0363E-04  3.4546E-03  2.5102E-02
 -5.6711E-03  6.5183E-03  2.7803E-02
  3.1842E-03 -1.1847E-03  2.8547E-02
  6.6970E-03  1.7352E-03  1.5754E-02
  1.0226E-02 -4.9759E-04  1.4217E-02
  7.3377E-03  1.4947E-03  1.5114E-02
  1.2361E-02 -1.5518E-03  1.2637E-02
  1.2115E-02 -1.4036E-03  1.2761E-02
  1.1243E-02 -3.5332E-03  1.9013E-02
  1.4058E-02 -5.8455E-03  1.8952E-02
  1.4795E-02 -9.1416E-03  2.4828E-02
  1.1869E-02 -8.4800E-03  2.8709E-02
  1.2803E-02 -1.1655E-02  3.3962E-02
  7.9896E-03 -4.6265E-03  2.7334E-02
  1.5023E-02 -9.0110E-04  6.3649E-03
  1.9667E-02 -4.0309E-03  4.7614E-03
  1.2086E-02  3.1351E-03  2.8738E-03
  1.4164E-02  4.1521E-03 -3.1395E-03
  1.0136E-02  9.0431E-03 -6.5157E-03
  1.1289E-02  1.0577E-02 -1.1975E-02
  6.3669E-03  1.5474E-02 -1.3737E-02
  3.1809E-03  1.7979E-02 -1.3420E-02
 -2.3322E-03  2.2270E-02 -1.2778E-02
  1.6010E-02  2.4473E-03 -2.7666E-03
  2.0119E-02  5.0651E-04 -5.9996E-03
  1.3003E-02  3.1607E-03  1.1474E-03
  1.4555E-02  1.5293E-03  1.8938E-03
  1.0590E-02  2.5665E-03  6.8426E-03
  6.1659E-03  7.1309E-03  4.9033E-03
  4.0501E-03  7.1854E-03  8.6371E-03
  1.7379E-03  6.2291E-03  1.4943E-02
 -3.1982E-03  9.2636E-03  1.7286E-02
 -4.9578E-03  8.0938E-03  2.3053E-02
 -6.3862E-03  1.3470E-02  1.3878E-02
  1.9605E-02 -3.4254E-03  3.5492E-03
  2.2914E-02 -5.1347E-03  1.2663E-03
  2.0190E-02 -5.7457E-03  7.5651E-03
  2.4776E-02 -1.0449E-02  9.5153E-03
  2.4061E-02 -1.2418E-02  1.5129E-02
  2.0585E-02 -1.2216E-02  2.1016E-02
  2.2905E-02 -1.5087E-02  2.3082E-02
  1.9588E-02 -1.3581E-02  2.5823E-02
  2.9435E-02 -1.2154E-02  4.7632E-03
  3.3521E-02 -1.5437E-02  4.5120E-03
  2.8976E-02 -1.0056E-02  1.0035E-03
  3.3415E-02 -1.1563E-02 -3.7803E-03
  3.2398E-02 -9.1121E-03 -7.2942E-03
  3.7079E-02 -1.0682E-02 -1.2381E-02
  2.7944E-02 -4.2114E-03 -9.9179E-03
  3.5057E-02 -1.0931E-02 -8.1548E-03
  3.9512E-02 -1.3921E-02 -9.7184E-03
  3.1264E-02 -7.0825E-03 -9.6752E-03
  3.1847E-02 -5.7283E-03 -1.3703E-02
  2.6516E-02 -1.2590E-03 -1.3784E-02
  2.6000E-02  1.8410E-03 -1.9633E-02
  2.5375E-02  2.2744E-03 -1.9444E-02
  2.7891E-02  2.1836E-03 -2.3827E-02
  2.2350E-02  2.7208E-03 -1.4913E-02
  3.4678E-02 -9.1032E-03 -1.1467E-02
  3.8094E-02 -1.0337E-02 -1.4987E-02
  3.2554E-02 -3.4725E-03 -1.4310E-02
  2.7346E-02 -5.1367E-03 -1.3163E-02
  2.3558E-02 -8.4148E-03 -1.3079E-02
  1.8420E-02 -1.1113E-02 -1.2330E-02
  1.8017E-02 -1.6542E-02 -1.4167E-02
  1.3435E-02 -1.8999E-02 -1.3517E-02
  9.1610E-03 -1.5996E-02 -1.0989E-02
  4.6588E-03 -1.8482E-02 -1.0377E-02
  9.4648E-03 -1.0625E-02 -9.1404E-03
  1.4098E-02 -8.1993E-03 -9.8180E-03
  2.8092E-02 -8.4805E-03 -1.4628E-02
  2.5738E-02 -7.6372E-03 -1.3530E-02
  3.1419E-02 -1.2263E-02 -1.7121E-02
  3.2382E-02 -1.5735E-02 -1.8706E-02
  3.5010E-02 -2.0574E-02 -2.1347E-02
  3.1131E-02 -2.4607E-02 -2.1507E-02
  3.0655E-02 -2.6039E-02 -2.1867E-02
  2.6194E-02 -2.9833E-02 -2.1744E-02
  2.4033E-02 -3.0705E-02 -2.1333E-02
  2.6950E-02 -2.7596E-02 -2.1186E-02
  3.5576E-02 -1.3159E-02 -1.8845E-02
  3.4291E-02 -1.4597E-02 -1.8935E-02
  3.9808E-02 -9.5308E-03 -1.8951E-02
  4.2879E-02 -6.9283E-03 -1.9039E-02
  4.7998E-02 -3.3879E-03 -1.9475E-02
  4.6829E-02  1.5082E-03 -1.7304E-02
  5.1967E-02  5.0575E-03 -1.7743E-02
  5.6135E-02  2.5065E-03 -2.0072E-02
  5.2089E-02  1.0026E-02 -1.5980E-02
  3.9159E-02 -3.4823E-03 -1.6536E-02
  3.9526E-02 -2.9785E-03 -1.6477E-02
  3.5423E-02 -1.3127E-03 -1.4491E-02
  3.1580E-02  2.1498E-03 -1.1941E-02
  2.9869E-02  5.7089E-03 -1.0073E-02
  2.5856E-02  9.6097E-03 -7.3060E-03
  2.5504E-02  1.4072E-02 -5.5673E-03
  1.8667E-02  1.1980E-02 -4.0270E-03
  2.6605E-02 -8.6741E-04 -1.1363E-02
  2.4957E-02  8.0319E-04 -1.0202E-02
  2.4507E-02 -5.5063E-03 -1.2342E-02
  1.9711E-02 -8.5807E-03 -1.1845E-02
  1.5910E-02 -1.0908E-02 -1.1411E-02
  1.0185E-02 -1.2229E-02 -9.9649E-03
  1.5753E-02 -6.8796E-03 -9.8956E-03
  2.0645E-02 -1.3019E-02 -1.3771E-02
  1.6942E-02 -1.4894E-02 -1.3206E-02
  2.5579E-02 -1.4649E-02 -1.6023E-02
  2.6767E-02 -1.8889E-02 -1.7962E-02
  3.2789E-02 -2.0046E-02 -2.0408E-02
  2.5358E-02 -1.7673E-02 -1.7047E-02
  2.2437E-02 -2.1040E-02 -1.7286E-02
  2.7344E-02 -1.2872E-02 -1.5971E-02
  3.1482E-02 -8.6409E-03 -1.5827E-02
  3.1269E-02 -4.1177E-03 -1.4112E-02
  3.0047E-02 -6.9651E-03 -1.4735E-02
  2.5941E-02 -1.1771E-02 -1.5099E-02
  1.9982E-02 -1.0755E-02 -1.2726E-02
  1.7939E-02 -1.1440E-02 -1.2287E-02
  1.7126E-02 -9.3661E-03 -1.1261E-02
  1.1366E-02 -8.4982E-03 -9.0074E-03
  9.5414E-03 -5.7256E-03 -7.3868E-03
  3.6041E-03 -4.7178E-03 -5.0235E-03
  2.5109E-03 -1.9698E-03 -3.6577E-03
  2.4128E-03 -1.2508E-03 -3.3636E-03
  7.9447E-03 -1.3906E-02 -9.8207E-03
  4.0672E-03 -1.4486E-02 -8.7266E-03
  9.4465E-03 -1.7912E-02 -1.1781E-02
  6.6308E-03 -2.3337E-02 -1.2803E-02
  9.1614E-03 -2.7200E-02 -1.5058E-02
  6.2016E-03 -3.2913E-02 -1.6137E-02
  8.9464E-03 -2.5142E-02 -1.4238E-02
  3.2696E-03 -2.4272E-02 -1.2012E-02
  7.4752E-03 -2.5221E-02 -1.3772E-02
  3.6360E-03 -2.7563E-02 -1.3331E-02
  1.2560E-02 -2.4152E-02 -1.5094E-02
  1.4044E-02 -2.5710E-02 -1.6159E-02
  1.1040E-02 -2.2788E-02 -1.4087E-02
  9.5075E-03 -2.4977E-02 -1.4367E-02
  6.5504E-03 -1.5039E-02 -2.9001E-02
  3.1677E-03 -1.7763E-02 -2.2668E-02
  6.0498E-03 -1.1937E-02 -1.6780E-02
  2.7876E-03 -1.4112E-02 -9.2220E-03
  1.6003E-03 -1.5717E-02 -9.0881E-03
 -1.3567E-03 -1.7653E-02 -2.1171E-03
 -3.1478E-03 -1.7992E-02  4.7848E-03
 -5.8955E-03 -1.9651E-02  1.1710E-02
 -2.0385E-03 -1.6458E-02  4.7704E-03
  9.0986E-04 -1.4521E-02 -2.1539E-03
 -8.1695E-04 -2.1865E-02 -1.8084E-02
 -5.3021E-03 -2.7743E-02 -1.6982E-02
  8.1665E-04 -1.8751E-02 -1.5353E-02
 -2.7090E-03 -2.2239E-02 -1.0843E-02
 -8.9974E-05 -1.7340E-02 -6.7658E-03
  8.3266E-04 -1.3594E-02  1.1728E-03
  5.6007E-03 -6.5481E-03  2.5680E-03
  6.4703E-03 -3.0802E-03  9.8482E-03
  2.5426E-03 -6.6950E-03  1.5746E-02
  3.4820E-03 -3.2216E-03  2.2732E-02
 -2.2124E-03 -1.3679E-02  1.4491E-02
 -3.0610E-03 -1.7119E-02  7.2070E-03
 -6.0937E-03 -2.8427E-02 -1.5651E-02
 -1.0107E-02 -3.2840E-02 -1.1944E-02
 -4.5471E-03 -2.8802E-02 -2.3763E-02
 -7.9147E-03 -3.4932E-02 -2.8459E-02
 -5.2458E-03 -3.3937E-02 -3.7170E-02
 -1.6361E-03 -2.8937E-02 -3.7191E-02
 -1.1969E-02 -4.0626E-02 -2.8690E-02
 -1.6273E-02 -4.6389E-02 -2.8024E-02
 -1.0629E-02 -3.9067E-02 -2.9654E-02
 -1.4349E-02 -4.4291E-02 -2.9863E-02
 -1.1998E-02 -4.1703E-02 -3.2028E-02
 -1.1775E-02 -4.4153E-02 -4.0907E-02
 -1.0603E-02 -4.3003E-02 -4.2440E-02
 -9.8994E-03 -4.4825E-02 -5.1443E-02
 -7.9666E-03 -4.2735E-02 -5.3343E-02
 -1.8099E-02 -4.6973E-02 -2.1755E-02
 -2.2532E-02 -5.3006E-02 -2.1385E-02
 -1.6321E-02 -4.2482E-02 -1.5239E-02
 -1.9558E-02 -4.4428E-02 -7.0510E-03
 -1.6387E-02 -3.8101E-02 -8.4262E-04
 -1.4068E-02 -3.4438E-02  5.9689E-04
 -1.7996E-02 -3.8719E-02  4.3517E-03
 -1.8044E-02 -3.9877E-02  8.3850E-04
 -2.1148E-02 -4.1112E-02  1.0718E-02
 -2.2991E-02 -4.8937E-02 -6.2407E-03
 -2.7462E-02 -5.4090E-02 -2.8681E-03
 -2.0864E-02 -4.6969E-02 -9.3991E-03
 -2.3676E-02 -5.0771E-02 -9.0864E-03
 -2.0224E-02 -4.7194E-02 -1.2978E-02
 -2.7876E-02 -5.7921E-02 -1.3352E-02
 -3.2113E-02 -6.2779E-02 -1.0073E-02
 -2.6678E-02 -5.8514E-02 -2.0607E-02
 -3.0301E-02 -6.5070E-02 -2.5537E-02
 -2.7673E-02 -6.4091E-02 -3.4115E-02
 -2.4933E-02 -6.2196E-02 -4.0248E-02
 -2.1301E-02 -5.9594E-02 -4.8084E-02
 -1.7284E-02 -5.4939E-02 -5.1033E-02
 -2.2457E-02 -6.2204E-02 -5.1324E-02
 -3.4187E-02 -6.9084E-02 -2.1110E-02
 -3.8452E-02 -7.5275E-02 -2.2000E-02
 -3.2710E-02 -6.5509E-02 -1.6195E-02
 -3.6090E-02 -6.8758E-02 -1.1566E-02
 -3.3157E-02 -6.3845E-02 -8.8467E-03
 -3.9480E-02 -7.1162E-02 -4.1733E-03
 -4.2969E-02 -7.4656E-02  1.5409E-04
 -3.8348E-02 -6.9096E-02 -2.5760E-03
 -4.1369E-02 -7.1141E-02  4.3288E-03
 -4.0096E-02 -6.6853E-02  1.2447E-02
 -4.2746E-02 -6.8541E-02  1.8845E-02
 -3.5917E-02 -6.1149E-02  1.2149E-02
 -3.4245E-02 -5.6544E-02  1.9509E-02
 -3.1058E-02 -5.2570E-02  1.8077E-02
 -3.4174E-02 -5.6826E-02  1.8286E-02
 -3.2658E-02 -5.6642E-02  1.2110E-02
 -3.7843E-02 -6.0151E-02  2.3963E-02
 -3.1370E-02 -5.1540E-02  2.2786E-02
 -3.0660E-02 -4.8390E-02  2.9756E-02
 -1.6643E-02 -3.2524E-02  1.1394E-02
 -1.4109E-02 -3.0846E-02  1.1466E-02
 -1.3955E-02 -3.1418E-02  1.1706E-02
 -1.6635E-02 -3.0373E-02  1.0644E-02
 -1.1294E-02 -3.0007E-02  1.1905E-02
 -1.4633E-02 -2.7720E-02  1.0236E-02
 -1.6924E-02 -2.7116E-02  9.4290E-03
 -1.2449E-02 -2.5744E-02  1.0113E-02
 -1.2753E-02 -2.2636E-02  8.9473E-03
 -1.0329E-02 -2.1175E-02  9.0667E-03
 -1.0532E-02 -2.2052E-02  9.3206E-03
 -8.6531E-03 -2.4599E-02  1.0700E-02
 -5.5118E-03 -2.3559E-02  1.1154E-02
 -3.5419E-03 -2.5945E-02  1.2501E-02
 -1.2537E-02 -2.1266E-02  8.5239E-03
 -1.0592E-02 -2.1839E-02  9.2306E-03
 -1.4580E-02 -1.9519E-02  7.3817E-03
 -1.4545E-02 -1.8133E-02  6.9061E-03
 -1.7552E-02 -1.8892E-02  6.3890E-03
 -1.8100E-02 -1.6983E-02  5.5789E-03
 -1.9863E-02 -1.4703E-02  4.3229E-03
 -2.0240E-02 -1.2770E-02  3.5487E-03
 -1.8872E-02 -1.3082E-02  4.0137E-03
 -1.9336E-02 -1.1036E-02  3.1776E-03
 -1.7097E-02 -1.5346E-02  5.2673E-03
 -1.6724E-02 -1.7310E-02  6.0514E-03
 -1.3937E-02 -1.4878E-02  5.9255E-03
 -1.4953E-02 -1.3736E-02  5.2617E-03
 -1.2233E-02 -1.3379E-02  5.8443E-03
 -1.1653E-02 -1.0243E-02  4.8985E-03
 -8.9346E-03 -9.5214E-03  5.3534E-03
 -1.1226E-02 -8.7590E-03  4.4906E-03
 -9.9486E-03 -9.9346E-03  5.2341E-03
 -1.2408E-02 -6.2507E-03  3.3057E-03
 -1.2108E-02 -4.6092E-03  2.8097E-03
 -1.5034E-02 -3.3943E-03  1.6236E-03
 -1.4851E-02 -1.5192E-03  1.0153E-03
 -1.7180E-02 -2.5064E-03  7.5483E-04
 -2.0380E-02 -2.3719E-03 -1.2470E-04
 -2.1551E-02 -5.0163E-03  4.9548E-04
 -9.6754E-03 -2.1568E-03  2.5846E-03
 -9.6882E-03 -5.6552E-04  2.0247E-03
 -7.6767E-03 -1.7893E-03  2.9761E-03
 -5.1287E-03  3.4631E-04  2.8919E-03
 -2.2057E-03 -1.2385E-03  4.2066E-03
 -1.4437E-03 -2.6876E-03  4.9117E-03
  3.7121E-04  7.8458E-04  4.1694E-03
 -5.3000E-03  2.6428E-03  2.0441E-03
 -5.6655E-03  1.9491E-03  2.1917E-03
 -5.0695E-03  5.3879E-03  1.1439E-03
 -5.1973E-03  7.7048E-03  3.0023E-04
 -5.8760E-03  1.0556E-02 -8.7348E-04
 -6.4921E-03  1.2981E-02 -1.8822E-03
 -6.0055E-03  1.5556E-02 -2.6562E-03
 -7.5175E-03  1.2353E-02 -1.9293E-03
 -2.1991E-03  8.0051E-03  9.7516E-04
 -5.5436E-06  8.9751E-03  1.2065E-03
 -2.1032E-03  7.0001E-03  1.3516E-03
  6.5397E-04  7.1778E-03  2.0067E-03
  1.4218E-03  1.0116E-02  1.1787E-03
  3.5947E-03  1.0543E-02  1.5948E-03
 -3.8911E-04  1.2148E-02 -3.1524E-06
  1.0832E-04  1.5079E-02 -8.9900E-04
 -2.8651E-03  1.6346E-02 -2.1156E-03
 -4.8741E-03  1.4295E-02 -1.9208E-03
 -4.3129E-03  1.6785E-02 -2.6458E-03
  1.9152E-03  1.7107E-02 -1.1382E-03
  2.0909E-03  1.9737E-02 -2.0125E-03
  3.0711E-03  1.5902E-02 -4.1608E-04
  4.8506E-03  1.7605E-02 -5.4874E-04
  4.3258E-03  1.6420E-02 -2.7087E-04
  1.5573E-03  1.7121E-02 -1.2361E-03
  1.6756E-03  1.5997E-02 -8.1239E-04
 -1.0755E-03  1.6478E-02 -1.6963E-03
 -6.0988E-04  1.5633E-02 -1.2795E-03
  8.1455E-03  1.7471E-02  3.5522E-04
  9.0659E-03  1.5634E-02  1.2371E-03
  8.7853E-03  1.8088E-02 -1.4426E-02
  7.8016E-03  2.0987E-02 -1.6108E-02
  9.1363E-03  2.2253E-02 -1.9283E-02
  1.1960E-02  1.9221E-02 -2.0004E-02
  1.1505E-02  1.6664E-02 -1.6692E-02
  1.1560E-02  1.6095E-02 -1.6170E-02
  9.6798E-03  1.8085E-02 -1.5660E-02
  1.3716E-02  1.3396E-02 -1.6319E-02
  1.4055E-02  1.2530E-02 -1.5878E-02
  1.6936E-02  9.5783E-03 -1.6763E-02
  1.7260E-02  6.7171E-03 -1.4209E-02
  1.7563E-02  9.0379E-03 -1.7063E-02
  1.3345E-02  1.5293E-02 -1.7796E-02
  1.2039E-02  1.5898E-02 -1.6625E-02
  1.4056E-02  1.7094E-02 -2.0669E-02
  1.3483E-02  1.9833E-02 -2.2752E-02
  1.5057E-02  2.0963E-02 -2.6114E-02
  1.0498E-02  2.2504E-02 -2.1428E-02
  9.4844E-03  2.4496E-02 -2.2118E-02
  9.0767E-03  2.2662E-02 -1.9629E-02
  6.2193E-03  2.5150E-02 -1.8290E-02
  5.0776E-03  2.5950E-02 -1.7551E-02
  2.5106E-03  2.9283E-02 -1.7501E-02
  1.6632E-03  3.0465E-02 -1.7570E-02
 -7.6972E-04  3.2572E-02 -1.6418E-02
  3.4105E-03  2.9317E-02 -1.8781E-02
  4.8034E-03  2.4186E-02 -1.5321E-02
  3.1211E-03  2.6059E-02 -1.4961E-02
  5.5916E-03  2.1213E-02 -1.3291E-02
  4.3680E-03  2.0033E-02 -1.0361E-02
  5.7089E-03  1.6537E-02 -8.5458E-03
  5.4743E-03  1.5954E-02 -7.6086E-03
  4.4018E-03  1.5439E-02 -5.5854E-03
  4.6483E-03  2.0494E-02 -1.1231E-02
  2.7056E-03  2.1677E-02 -9.7880E-03
  7.0800E-03  1.9582E-02 -1.3636E-02
  7.6951E-03  1.9912E-02 -1.4833E-02
  1.0617E-02  1.8759E-02 -1.7662E-02
  1.1717E-02  1.8459E-02 -1.8868E-02
  1.2315E-02  2.0884E-02 -2.2240E-02
  1.5157E-02  1.9397E-02 -2.4608E-02
  1.6113E-02  1.9688E-02 -2.6236E-02
  1.8735E-02  1.8247E-02 -2.8348E-02
  1.4461E-02  2.1416E-02 -2.5765E-02
  5.7870E-03  2.3390E-02 -1.5845E-02
  4.6352E-03  2.4150E-02 -1.5051E-02
  5.3600E-03  2.5519E-02 -1.7490E-02
  3.5386E-03  2.8896E-02 -1.8516E-02
  3.4685E-03  3.0756E-02 -2.0371E-02
  7.6325E-04  2.9743E-02 -1.5568E-02
 -5.4509E-04  3.1376E-02 -1.5473E-02
 -1.2811E-04  2.8606E-02 -1.3143E-02
 -2.7637E-03  2.9263E-02 -1.0188E-02
 -3.3352E-03  2.7748E-02 -7.8084E-03
 -4.1605E-03  2.9578E-02 -8.5882E-03
 -3.9548E-03  2.8128E-02 -7.3510E-03
 -5.0322E-03  3.2437E-02 -1.0383E-02
 -3.0469E-03  2.8101E-02 -8.5776E-03
 -5.1116E-03  2.9806E-02 -7.5123E-03
 -9.9135E-04  2.5216E-02 -8.3908E-03
 -1.0272E-03  2.3864E-02 -6.9227E-03
  1.5248E-03  2.0579E-02 -7.0027E-03
  1.2583E-03  1.8399E-02 -4.3463E-03
 -1.4730E-03  1.9045E-02 -1.2484E-03
  3.4651E-03  1.5053E-02 -3.8860E-03
 -1.4602E-03  2.5843E-02 -8.4006E-03
 -2.8093E-03  2.6027E-02 -6.7288E-03
 -2.9874E-04  2.7314E-02 -1.1550E-02
 -6.4806E-04  2.9288E-02 -1.3139E-02
  1.3036E-03  3.0160E-02 -1.6752E-02
  4.1824E-03  2.7376E-02 -1.7810E-02
  6.0091E-03  2.8362E-02 -2.1371E-02
  7.5518E-03  2.8078E-02 -2.3205E-02
  5.9164E-03  2.9385E-02 -2.2317E-02
 -3.5290E-03  3.2243E-02 -1.2258E-02
 -4.6128E-03  3.3403E-02 -1.1977E-02
 -1.1288E-03  3.2733E-02 -1.1521E-02
 -7.1610E-03  3.6008E-02 -1.1417E-02
 -9.6573E-03  4.2154E-02 -1.3671E-02
 -5.4454E-03  4.7752E-02 -1.7523E-02
 -3.5535E-03  5.1076E-02 -1.9642E-02
 -9.7599E-03  5.3639E-02 -1.9149E-02
 -7.6770E-03  5.6170E-02 -2.0940E-02
 -1.2910E-02  3.1739E-02 -7.7758E-03
 -1.8179E-02  3.3546E-02 -7.1792E-03
 -1.1922E-02  2.6118E-02 -5.3549E-03
 -1.6980E-02  2.1587E-02 -1.7791E-03
 -1.7859E-02  1.8446E-02 -2.9324E-05
 -2.1081E-02  1.2243E-02  3.8383E-03
 -2.2054E-02  2.3064E-02 -1.0792E-03
 -2.2549E-02  2.0489E-02  2.9285E-04
 -1.4802E-02  1.6293E-02  1.5450E-04
 -1.8978E-02  1.4338E-02  2.2503E-03
 -8.1844E-03  1.4226E-02 -6.9111E-04
 -5.3108E-03  8.9453E-03  1.0431E-03
  3.1591E-04  5.0178E-03  1.3645E-03
 -2.2518E-03  2.8655E-03  3.1089E-03
 -7.2432E-03 -1.8110E-03  6.7360E-03
  3.5430E-03  1.2294E-04  2.8156E-03
 -2.5622E-03  1.0458E-02 -4.4466E-04
 -3.6282E-03  7.1336E-03  1.4447E-03
  1.1635E-03  1.5298E-02 -3.7991E-03
  4.2150E-03  1.7003E-02 -5.4631E-03
  1.0500E-02  1.2268E-02 -4.9373E-03
  9.9195E-03  7.5289E-03 -2.5043E-03
  1.5961E-02  1.3148E-02 -6.8748E-03
