  8.5594E-03  1.5967E-03 -1.0344E-02
  7.5842E-03  2.1119E-03 -9.6085E-03
  8.2852E-03  2.8727E-03 -1.0326E-02
  7.4003E-03  3.4927E-03 -9.6841E-03
  6.0442E-03  4.9624E-03 -8.7870E-03
  6.5832E-03  6.8843E-03 -9.5621E-03
  6.9759E-03  5.1778E-04 -8.8297E-03
  7.6888E-03 -7.7008E-04 -9.2153E-03
  5.6720E-03  5.6090E-04 -7.7383E-03
  4.9641E-03 -8.9043E-04 -6.8995E-03
  4.2501E-03 -1.5527E-03 -6.1873E-03
  5.1257E-03 -2.6315E-03 -6.7449E-03
  4.4758E-03 -2.7895E-03 -6.1710E-03
  5.2835E-03 -3.9632E-03 -6.6555E-03
  4.8178E-03 -4.9717E-03 -6.0947E-03
  5.6592E-03 -6.0069E-03 -6.6307E-03
  3.5263E-03 -4.9538E-03 -5.0095E-03
  3.9864E-03 -2.9764E-04 -6.1748E-03
  3.0760E-03  8.0788E-04 -5.5923E-03
  4.1784E-03 -1.0684E-03 -6.2078E-03
  3.3779E-03 -5.6894E-04 -5.6167E-03
  4.2484E-03  2.7132E-04 -6.4906E-03
  3.5588E-03  6.1496E-04 -5.9669E-03
  4.6872E-03  1.8998E-03 -7.1322E-03
  5.8846E-03  2.4251E-03 -8.2288E-03
  2.8236E-03 -2.0986E-03 -4.8943E-03
  3.4688E-03 -3.4981E-03 -5.2042E-03
  1.5792E-03 -1.8460E-03 -3.8880E-03
  9.1833E-04 -3.1361E-03 -3.1157E-03
 -4.7450E-04 -3.3020E-03 -1.9145E-03
 -3.3762E-04 -4.2579E-03 -1.8702E-03
 -1.6077E-03 -4.3283E-03 -7.8836E-04
 -1.3047E-03 -4.2183E-03 -1.0620E-03
  7.8344E-04 -2.3322E-03 -3.1364E-03
  3.3591E-04 -8.2217E-04 -3.0115E-03
  1.2548E-03 -3.2868E-03 -3.3741E-03
  1.2074E-03 -2.6658E-03 -3.4379E-03
  2.5839E-03 -3.0357E-03 -4.5359E-03
  2.9056E-03 -2.1855E-03 -4.9489E-03
  4.3351E-03 -2.6841E-03 -6.0700E-03
  2.6625E-03 -2.6832E-04 -5.0642E-03
  1.9958E-04 -3.5567E-03 -2.4399E-03
  3.8493E-04 -5.0917E-03 -2.3398E-03
 -8.7269E-04 -2.6036E-03 -1.6957E-03
 -1.9174E-03 -3.3125E-03 -6.9710E-04
 -3.2923E-03 -2.6466E-03  3.5013E-04
 -3.7075E-03 -2.8204E-03  7.2899E-04
 -3.6285E-03 -4.6307E-03  9.6475E-04
 -5.0962E-03 -2.0156E-03  1.7646E-03
 -1.8613E-03 -2.8425E-03 -8.2285E-04
 -1.4590E-03 -1.5057E-03 -1.3850E-03
 -2.3145E-03 -3.9125E-03 -2.6226E-04
 -2.2966E-03 -3.5467E-03 -3.3850E-04
 -2.7595E-03 -4.9703E-03  2.8930E-04
 -2.4859E-03 -6.4816E-03  3.1115E-04
 -3.4640E-03 -4.4797E-03  8.0094E-04
 -3.9806E-03 -5.6977E-03  1.4396E-03
 -4.8993E-03 -4.7600E-03  2.0571E-03
 -2.8695E-03 -6.7498E-03  6.7914E-04
 -1.7764E-03 -6.2467E-03 -3.2586E-04
 -3.0912E-03 -8.3124E-03  1.1269E-03
 -2.0543E-03 -9.3796E-03  4.3148E-04
 -2.6594E-03 -1.1072E-02  1.2240E-03
 -4.1281E-03 -1.0606E-02  2.3835E-03
 -4.1630E-03 -9.3141E-03  2.1972E-03
 -1.8236E-03 -8.5468E-03  9.8039E-05
 -2.7497E-03 -8.1836E-03  8.1769E-04
 -6.0753E-04 -8.1706E-03 -9.8938E-04
 -2.8605E-04 -7.3817E-03 -1.3920E-03
 -7.4406E-05 -5.5035E-03 -1.8840E-03
  4.7309E-04 -4.7933E-03 -2.4639E-03
 -2.5274E-04 -2.8737E-03 -1.0347E-03
 -3.0673E-04 -5.2661E-04 -1.7716E-03
 -1.8453E-03  2.4547E-04 -8.6985E-04
  1.5946E-03 -6.1459E-06 -3.3745E-03
  1.8362E-03  1.9450E-03 -4.2025E-03
  2.9190E-03 -1.7339E-03 -3.7985E-03
  4.7651E-03 -1.4052E-03 -5.2962E-03
  4.8071E-03 -2.9827E-04 -5.6946E-03
  5.6386E-03  1.2962E-03 -6.8483E-03
  3.9628E-03 -1.1268E-03 -4.7849E-03
  3.9662E-03 -1.4843E-04 -5.1115E-03
  2.4385E-03 -8.3701E-04 -3.7341E-03
  2.5205E-03 -3.3376E-03 -2.9675E-03
  1.1765E-03 -3.9438E-03 -1.7555E-03
  1.7377E-03 -6.4125E-03 -1.3599E-03
  1.1482E-03 -8.0638E-03 -3.6938E-04
  5.9097E-03 -8.8234E-04 -6.3306E-03
  6.4793E-03  2.2654E-04 -7.1265E-03
  6.9318E-03 -2.7431E-03 -6.4832E-03
  8.8283E-03 -3.6274E-03 -7.6171E-03
  1.0157E-02 -1.9858E-03 -9.1603E-03
  1.1510E-02 -2.0115E-03 -1.0170E-02
  9.7162E-03 -4.6371E-04 -9.3330E-03
  1.0901E-02  1.2029E-03 -1.0776E-02
  1.0058E-02  2.8094E-03 -1.0675E-02
  9.6481E-03  1.4345E-03 -9.9106E-03
  8.3551E-03  4.3041E-03 -9.8885E-03
  1.1256E-02  2.6417E-03 -1.1520E-02
  1.2741E-02  3.3647E-03 -1.2877E-02
  9.9339E-03  2.9676E-03 -1.0634E-02
  1.0142E-02  4.3687E-03 -1.1254E-02
  8.2812E-03  6.0308E-03 -1.0405E-02
  8.4808E-03  8.5141E-03 -1.1378E-02
  9.3226E-03  9.4458E-03 -1.2320E-02
  1.0977E-02  1.0078E-02 -1.3773E-02
  8.4662E-03  9.6862E-03 -1.1755E-02
  1.0785E-02  3.0552E-03 -1.1303E-02
  1.1103E-02  4.0326E-03 -1.1866E-02
  1.1131E-02  8.3547E-04 -1.0828E-02
  1.1707E-02 -6.0313E-04 -1.0784E-02
  1.1692E-02 -3.0030E-03 -9.9780E-03
  1.3599E-02 -3.9091E-04 -1.2278E-02
  1.3732E-02 -9.2261E-05 -1.2478E-02
  1.5081E-02 -5.8570E-04 -1.3329E-02
  1.6948E-02 -3.5985E-04 -1.4809E-02
  1.8389E-02 -4.0933E-04 -1.5876E-02
  1.9702E-02 -2.6500E-03 -1.6121E-02
  2.1375E-02 -2.4197E-03 -1.7456E-02
  2.1824E-02 -3.9542E-03 -1.7286E-02
  2.2257E-02 -8.6719E-04 -1.8635E-02
  1.6832E-02  1.8294E-03 -1.5446E-02
  1.7748E-02  1.9096E-03 -1.6162E-02
  1.5716E-02  3.6201E-03 -1.5200E-02
  1.5511E-02  5.8175E-03 -1.5773E-02
  1.4231E-02  7.6269E-03 -1.5410E-02
  1.3417E-02  9.7577E-03 -1.5503E-02
  1.1477E-02  1.0315E-02 -1.4229E-02
  1.0716E-02  1.2205E-02 -1.4281E-02
  1.1896E-02  1.3564E-02 -1.5620E-02
  1.3845E-02  1.3038E-02 -1.6912E-02
  1.4589E-02  1.1145E-02 -1.6845E-02
  1.4736E-02  5.7157E-03 -1.5157E-02
  1.5538E-02  6.3560E-03 -1.5972E-02
  1.3192E-02  4.8432E-03 -1.3706E-02
  1.2298E-02  4.6337E-03 -1.2964E-02
  1.0523E-02  3.6612E-03 -1.1306E-02
  9.6107E-03  3.2443E-03 -1.0482E-02
  9.1234E-03  5.3490E-03 -1.0813E-02
  7.5034E-03  4.4159E-03 -9.2847E-03
  1.3666E-02  3.2360E-03 -1.3531E-02
  1.3865E-02  3.9738E-03 -1.3925E-02
  1.3656E-02  3.3788E-03 -1.1806E-02
  1.4908E-02  2.1107E-03 -1.1909E-02
  1.5909E-02  5.7493E-04 -1.1783E-02
  1.4788E-02 -7.5165E-04 -1.0708E-02
  1.5889E-02 -2.1003E-03 -1.0705E-02
  1.7032E-02 -3.9664E-03 -1.0516E-02
  1.6264E-02  3.1522E-03 -1.2985E-02
  1.6557E-02  3.0410E-03 -1.3083E-02
  1.7007E-02  4.2535E-03 -1.3786E-02
  1.8321E-02  5.3206E-03 -1.4852E-02
  1.9114E-02  6.2151E-03 -1.5595E-02
  2.0579E-02  7.3105E-03 -1.6745E-02
  2.2197E-02  6.9659E-03 -1.7395E-02
  2.3661E-02  7.2844E-03 -1.8234E-02
  2.2010E-02  6.3740E-03 -1.7067E-02
  1.7615E-02  6.7710E-03 -1.5087E-02
  1.8610E-02  7.2209E-03 -1.5751E-02
  1.5904E-02  7.4963E-03 -1.4545E-02
  1.5192E-02  8.9039E-03 -1.4760E-02
  1.3600E-02  1.0158E-02 -1.4486E-02
  1.3318E-02  1.2120E-02 -1.5133E-02
  1.4956E-02  1.3038E-02 -1.6296E-02
  1.4727E-02  1.4995E-02 -1.6966E-02
  1.4539E-02  1.5036E-02 -1.6891E-02
  1.4667E-02  8.1014E-03 -1.4184E-02
  1.4899E-02  8.8596E-03 -1.4600E-02
  1.4022E-02  6.5241E-03 -1.3241E-02
  1.3419E-02  5.6561E-03 -1.2600E-02
  1.1460E-02  5.3700E-03 -1.1533E-02
  1.0303E-02  7.1492E-03 -1.1681E-02
  1.0103E-02  7.6039E-03 -1.1765E-02
  9.3040E-03  9.3627E-03 -1.2079E-02
  8.6743E-03  1.0699E-02 -1.2306E-02
  8.0167E-03  1.2468E-02 -1.2692E-02
  8.8158E-03  1.0274E-02 -1.2205E-02
  9.6309E-03  8.4986E-03 -1.1893E-02
  1.4604E-02  3.8710E-03 -1.2464E-02
  1.4379E-02  3.2262E-03 -1.2097E-02
  1.5871E-02  3.0884E-03 -1.2768E-02
  1.6997E-02  1.4101E-03 -1.2646E-02
  1.5949E-02 -1.5309E-04 -1.1512E-02
  1.6068E-02 -1.1404E-03 -1.1175E-02
  1.4995E-02 -4.3117E-04 -1.0936E-02
  1.3869E-02 -1.8666E-03 -9.8155E-03
  1.1815E-02 -1.0604E-03 -9.1379E-03
  1.1424E-02  1.5841E-04 -9.4346E-03
  1.1179E-02  1.1988E-04 -9.2997E-03
  9.4260E-03  1.2878E-03 -8.9133E-03
  1.4254E-02 -2.8008E-03 -9.6296E-03
  1.4829E-02 -1.9878E-03 -1.0234E-02
  1.4023E-02 -4.5569E-03 -8.8158E-03
  1.3867E-02 -5.8046E-03 -8.2415E-03
  1.3799E-02 -7.6302E-03 -7.4795E-03
  1.4978E-02 -7.5362E-03 -8.0908E-03
  1.4349E-02 -5.5915E-03 -8.5616E-03
  1.2706E-02 -5.5548E-03 -7.7767E-03
  1.1200E-02 -5.1900E-03 -7.1896E-03
  1.3020E-02 -6.0688E-03 -7.7239E-03
  1.1593E-02 -6.1670E-03 -6.9903E-03
  1.2106E-02 -5.5775E-03 -7.4758E-03
  1.0733E-02 -5.7685E-03 -6.7311E-03
  1.1367E-02 -5.4087E-03 -7.1832E-03
  1.0656E-02 -6.2521E-03 -6.5007E-03
  1.2474E-02 -4.3849E-03 -8.1307E-03
  1.1304E-02 -8.1603E-03 -6.0541E-03
  1.2530E-02 -9.4069E-03 -6.1526E-03
  9.6787E-03 -8.4620E-03 -5.1426E-03
  9.2146E-03 -1.0292E-02 -4.1861E-03
  8.1898E-03 -1.0653E-02 -3.5431E-03
  7.5683E-03 -1.2526E-02 -2.4926E-03
  9.3113E-03 -1.0489E-02 -4.1542E-03
  8.1943E-03 -1.0336E-02 -3.6720E-03
  7.9262E-03 -1.0284E-02 -3.5625E-03
  6.7381E-03 -8.9674E-03 -3.5100E-03
  8.1940E-03 -1.1712E-02 -3.1225E-03
  6.9789E-03 -1.1867E-02 -2.4691E-03
  7.7814E-03 -1.1391E-02 -3.0498E-03
  8.6429E-03 -1.2995E-02 -2.8284E-03
  6.7428E-03 -1.3895E-02 -1.5446E-03
  7.9706E-03 -1.5064E-02 -1.6748E-03
  4.9663E-03 -1.0750E-02 -8.8198E-03
  5.5359E-03 -7.0186E-03 -1.1078E-02
  7.0072E-03 -8.8029E-03 -2.1213E-02
  6.7323E-03 -1.8874E-02 -2.3238E-02
  8.1784E-03 -4.2471E-03 -2.7030E-02
  5.6709E-03  2.8260E-03 -8.2370E-03
  5.4260E-03  5.4539E-03 -5.6718E-03
  5.9804E-03  8.1727E-03 -8.2134E-03
  6.1173E-03  1.7561E-02 -5.5576E-03
  4.6242E-03  1.8191E-02  4.2834E-03
  4.5247E-03  2.3574E-02  6.9508E-03
  3.4486E-03  1.2425E-02  9.6718E-03
  1.9476E-03  1.2471E-02  1.9343E-02
  8.4670E-04  6.3508E-03  2.4118E-02
  9.7206E-04  1.0544E-02  2.4892E-02
  5.0416E-04  5.2734E-03  2.5916E-02
  1.5088E-03  1.8997E-02  2.4624E-02
  1.4265E-03  9.0822E-03  2.1418E-02
  7.7240E-04  1.2818E-02  2.7033E-02
  1.6976E-03  1.7343E-03  1.6906E-02
  1.2741E-03 -2.8453E-03  1.7905E-02
  1.7657E-03 -1.0932E-02  1.1697E-02
  1.0427E-03 -1.7841E-02  1.3744E-02
  1.6727E-03 -2.6655E-02  6.3720E-03
  3.5593E-03 -2.1376E-02 -3.7733E-03
  1.9786E-03  3.2199E-03  1.5659E-02
  1.2356E-03  3.2218E-03  2.0438E-02
  3.4228E-03  8.0524E-03  8.1907E-03
  4.2444E-03  1.4379E-02  5.2896E-03
  5.8362E-03  1.9264E-02 -3.1080E-03
  7.0179E-03  1.5662E-02 -1.2065E-02
  7.1186E-03  1.6416E-02 -1.2429E-02
  8.4943E-03  2.1215E-02 -1.9469E-02
  3.5148E-03  2.1359E-02  1.2611E-02
  2.9918E-03  2.2228E-02  1.6303E-02
  3.4569E-03  2.6182E-02  1.4801E-02
  2.7668E-03  3.3064E-02  2.1832E-02
  2.8714E-03  3.7261E-02  2.2741E-02
  4.4849E-03  4.2445E-02  1.4316E-02
  4.5977E-03  4.8150E-02  1.5740E-02
  4.3661E-03  4.2885E-02  1.5246E-02
  5.4241E-03  4.0832E-02  7.6675E-03
  5.1039E-03  3.5988E-02  7.9025E-03
  6.8087E-03  4.3629E-02 -1.8417E-04
  1.1464E-03  2.9654E-02  3.0970E-02
  5.5856E-04  3.4993E-02  3.6762E-02
  4.5264E-04  2.0789E-02  3.2092E-02
 -1.0749E-03  1.6813E-02  4.0419E-02
 -1.9345E-03  8.8080E-03  4.2932E-02
 -1.1882E-03  1.3774E-02  4.0003E-02
 -2.3599E-03  1.2181E-02  4.6939E-02
  4.4915E-06  1.2621E-02  3.1897E-02
  2.2865E-05  9.7540E-03  3.0699E-02
  1.2443E-03  5.7499E-03  2.1335E-02
  2.8381E-04  1.7922E-02  3.2098E-02
 -4.1156E-04  1.7332E-02  3.6348E-02
  1.3062E-03  2.5511E-02  2.8381E-02
  1.7129E-03  3.4016E-02  2.8969E-02
  2.8368E-03  4.1333E-02  2.4497E-02
  4.3259E-03  4.0250E-02  1.4512E-02
  2.9306E-03  5.0691E-02  2.7419E-02
  3.1493E-04  3.6229E-02  3.8794E-02
 -1.4305E-04  3.6342E-02  4.1783E-02
 -3.7714E-04  3.7581E-02  4.3755E-02
 -1.7520E-03  3.9624E-02  5.3367E-02
 -2.4691E-03  3.7897E-02  5.7329E-02
 -4.1044E-03  3.6880E-02  6.7463E-02
 -4.7659E-03  3.2978E-02  7.0248E-02
 -4.7905E-03  2.3205E-02  6.6724E-02
 -5.3184E-03  1.9280E-02  6.8641E-02
 -2.8302E-03  3.3787E-02  5.8102E-02
 -3.1958E-03  3.7271E-02  6.1767E-02
  2.1549E-03  2.2784E-02  5.6672E-02
  4.4494E-03  1.6091E-02  5.8635E-02
  6.7150E-03  1.0367E-02  6.1772E-02
  7.8523E-03  1.2121E-02  6.9615E-02
  3.8926E-03  1.2842E-02  5.1556E-02
  4.7527E-03  7.1978E-03  4.8045E-02
  2.4143E-03  1.6584E-02  4.9519E-02
  1.6548E-03  1.4390E-02  4.2896E-02
  3.7168E-03  6.0757E-03  4.1544E-02
  4.9872E-03  3.0561E-03  4.3560E-02
  4.0969E-03  2.3739E-03  3.8356E-02
  5.9261E-03 -5.5578E-03  3.6404E-02
  7.3333E-03 -8.9980E-03  3.8508E-02
  5.6496E-03 -4.0423E-03  3.7128E-02
  4.2014E-03 -5.8010E-03  2.7783E-02
  1.8625E-03 -5.3089E-05  2.4327E-02
  5.3133E-03 -1.2321E-02  2.4296E-02
  3.7866E-03 -1.2966E-02  1.6083E-02
  5.5553E-03 -2.1198E-02  1.3432E-02
  4.2316E-03 -2.2886E-02  4.7817E-03
  2.4129E-03 -1.9696E-02  3.6090E-04
  1.0408E-03 -2.0092E-02 -6.7728E-03
  2.3677E-03 -1.6900E-02  3.9309E-03
  1.8291E-03 -9.3455E-03  1.1577E-02
 -4.7396E-04 -4.3522E-03  7.2706E-03
  2.7201E-03 -1.1655E-02  1.2732E-02
  1.0053E-03 -8.5477E-03  8.6975E-03
  2.5539E-03 -1.2897E-02  1.0250E-02
  3.8957E-03 -2.0650E-02  6.1959E-03
  5.4006E-03 -2.5276E-02  7.1629E-03
  1.9479E-03 -1.9903E-02 -2.1550E-03
 -9.2112E-04 -1.8218E-04  1.0770E-02
 -3.1816E-03  4.1621E-03  5.7895E-03
 -2.7281E-05  2.0350E-03  1.8071E-02
 -1.6382E-03  9.8106E-03  2.0861E-02
 -3.9317E-03  1.5130E-02  1.7043E-02
 -6.0179E-03  2.1485E-02  1.5623E-02
 -3.5016E-03  1.2436E-02  1.5461E-02
 -5.4978E-03  1.6706E-02  1.1649E-02
 -4.3343E-03  1.2708E-02  1.1826E-02
 -1.9946E-03  1.0210E-02  1.9689E-02
 -2.6984E-03  1.6098E-02  2.4283E-02
 -4.0705E-03  2.2917E-02  2.6926E-02
 -4.9217E-03  2.8742E-02  3.0725E-02
 -7.3563E-03  1.7237E-02  3.4339E-03
 -9.6841E-03  2.3254E-02  3.9565E-04
 -6.3161E-03  1.0956E-02 -7.4718E-05
 -7.8787E-03  1.0693E-02 -7.9430E-03
 -6.1770E-03  2.8613E-03 -1.0372E-02
 -5.0811E-03 -2.7468E-03 -1.2702E-02
 -3.1213E-03 -1.0708E-02 -1.4066E-02
 -6.8550E-04 -1.5325E-02 -8.6127E-03
 -3.7861E-03 -1.2726E-02 -1.9997E-02
 -9.6148E-03  1.6358E-02 -8.6144E-03
 -1.1906E-02  2.0635E-02 -1.3833E-02
 -8.5281E-03  1.6582E-02 -3.0859E-03
 -9.9146E-03  2.1667E-02 -2.8622E-03
 -8.0203E-03  1.8872E-02  2.4572E-03
 -1.1761E-02  2.9844E-02 -6.6247E-04
 -1.3660E-02  3.4901E-02 -2.9375E-03
 -1.1160E-02  3.1132E-02  3.9731E-03
 -1.2822E-02  3.8753E-02  6.3088E-03
 -1.1550E-02  3.8746E-02  1.2413E-02
 -1.3282E-02  4.6413E-02  1.4477E-02
 -1.1901E-02  4.6165E-02  2.0776E-02
 -1.3757E-02  5.3248E-02  2.1455E-02
 -1.4886E-02  5.3053E-02  1.5763E-02
 -1.5380E-02  4.2782E-02 -5.2897E-04
 -1.7409E-02  4.9283E-02 -1.4731E-03
 -1.9133E-02  3.6847E-02 -3.7651E-03
 -2.3041E-02  4.0006E-02 -1.2236E-02
 -2.1664E-02  3.3277E-02 -1.8244E-02
 -2.0286E-02  3.2353E-02 -1.4955E-02
 -1.6328E-02  2.5344E-02 -1.2477E-02
 -2.3158E-02  3.8573E-02 -1.4934E-02
 -2.5731E-02  4.2555E-02 -1.7463E-02
 -2.9789E-02  4.9274E-02 -2.0753E-02
 -2.3453E-02  3.7066E-02 -1.8369E-02
 -2.5652E-02  3.8809E-02 -2.3190E-02
 -2.2184E-02  3.1329E-02 -2.3166E-02
 -2.4042E-02  3.4212E-02 -2.4982E-02
 -2.0808E-02  2.3978E-02 -3.0175E-02
 -1.7274E-02  1.6287E-02 -3.0261E-02
 -2.8440E-02  4.7234E-02 -1.9351E-02
 -3.2350E-02  5.2549E-02 -2.4373E-02
 -2.6391E-02  4.8343E-02 -1.0479E-02
 -2.8640E-02  5.6124E-02 -5.8014E-03
 -2.5546E-02  5.5729E-02  4.2761E-03
 -2.1903E-02  5.0130E-02  7.9226E-03
 -1.9315E-02  5.2087E-02  2.0017E-02
 -2.3947E-02  6.3569E-02  2.2369E-02
 -3.2597E-02  6.3755E-02 -7.2784E-03
 -3.6263E-02  7.0409E-02 -9.3130E-03
 -3.1692E-02  6.2887E-02 -5.5369E-03
 -3.5040E-02  6.9516E-02 -6.5089E-03
 -3.2958E-02  6.6561E-02 -4.0355E-03
 -3.0070E-02  6.6640E-02  6.0919E-03
 -2.9085E-02  6.6292E-02  8.9455E-03
 -2.8791E-02  6.7042E-02  1.1163E-02
 -3.9014E-02  7.2177E-02 -1.6006E-02
 -4.2767E-02  7.9587E-02 -1.7132E-02
 -3.8167E-02  6.6105E-02 -2.2800E-02
 -4.1702E-02  6.7849E-02 -3.2244E-02
 -3.9774E-02  5.9844E-02 -3.8393E-02
 -4.3954E-02  7.1128E-02 -3.4791E-02
 -4.6905E-02  7.2620E-02 -4.2619E-02
 -4.2491E-02  7.2115E-02 -2.8146E-02
 -4.4313E-02  7.5183E-02 -2.9537E-02
 -4.3098E-02  6.8747E-02 -3.5641E-02
 -4.5627E-02  7.1166E-02 -4.0521E-02
 -3.9360E-02  6.0618E-02 -3.5719E-02
 -3.7696E-02  5.3595E-02 -4.1208E-02
 -3.5698E-02  4.6786E-02 -4.5198E-02
 -3.9148E-02  4.9123E-02 -5.3396E-02
 -3.6947E-02  4.2371E-02 -5.6591E-02
 -3.4195E-02  4.1054E-02 -4.9174E-02
 -3.1652E-02  3.3949E-02 -5.1750E-02
 -3.4186E-02  4.9747E-02 -3.5219E-02
 -3.2104E-02  5.0445E-02 -2.6893E-02
 -3.3534E-02  4.5652E-02 -3.9520E-02
 -3.0382E-02  4.1906E-02 -3.4605E-02
 -3.2169E-02  4.2603E-02 -3.9680E-02
 -3.0546E-02  4.2066E-02 -3.4920E-02
 -3.3875E-02  4.5523E-02 -4.0909E-02
 -3.0041E-02  4.6948E-02 -2.5349E-02
 -2.5819E-02  3.2740E-02 -3.3490E-02
 -2.5466E-02  2.8241E-02 -3.9475E-02
 -2.2379E-02  3.0301E-02 -2.5487E-02
 -1.7745E-02  2.1729E-02 -2.3174E-02
 -1.4558E-02  2.1261E-02 -1.2888E-02
 -1.6102E-02  2.7945E-02 -7.5280E-03
 -9.7203E-03  1.2234E-02 -1.0599E-02
 -1.6196E-02  1.5302E-02 -2.8105E-02
 -1.6484E-02  1.6296E-02 -2.7510E-02
 -1.4415E-02  8.5612E-03 -3.2738E-02
 -1.2861E-02  2.1287E-03 -3.7659E-02
 -1.2649E-02 -2.8531E-03 -4.4906E-02
 -1.7340E-02  2.8960E-03 -5.1939E-02
 -1.0183E-02 -5.7269E-03 -4.0972E-02
 -8.3606E-03 -3.7861E-03 -3.1552E-02
 -5.6340E-03 -5.0970E-03 -2.4212E-02
 -7.6659E-03 -8.4784E-03 -2.8267E-02
 -5.9072E-03 -1.1267E-02 -2.5904E-02
 -5.6302E-03 -1.3500E-02 -2.8697E-02
 -7.0497E-03 -1.0874E-02 -2.9943E-02
 -7.1190E-03 -1.2306E-02 -3.2756E-02
 -8.0655E-03 -7.4451E-03 -2.8099E-02
 -4.2379E-03 -1.4358E-02 -2.4445E-02
 -2.8667E-03 -1.5611E-02 -2.0979E-02
 -4.3919E-03 -1.5572E-02 -2.7225E-02
 -2.9229E-03 -1.8623E-02 -2.6526E-02
 -3.5396E-03 -1.9404E-02 -3.0458E-02
 -3.8374E-03 -2.0976E-02 -3.4463E-02
 -5.6738E-03 -1.7805E-02 -3.6472E-02
 -5.6000E-03 -1.8612E-02 -3.7592E-02
 -7.1928E-03 -1.4548E-02 -3.7017E-02
 -2.4071E-03 -1.7632E-02 -2.2641E-02
 -7.3080E-04 -2.0139E-02 -2.0122E-02
 -3.8507E-03 -1.3944E-02 -2.2112E-02
 -3.5736E-03 -1.2543E-02 -1.8494E-02
 -5.4093E-03 -8.7037E-03 -1.9321E-02
 -5.2722E-03 -7.8795E-03 -1.7299E-02
 -4.6244E-03 -6.7466E-03 -1.2618E-02
 -7.1969E-03 -4.5472E-03 -1.9390E-02
 -2.9151E-03 -1.1904E-02 -1.4640E-02
 -1.7330E-03 -1.2711E-02 -1.1169E-02
 -3.6256E-03 -1.0579E-02 -1.5244E-02
 -3.0081E-03 -1.0040E-02 -1.1737E-02
 -4.0620E-03 -8.2043E-03 -1.2861E-02
 -6.1367E-03 -4.5627E-03 -1.5028E-02
 -3.5285E-03 -7.1918E-03 -8.8656E-03
 -9.1718E-04 -1.3966E-02 -1.0005E-02
  8.9847E-05 -1.4177E-02 -6.2071E-03
 -2.4098E-04 -1.7077E-02 -1.2693E-02
  1.7748E-03 -2.0934E-02 -1.1150E-02
  2.2582E-03 -2.4048E-02 -1.4643E-02
  4.2413E-03 -2.8272E-02 -1.3884E-02
  2.3115E-03 -2.4065E-02 -1.4453E-02
  4.5279E-04 -2.0256E-02 -1.5428E-02
  3.0286E-03 -2.2599E-02 -8.8962E-03
  4.6083E-03 -2.4590E-02 -5.8675E-03
  2.2914E-03 -2.1674E-02 -1.0316E-02
  3.2785E-03 -2.2951E-02 -8.4824E-03
  2.2045E-03 -2.1997E-02 -1.1247E-02
  3.5007E-03 -2.0926E-02 -3.9897E-03
  4.9746E-03 -2.2796E-02 -1.1858E-03
  2.0434E-03 -1.7124E-02 -3.3162E-03
  2.1172E-03 -1.4948E-02  8.2876E-04
  1.8537E-04 -1.0505E-02  6.6727E-04
 -1.5021E-03 -8.0312E-03 -1.9557E-03
 -1.0350E-03 -8.6241E-03 -1.0678E-03
 -3.0476E-03 -3.7605E-03 -8.2084E-04
  3.4565E-03 -1.6415E-02  3.7855E-03
  4.3304E-03 -1.6354E-02  7.5125E-03
  3.6048E-03 -1.7699E-02  2.1344E-03
  4.8563E-03 -1.9182E-02  4.7011E-03
  4.4440E-03 -1.9560E-02  2.3267E-03
  2.4465E-03 -1.5539E-02  1.1492E-03
  5.8799E-03 -2.1417E-02  4.9958E-03
  6.8976E-03 -2.3242E-02  5.9906E-03
  8.1532E-03 -2.4220E-02  9.4638E-03
  7.2487E-03 -2.5634E-02  3.2236E-03
  9.1869E-03 -2.9609E-02  4.2355E-03
  9.2807E-03 -3.2095E-02  2.3807E-04
  1.1194E-02 -3.6506E-02  3.7788E-04
  1.1000E-02 -3.8576E-02 -4.0744E-03
  9.9396E-03 -3.7576E-02 -6.7022E-03
  9.5011E-03 -3.9149E-02 -1.1294E-02
  9.8017E-03 -2.9198E-02  7.5070E-03
  1.1410E-02 -3.1286E-02  1.0483E-02
  8.4818E-03 -2.6406E-02  6.9672E-03
  8.8001E-03 -2.5510E-02  9.8659E-03
  7.0078E-03 -2.2245E-02  8.2043E-03
  6.9778E-03 -2.0456E-02  1.1236E-02
  5.1347E-03 -1.7112E-02  9.5045E-03
  4.2481E-03 -1.3814E-02  1.1652E-02
  4.5798E-03 -1.7792E-02  6.0072E-03
  9.1848E-03 -2.3989E-02  1.4142E-02
  1.0688E-02 -2.5718E-02  1.7316E-02
  1.2436E-02 -2.4027E-02  8.8351E-03
  1.4276E-02 -2.2291E-02  6.8969E-03
  1.4339E-02 -2.1057E-02  5.7882E-03
  1.6261E-02 -1.9203E-02  3.7267E-03
  1.9489E-02 -2.0170E-02  3.8845E-03
  2.1348E-02 -1.8431E-02  1.9391E-03
  2.1634E-02 -1.7295E-02  8.6919E-04
  2.3357E-02 -1.5732E-02 -8.9118E-04
  2.0254E-02 -1.7741E-02  1.5642E-03
  1.3471E-02 -2.0586E-02  5.5592E-03
  1.5269E-02 -2.0268E-02  4.8868E-03
  1.0800E-02 -1.9464E-02  5.1427E-03
  9.9707E-03 -1.7712E-02  3.7694E-03
  7.1340E-03 -1.6230E-02  3.0703E-03
  7.3772E-03 -1.5353E-02  2.2394E-03
  4.5548E-03 -1.7525E-02  4.7779E-03
  1.7361E-03 -1.6208E-02  4.2218E-03
  9.8290E-03 -1.8585E-02  4.5740E-03
  8.9619E-03 -1.7331E-02  3.6504E-03
  1.0528E-02 -2.0774E-02  6.3639E-03
  1.0635E-02 -2.1870E-02  7.3124E-03
  9.8665E-03 -2.4218E-02  9.5622E-03
  1.3736E-02 -2.1929E-02  6.6926E-03
  1.4293E-02 -2.2513E-02  7.0896E-03
  1.5773E-02 -2.1412E-02  5.7918E-03
  1.8730E-02 -2.1326E-02  5.0742E-03
  2.0728E-02 -2.1160E-02  4.4935E-03
  2.0984E-02 -2.3249E-02  6.2906E-03
  2.3008E-02 -2.3221E-02  5.8269E-03
  2.4684E-02 -2.1605E-02  4.0300E-03
  2.3069E-02 -2.4653E-02  7.0842E-03
  1.8600E-02 -1.9345E-02  3.3455E-03
  1.6690E-02 -1.7722E-02  2.3204E-03
  2.0584E-02 -1.9543E-02  3.0912E-03
  2.0674E-02 -1.7883E-02  1.5988E-03
  2.2771E-02 -1.8879E-02  2.0277E-03
  2.1974E-02 -2.1088E-02  4.1600E-03
  2.4334E-02 -2.3099E-02  5.4311E-03
  2.5414E-02 -2.4101E-02  6.0855E-03
  2.5094E-02 -2.3690E-02  5.7906E-03
  2.1326E-02 -1.5598E-02 -5.6884E-04
  2.0631E-02 -1.3930E-02 -1.8980E-03
  2.2641E-02 -1.5530E-02 -9.1506E-04
  2.3321E-02 -1.3439E-02 -2.9167E-03
  2.5676E-02 -1.3833E-02 -3.0781E-03
  2.4650E-02 -1.4816E-02 -1.9835E-03
  2.6088E-02 -1.4616E-02 -2.4728E-03
  2.2481E-02 -1.5794E-02 -6.4581E-04
  2.0546E-02 -1.1939E-02 -3.6450E-03
  2.0594E-02 -9.9356E-03 -5.4324E-03
  1.8127E-02 -1.2910E-02 -2.2593E-03
  1.5297E-02 -1.1682E-02 -2.7348E-03
  1.3689E-02 -1.3027E-02 -1.1925E-03
  1.5526E-02 -1.3677E-02 -1.0149E-03
  1.3469E-02 -1.1216E-02 -2.7509E-03
  1.0794E-02 -1.0898E-02 -2.4532E-03
  1.4909E-02 -1.1230E-02 -3.0512E-03
  1.3380E-02 -1.0831E-02 -3.0733E-03
  1.5502E-02 -1.1503E-02 -2.9379E-03
  1.4225E-02 -1.1274E-02 -2.8643E-03
  1.6453E-02 -1.2268E-02 -2.4657E-03
  1.5863E-02 -1.4431E-02 -4.1922E-04
  1.6401E-02 -1.6362E-02  1.1772E-03
  1.5770E-02 -1.8226E-02  2.9669E-03
  1.7595E-02 -1.6439E-02  9.8591E-04
  1.1935E-02 -8.4098E-03 -4.9075E-03
  9.8869E-03 -7.9252E-03 -4.8930E-03
  1.2935E-02 -6.9104E-03 -6.4543E-03
  1.1717E-02 -4.5320E-03 -8.2997E-03
  1.4142E-02 -3.0679E-03 -1.0124E-02
  1.6117E-02 -3.3546E-03 -1.0298E-02
  1.8852E-02 -4.2779E-03 -1.0073E-02
  1.5210E-02 -2.7139E-03 -1.0670E-02
  9.6084E-03 -3.8669E-03 -8.4321E-03
  8.1659E-03 -2.0055E-03 -9.7701E-03
  9.4768E-03 -5.4002E-03 -7.0436E-03
  7.5712E-03 -4.9981E-03 -6.9869E-03
  9.4244E-03 -5.7105E-03 -6.7570E-03
  1.1680E-02 -7.0589E-03 -6.0503E-03
  7.9387E-03 -4.2578E-03 -7.3230E-03
  7.7585E-03 -4.8438E-03 -7.2248E-03
  7.4103E-03 -6.2814E-03 -7.0225E-03
  6.3677E-03 -6.5110E-03 -6.5827E-03
  6.5785E-03 -7.0383E-03 -6.6483E-03
  5.6320E-03 -7.3067E-03 -6.2465E-03
  4.4497E-03 -7.0476E-03 -5.7689E-03
  4.2206E-03 -6.5193E-03 -5.6957E-03
  5.1798E-03 -6.2529E-03 -6.1027E-03
  6.8190E-03 -4.0949E-03 -6.8673E-03
  6.1178E-03 -3.3250E-03 -6.6091E-03
  6.8430E-03 -4.2969E-03 -6.8690E-03
  6.0008E-03 -3.6712E-03 -6.5467E-03
  6.6629E-03 -2.9113E-03 -6.8510E-03
  5.9685E-03 -2.2512E-03 -6.5911E-03
  6.8726E-03 -1.6076E-03 -6.9907E-03
  5.0743E-03 -1.2337E-03 -6.2633E-03
  5.3059E-03 -4.7586E-03 -6.2155E-03
  5.7906E-03 -5.5157E-03 -6.3849E-03
  4.1882E-03 -4.8763E-03 -5.7492E-03
  3.3622E-03 -5.8488E-03 -5.3686E-03
  2.5185E-03 -6.2255E-03 -5.0048E-03
  1.7199E-03 -7.4062E-03 -4.6271E-03
  1.1644E-03 -7.6125E-03 -4.3893E-03
  2.4261E-03 -8.6082E-03 -4.8697E-03
  2.7022E-03 -5.1917E-03 -5.1228E-03
  2.0491E-03 -4.2168E-03 -4.8928E-03
  2.9147E-03 -5.7219E-03 -5.1890E-03
  2.4270E-03 -5.1817E-03 -5.0095E-03
  3.4382E-03 -5.3128E-03 -5.4218E-03
  3.0260E-03 -5.0274E-03 -5.2631E-03
  2.9371E-03 -5.9601E-03 -5.1885E-03
  2.8387E-03 -3.8771E-03 -5.2326E-03
  1.2721E-03 -5.8667E-03 -4.5048E-03
  1.3161E-03 -7.0129E-03 -4.4763E-03
  2.3917E-04 -5.1798E-03 -4.1062E-03
 -9.0328E-04 -5.7465E-03 -3.6114E-03
 -1.4645E-03 -6.8437E-03 -3.3350E-03
 -2.0601E-03 -7.7035E-03 -3.0541E-03
 -1.2232E-03 -6.8753E-03 -3.4334E-03
 -1.7369E-03 -7.8534E-03 -3.1814E-03
 -9.7991E-04 -9.1015E-03 -3.4433E-03
 -1.5487E-03 -1.0134E-02 -3.1664E-03
 -1.2849E-03 -1.0217E-02 -3.2720E-03
 -1.9061E-03 -1.1070E-02 -2.9808E-03
 -2.7818E-03 -1.1842E-02 -2.5877E-03
 -3.0512E-03 -1.1786E-02 -2.4788E-03
 -2.4359E-03 -1.0936E-02 -2.7674E-03
 -1.7747E-03 -7.2410E-03 -3.1907E-03
 -8.7311E-04 -6.7486E-03 -3.5831E-03
 -2.7900E-03 -7.3547E-03 -2.7669E-03
 -2.8572E-03 -6.8488E-03 -2.7597E-03
 -4.1840E-03 -6.6960E-03 -2.2181E-03
 -4.6237E-03 -7.8844E-03 -1.9881E-03
 -3.9145E-03 -8.0129E-03 -2.2758E-03
 -4.6728E-03 -7.5314E-03 -1.9822E-03
 -4.5391E-03 -6.4471E-03 -2.0815E-03
 -5.4468E-03 -8.3756E-03 -1.6283E-03
 -6.2750E-03 -8.0387E-03 -1.3000E-03
 -6.1589E-03 -9.0170E-03 -1.3082E-03
 -5.0364E-03 -8.8724E-03 -1.7776E-03
 -4.9088E-03 -9.9389E-03 -1.7869E-03
 -3.7330E-03 -1.0572E-02 -2.2466E-03
 -3.5685E-03 -1.1777E-02 -2.2655E-03
 -2.4556E-03 -1.2267E-02 -2.7051E-03
 -4.5136E-03 -1.2508E-02 -1.8455E-03
 -7.6008E-03 -7.9834E-03 -7.5479E-04
 -8.4016E-03 -7.5711E-03 -4.4091E-04
 -7.8373E-03 -8.3884E-03 -6.4066E-04
 -9.0665E-03 -8.4013E-03 -1.3256E-04
 -9.6089E-03 -9.7429E-03  1.4600E-04
 -9.5405E-03 -1.0135E-02  1.3367E-04
 -8.9412E-03 -1.0680E-02 -9.1622E-05
 -9.0587E-03 -8.1728E-03 -1.4511E-04
 -8.1182E-03 -8.3605E-03 -5.2582E-04
 -1.0101E-02 -7.7905E-03  2.6958E-04
 -1.0237E-02 -7.5711E-03  3.1708E-04
 -1.1528E-02 -7.0820E-03  8.3031E-04
 -1.1732E-02 -7.2298E-03  9.2029E-04
 -1.1715E-02 -5.6625E-03  8.4974E-04
 -1.3010E-02 -5.1812E-03  1.3646E-03
 -9.9534E-03 -8.8242E-03  2.5086E-04
 -9.4614E-03 -8.7835E-03  4.6053E-05
 -1.0795E-02 -1.0536E-02 -1.2403E-03
 -1.1722E-02 -1.0494E-02 -1.0833E-03
 -1.2250E-02 -1.1870E-02 -8.7197E-04
 -1.1065E-02 -1.2646E-02 -1.0099E-03
 -1.0532E-02 -1.1906E-02 -1.1667E-03
 -9.0781E-03 -1.2144E-02 -1.3978E-03
 -8.6667E-03 -1.2863E-02 -1.4065E-03
 -8.3047E-03 -1.1572E-02 -1.5816E-03
 -6.8714E-03 -1.1706E-02 -1.8183E-03
 -6.2662E-03 -1.1225E-02 -1.9650E-03
 -6.3512E-03 -1.2236E-02 -1.8624E-03
 -6.0725E-03 -1.1689E-02 -1.9583E-03
 -5.9552E-03 -1.0388E-02 -2.0918E-03
 -6.0221E-03 -1.2421E-02 -1.9033E-03
 -6.2921E-03 -1.0939E-02 -1.9855E-03
 -5.4042E-03 -1.1414E-02 -2.0980E-03
 -6.8270E-03 -9.7626E-03 -1.9952E-03
 -6.3837E-03 -8.9191E-03 -2.1454E-03
 -7.0259E-03 -7.5492E-03 -2.1534E-03
 -6.6897E-03 -9.5068E-03 -2.0412E-03
 -5.9163E-03 -9.4507E-03 -2.1801E-03
 -7.8413E-03 -1.0055E-02 -1.7940E-03
 -8.2568E-03 -1.0629E-02 -1.6720E-03
 -9.6942E-03 -1.0982E-02 -1.3922E-03
 -1.0366E-02 -1.0885E-02 -1.2842E-03
 -1.0590E-02 -1.1930E-02 -1.1545E-03
 -1.0627E-02 -9.7580E-03 -1.3371E-03
 -7.4179E-03 -1.1828E-02 -1.7130E-03
 -7.1037E-03 -1.2026E-02 -1.7502E-03
 -7.0364E-03 -1.2607E-02 -1.7113E-03
 -6.2116E-03 -1.3788E-02 -1.7514E-03
 -6.1101E-03 -1.4597E-02 -1.6986E-03
 -4.8625E-03 -1.3417E-02 -2.0175E-03
 -4.2854E-03 -1.4097E-02 -2.0583E-03
 -4.3461E-03 -1.2344E-02 -2.2004E-03
 -3.0734E-03 -1.1918E-02 -2.4580E-03
 -2.6503E-03 -1.0679E-02 -2.6391E-03
 -2.0051E-03 -1.0975E-02 -2.7252E-03
 -1.7876E-03 -9.4596E-03 -2.8948E-03
 -2.6406E-04 -8.9956E-03 -3.1992E-03
 -3.1534E-03 -1.1612E-02 -2.4708E-03
 -2.2463E-03 -1.1911E-02 -2.6020E-03
 -4.2287E-03 -1.1007E-02 -2.3371E-03
 -4.3494E-03 -1.0654E-02 -2.3469E-03
 -5.5658E-03 -9.7890E-03 -2.2114E-03
 -5.5987E-03 -9.2534E-03 -2.2523E-03
 -6.5339E-03 -8.0867E-03 -2.1918E-03
 -7.9407E-03 -8.4940E-03 -1.9126E-03
 -8.7290E-03 -7.4124E-03 -1.8702E-03
 -4.3926E-03 -1.1878E-02 -2.2328E-03
 -3.7674E-03 -1.1932E-02 -2.3365E-03
 -5.1264E-03 -1.2853E-02 -2.0209E-03
 -5.3124E-03 -1.4102E-02 -1.8799E-03
 -6.3650E-03 -1.4908E-02 -1.6274E-03
 -7.7039E-03 -1.4226E-02 -1.4548E-03
 -8.4568E-03 -1.4313E-02 -1.3167E-03
 -8.6556E-03 -1.3276E-02 -1.3725E-03
 -8.8595E-03 -1.5425E-02 -1.1501E-03
 -4.0651E-03 -1.4911E-02 -2.0256E-03
 -3.8981E-03 -1.5657E-02 -1.9897E-03
 -3.2015E-03 -1.4797E-02 -2.1852E-03
 -1.9442E-03 -1.5493E-02 -2.3425E-03
 -1.4109E-03 -1.5710E-02 -2.4161E-03
 -9.4613E-04 -1.4759E-02 -2.5793E-03
  1.7433E-04 -1.5207E-02 -2.7345E-03
 -1.3511E-03 -1.3625E-02 -2.6079E-03
 -5.0714E-04 -1.2840E-02 -2.8224E-03
  3.5069E-04 -1.1861E-02 -3.0563E-03
  1.2124E-03 -1.1285E-02 -3.2558E-03
 -1.0701E-03 -1.0630E-02 -8.2105E-04
 -4.9960E-05 -1.0063E-02 -1.7751E-03
  9.2113E-05 -1.1806E-02 -1.5555E-03
  1.1600E-03 -1.1243E-02 -2.5479E-03
  8.4933E-04 -1.3880E-02 -1.7807E-03
  8.1591E-04 -1.5758E-02 -1.3899E-03
 -7.8386E-04 -7.9958E-03 -1.5676E-03
 -1.7991E-03 -7.9898E-03 -7.2867E-04
 -3.2121E-04 -6.2357E-03 -2.2909E-03
 -9.8215E-04 -4.2325E-03 -2.1315E-03
 -1.0440E-03 -2.4873E-03 -2.4178E-03
  6.4465E-04 -2.1767E-03 -3.8753E-03
  1.1645E-03 -3.0407E-04 -4.6676E-03
  1.5010E-03 -3.6291E-03 -4.3029E-03
  1.1137E-04 -3.7415E-03 -3.1313E-03
  1.4795E-03 -4.7457E-03 -4.0691E-03
 -5.1185E-04 -2.2474E-03 -2.9046E-03
  4.2335E-04 -1.6044E-03 -3.8028E-03
 -6.9010E-05 -2.5343E-03 -3.2155E-03
 -1.8552E-03 -1.8870E-03 -1.8627E-03
  3.0161E-04 -4.8881E-03 -3.0669E-03
  1.6599E-04  7.4843E-04 -4.0450E-03
 -1.1855E-03  1.7217E-03 -3.1150E-03
  1.4691E-03  1.6901E-03 -5.3054E-03
  1.2813E-03  3.9464E-03 -5.5865E-03
  2.9631E-03  4.7309E-03 -7.1299E-03
  3.8459E-03  4.0637E-03 -7.7313E-03
  5.0108E-03  2.6181E-03 -8.4156E-03
  3.3347E-03  4.9543E-03 -7.4806E-03
  4.7392E-04  4.7083E-03 -5.0658E-03
 -4.1352E-04  6.3901E-03 -4.6567E-03
  8.7811E-04  3.5682E-03 -5.1797E-03
  2.1871E-04  4.2228E-03 -4.7607E-03
  1.4804E-03  5.1741E-03 -5.9887E-03
  1.9801E-03  7.1119E-03 -6.7770E-03
  1.1595E-03  9.0804E-03 -6.4788E-03
  1.6561E-03  1.0916E-02 -7.2447E-03
  2.9889E-03  1.0737E-02 -8.3130E-03
  3.5292E-03  1.2469E-02 -9.0953E-03
  3.8044E-03  8.7950E-03 -8.6122E-03
  3.2997E-03  6.9995E-03 -7.8472E-03
 -3.3399E-04  2.5411E-03 -3.9780E-03
  4.4169E-04  8.0621E-04 -4.2843E-03
 -1.6061E-03  3.1893E-03 -3.0508E-03
 -2.3234E-03  1.8403E-03 -2.1963E-03
 -4.0629E-03  1.4876E-03 -6.8866E-04
 -4.0407E-03  4.8641E-04 -5.1333E-04
 -4.7640E-03  1.3712E-04  1.5275E-04
 -2.4047E-03  3.1631E-03 -2.3849E-03
 -3.2911E-03  4.8816E-03 -1.9839E-03
 -1.3683E-03  2.4288E-03 -3.1004E-03
 -1.2702E-03  3.5451E-03 -3.3975E-03
  5.3096E-04  3.7471E-03 -4.9270E-03
  1.5883E-03  4.5353E-03 -5.9544E-03
  9.7201E-04  6.7849E-03 -5.8796E-03
  3.3615E-03  4.3885E-03 -7.3933E-03
 -1.9966E-03  2.3394E-03 -2.5633E-03
 -1.6587E-03  4.3893E-04 -2.4752E-03
 -3.0549E-03  3.4351E-03 -1.8995E-03
 -3.7898E-03  2.4302E-03 -1.0970E-03
 -5.6588E-03  3.0072E-03  3.3801E-04
 -6.4671E-03  1.7380E-03  1.2523E-03
 -8.2214E-03  2.6014E-03  2.5369E-03
 -8.8788E-03  1.7765E-03  3.2405E-03
 -8.9282E-03  4.0904E-03  2.8338E-03
 -3.0476E-03  3.2532E-03 -1.8703E-03
 -3.2664E-03  5.1209E-03 -2.0505E-03
 -2.1313E-03  1.8541E-03 -2.3579E-03
 -1.3427E-03  2.4305E-03 -3.1220E-03
  1.5072E-04  8.4185E-04 -4.0504E-03
  1.4019E-03  1.6122E-03 -5.2348E-03
  1.4737E-03  1.0501E-03 -5.1854E-03
  2.7575E-03  1.5690E-03 -6.3481E-03
  3.9670E-03  2.6650E-03 -7.5610E-03
  3.8901E-03  3.2489E-03 -7.6102E-03
  2.6090E-03  2.7200E-03 -6.4479E-03
 -2.6153E-03  2.3951E-03 -2.0621E-03
 -2.9517E-03  7.3784E-04 -1.4631E-03
 -3.2861E-03  4.2487E-03 -1.8656E-03
 -4.5994E-03  4.4330E-03 -8.1447E-04
 -5.8368E-03  6.3009E-03 -1.5184E-04
 -7.3825E-03  6.4520E-03  1.0980E-03
 -7.8632E-03  8.1730E-03  1.1628E-03
 -8.1127E-03  4.8602E-03  2.0100E-03
 -4.1686E-03  4.6334E-03 -1.2097E-03
 -3.4618E-03  6.1067E-03 -2.0796E-03
 -4.7520E-03 -1.1907E-03 -2.8253E-04
 -4.3792E-03 -2.5166E-03 -5.9754E-04
 -4.4952E-03 -3.2338E-03 -1.3125E-03
 -5.3363E-03 -2.7986E-03 -2.4412E-03
 -4.0483E-03 -4.5940E-03 -1.5251E-03
 -3.5282E-03 -2.9783E-03  5.2926E-04
 -3.1880E-03 -2.8611E-03  1.1968E-03
 -3.1816E-03 -3.4750E-03  7.6610E-04
 -3.5891E-03 -3.6145E-03 -3.3078E-05
 -3.0539E-03 -3.8441E-03  7.1942E-04
 -2.2891E-03 -4.6387E-03  1.4588E-03
 -2.3752E-03 -3.9721E-03  1.7908E-03
 -1.8363E-03 -4.8327E-03  2.0954E-03
 -1.8854E-03 -5.7086E-03  1.3810E-03
 -1.2957E-03 -4.6078E-03  3.1841E-03
 -7.4102E-04 -5.3423E-03  3.6066E-03
 -7.9613E-05 -5.0889E-03  4.9228E-03
 -2.8808E-04 -3.8803E-03  5.4351E-03
  2.2117E-04 -3.6079E-03  6.5042E-03
 -9.4841E-04 -3.2195E-03  4.7786E-03
 -4.2503E-04 -6.6980E-03  3.1727E-03
 -3.7370E-04 -7.3181E-03  2.8145E-03
 -1.9363E-04 -7.1652E-03  3.2333E-03
  1.3431E-04 -8.4758E-03  2.8523E-03
  3.9482E-04 -8.8202E-03  3.0512E-03
  1.1506E-03 -8.9037E-03  4.2868E-03
  1.7685E-03 -9.6597E-03  4.8020E-03
  2.0764E-03 -9.1413E-03  5.7031E-03
  1.9408E-03 -1.0754E-02  4.3102E-03
 -4.1129E-04 -8.9046E-03  1.6084E-03
 -1.8325E-04 -9.8871E-03  1.2924E-03
 -1.1355E-03 -8.1593E-03  9.0316E-04
 -1.6893E-03 -8.5136E-03 -3.0125E-04
 -2.4302E-03 -7.7000E-03 -9.8606E-04
 -2.4154E-03 -8.0948E-03 -1.2447E-03
 -3.2180E-03 -7.4816E-03 -2.1795E-03
 -1.9350E-03 -7.7868E-03 -1.9954E-04
 -1.7926E-03 -8.5250E-03 -4.8655E-04
 -1.8401E-03 -9.3645E-03 -1.1722E-03
 -1.7799E-03 -7.6346E-03  1.7590E-04
 -1.8511E-03 -7.5753E-03  9.6455E-05
 -1.8998E-03 -6.3943E-03  8.6284E-04
 -1.8076E-03 -6.5030E-03  9.4274E-04
 -2.6553E-03 -5.2556E-03  3.8697E-04
 -2.6742E-03 -4.0793E-03  1.2011E-03
 -1.1472E-03 -8.6908E-03  5.0058E-04
 -1.2181E-03 -9.2623E-03 -3.2308E-05
 -4.7226E-04 -8.9598E-03  1.4641E-03
  2.4816E-04 -1.0001E-02  1.9499E-03
  9.3852E-04 -1.0195E-02  2.9938E-03
  1.0227E-03 -9.0847E-03  3.9373E-03
  1.6463E-03 -1.1257E-02  3.4428E-03
  2.0387E-04 -1.1166E-02  1.0355E-03
  3.9074E-04 -1.1874E-02  8.4686E-04
 -6.8789E-05 -1.1331E-02  4.4975E-04
 -1.5381E-04 -1.2395E-02 -4.6190E-04
 -3.9232E-04 -1.2387E-02 -8.6532E-04
  2.0244E-04 -1.2483E-02  8.5536E-05
 -8.3242E-09 -1.2209E-02 -6.4521E-05
  8.6771E-04 -1.2822E-02  9.8248E-04
 -7.3665E-04 -1.2438E-02 -1.4918E-03
 -6.4330E-04 -1.3428E-02 -2.0444E-03
 -1.3465E-03 -1.1366E-02 -1.7662E-03
 -1.9455E-03 -1.1277E-02 -2.7287E-03
 -2.6466E-03 -9.9881E-03 -3.0036E-03
 -3.0524E-03 -9.6647E-03 -3.4666E-03
 -3.6815E-03 -8.3334E-03 -3.5871E-03
 -4.0529E-03 -8.0640E-03 -4.0300E-03
 -4.6785E-03 -7.0166E-03 -4.3489E-03
 -4.9782E-03 -6.8523E-03 -4.7444E-03
 -5.0034E-03 -6.1239E-03 -4.2634E-03
 -1.6759E-03 -1.1600E-02 -2.4989E-03
 -1.9992E-03 -1.1938E-02 -3.2968E-03
 -1.0544E-03 -1.1580E-02 -1.4192E-03
 -7.9555E-04 -1.1832E-02 -1.1567E-03
 -7.9294E-04 -1.0713E-02 -3.4751E-04
 -3.9723E-04 -1.1040E-02  9.5804E-05
 -1.6086E-03 -9.6552E-03 -9.8439E-04
 -1.6674E-03 -8.4172E-03 -1.9440E-04
 -4.9054E-05 -1.2979E-02 -7.0252E-04
 -2.1112E-05 -1.3703E-02 -1.1757E-03
  1.1729E-03 -1.3249E-02  1.5112E-03
  5.6088E-03 -1.1888E-02  4.4983E-04
  8.8191E-03 -1.2835E-02 -2.2325E-03
  8.5491E-03 -1.6580E-02 -5.7962E-03
  8.0540E-03 -1.2074E-02 -1.0632E-03
  6.1101E-03 -1.2889E-02 -8.1439E-04
  8.5542E-03 -1.0753E-02 -2.6213E-05
  3.5222E-03 -1.6025E-02 -2.5152E-03
  3.7817E-03 -1.7266E-02 -3.8859E-03
  1.3706E-03 -1.6049E-02 -1.3696E-03
 -5.9346E-04 -1.8098E-02 -2.3329E-03
  1.3847E-03 -1.2793E-02  1.8483E-03
 -8.9145E-04 -1.1565E-02  4.3019E-03
 -5.1187E-03 -1.1199E-02  6.9608E-03
 -4.8115E-03 -7.9991E-03  9.9648E-03
 -9.3215E-03 -7.9126E-03  1.2501E-02
 -9.1850E-03 -5.1166E-03  1.5197E-02
 -1.1389E-02 -5.5726E-03  1.5943E-02
 -1.1024E-02 -2.8778E-03  1.8414E-02
 -1.4010E-02 -8.7068E-03  1.4262E-02
  1.9248E-03 -8.3133E-03  5.9932E-03
  4.4061E-03 -5.8532E-03  7.0824E-03
  1.6585E-03 -8.5142E-03  5.9388E-03
  4.0537E-03 -5.7697E-03  7.3565E-03
  6.0273E-03 -7.3057E-03  4.7624E-03
  8.2094E-03 -9.9073E-03  9.9903E-04
  1.2534E-02 -8.2365E-03  3.0481E-04
  1.4681E-02 -1.0799E-02 -3.4014E-03
  1.4847E-02 -1.2256E-02 -4.9348E-03
  1.6839E-02 -1.4584E-02 -8.3237E-03
  1.3095E-02 -1.1346E-02 -3.0803E-03
  8.1710E-04 -4.2308E-03  1.0640E-02
 -2.7955E-03 -6.1459E-03  1.0705E-02
  2.1894E-03 -8.1429E-04  1.3279E-02
 -6.0934E-04  9.7714E-04  1.6575E-02
 -1.7280E-03  3.1772E-03  1.9363E-02
  2.2265E-03  6.2708E-03  2.0279E-02
 -3.4618E-03  9.2987E-04  1.8078E-02
  1.3527E-03  3.4083E-03  1.7918E-02
  5.2678E-03  4.9092E-03  1.7277E-02
 -1.3302E-03  3.7039E-03  1.9668E-02
  3.3236E-04  6.1493E-03  2.1188E-02
 -2.1908E-03  5.0796E-03  2.1499E-02
 -5.1058E-04  7.6741E-03  2.3156E-02
 -2.5575E-03  9.0781E-03  2.5660E-02
  5.5859E-04  1.1547E-02  2.6413E-02
  4.3836E-03  1.1644E-02  2.4430E-02
  3.8305E-03  9.3202E-03  2.2429E-02
 -5.3182E-05  9.5636E-03  2.4780E-02
 -3.5484E-03  1.0057E-02  2.7168E-02
  3.5532E-03  1.1896E-02  2.5132E-02
  3.6694E-03  1.5255E-02  2.8396E-02
  8.3425E-03  1.7643E-02  2.8223E-02
  9.5632E-04  1.7142E-02  3.1740E-02
 -2.1407E-03  1.7566E-02  3.3843E-02
  2.0338E-03  1.8269E-02  3.2271E-02
  6.0470E-03  1.8636E-02  3.0454E-02
  7.0807E-03  2.2211E-02  3.3435E-02
  2.6764E-03  2.2091E-02  3.5708E-02
 -4.7638E-04  2.0088E-02  3.5438E-02
 -4.7888E-03  1.7761E-02  3.5475E-02
 -5.4366E-03  1.7791E-02  3.5857E-02
 -7.7242E-03  1.5804E-02  3.5131E-02
 -1.1968E-02  1.3485E-02  3.5140E-02
 -1.1536E-02  1.0766E-02  3.2211E-02
 -9.8621E-03  8.3578E-03  2.8915E-02
 -1.4393E-02  1.1645E-02  3.4634E-02
 -1.8364E-02  1.0725E-02  3.5880E-02
 -1.1916E-02  1.1014E-02  3.2663E-02
 -1.3717E-02  9.3145E-03  3.1958E-02
 -1.5076E-02  5.3865E-03  2.8804E-02
 -1.6454E-02  3.6889E-03  2.7871E-02
 -1.5489E-02  3.9264E-03  2.8418E-02
 -1.6800E-02 -8.6758E-05  2.5187E-02
 -1.5990E-02 -1.2171E-03  2.3672E-02
 -2.0242E-02 -2.2793E-03  2.4821E-02
 -2.0108E-02  6.5380E-04  2.7605E-02
 -1.6040E-02  1.5205E-03  2.6361E-02
 -1.5055E-02  4.0989E-03  2.8363E-02
 -1.1288E-02  4.7313E-03  2.7045E-02
 -1.7815E-02  6.0758E-03  3.1703E-02
 -1.4218E-02 -1.6642E-03  2.2328E-02
 -1.0105E-02 -1.1371E-04  2.1725E-02
 -1.6626E-02 -4.7659E-03  2.0547E-02
 -1.4597E-02 -6.4722E-03  1.7845E-02
 -1.6545E-02 -6.0661E-03  1.9241E-02
 -1.3698E-02 -7.0022E-03  1.6868E-02
 -2.1512E-02 -8.4530E-03  1.9468E-02
 -1.5085E-02 -1.0499E-02  1.4179E-02
 -1.8741E-02 -1.2708E-02  1.3907E-02
 -1.1353E-02 -1.1415E-02  1.1373E-02
 -1.1151E-02 -1.5100E-02  7.6843E-03
 -7.6119E-03 -1.5015E-02  5.9508E-03
 -8.5266E-03 -1.3336E-02  8.0534E-03
 -6.7295E-03 -9.5576E-03  1.0807E-02
 -7.8456E-03 -7.9272E-03  1.2965E-02
 -1.0791E-02 -1.0102E-02  1.2361E-02
 -1.1957E-02 -8.4606E-03  1.4556E-02
 -1.2606E-02 -1.3887E-02  9.6114E-03
 -1.1456E-02 -1.5476E-02  7.4751E-03
 -9.6237E-03 -1.6408E-02  5.6284E-03
 -8.1531E-03 -1.4250E-02  6.9730E-03
 -1.0180E-02 -1.9984E-02  2.4352E-03
 -8.5968E-03 -2.1688E-02 -3.4318E-05
 -1.2344E-02 -2.3449E-02  1.7590E-04
 -1.0530E-02 -2.4706E-02 -1.9778E-03
 -9.2124E-03 -2.3004E-02 -9.9875E-04
 -7.5448E-03 -2.5288E-02 -4.0759E-03
 -7.8404E-03 -2.8276E-02 -6.8310E-03
 -9.6302E-03 -2.7992E-02 -5.6358E-03
 -6.6085E-03 -2.4595E-02 -3.8822E-03
 -9.1542E-03 -2.7537E-02 -5.4372E-03
 -2.0836E-03 -2.3766E-02 -5.3986E-03
  4.1988E-04 -2.6150E-02 -9.0026E-03
  5.0441E-03 -2.5390E-02 -1.0636E-02
  4.3896E-03 -2.5791E-02 -1.0690E-02
  8.1852E-03 -2.1548E-02 -8.5113E-03
 -2.2407E-03 -3.0248E-02 -1.1623E-02
 -1.6746E-03 -3.2366E-02 -1.3973E-02
 -5.0711E-03 -3.1381E-02 -1.1272E-02
 -7.8501E-03 -3.5231E-02 -1.3591E-02
 -7.9540E-03 -3.6672E-02 -1.4939E-02
 -3.5444E-03 -3.7214E-02 -1.7729E-02
 -5.0079E-04 -3.3770E-02 -1.5942E-02
  4.0480E-03 -3.4162E-02 -1.8658E-02
  7.0165E-03 -3.0708E-02 -1.6821E-02
 -1.2719E-02 -3.5807E-02 -1.1652E-02
 -1.4208E-02 -3.7681E-02 -1.2711E-02
 -1.5044E-02 -3.3977E-02 -8.6794E-03
 -1.9856E-02 -3.4370E-02 -6.5922E-03
 -2.1795E-02 -3.2598E-02 -3.8729E-03
 -2.0423E-02 -3.3479E-02 -5.4337E-03
 -1.9302E-02 -3.0809E-02 -3.4125E-03
 -1.7640E-02 -3.1509E-02 -4.9468E-03
 -1.7109E-02 -3.4918E-02 -8.5346E-03
 -1.8259E-02 -3.7617E-02 -1.0570E-02
 -1.9911E-02 -3.6893E-02 -9.0174E-03
 -2.1257E-02 -3.3334E-02 -4.8649E-03
 -2.4757E-02 -3.5338E-02 -5.0184E-03
 -1.8727E-02 -3.0164E-02 -3.0801E-03
 -1.9789E-02 -2.9001E-02 -1.4041E-03
 -2.3240E-02 -2.6819E-02  2.4893E-03
 -2.1122E-02 -2.2816E-02  5.2962E-03
 -2.1747E-02 -2.0264E-02  8.1003E-03
 -1.8985E-02 -2.2044E-02  4.9507E-03
 -1.5377E-02 -2.6870E-02 -1.5952E-03
 -1.4344E-02 -2.3540E-02  1.1135E-03
 -1.2662E-02 -2.8807E-02 -4.8726E-03
 -1.3642E-02 -3.2831E-02 -8.2837E-03
 -1.0623E-02 -3.3581E-02 -1.0563E-02
 -6.3725E-03 -3.0241E-02 -9.4956E-03
 -8.3150E-03 -2.7062E-02 -5.4067E-03
 -8.9732E-03 -2.5508E-02 -3.5570E-03
 -1.2669E-02 -2.6642E-02 -2.7633E-03
 -5.5569E-03 -2.2653E-02 -2.5334E-03
 -1.4663E-03 -2.0201E-02 -2.2475E-03
  1.0973E-03 -1.7964E-02 -1.3870E-03
 -2.5649E-03 -1.7458E-02  9.8439E-04
 -6.2268E-03 -2.1239E-02 -8.1381E-04
 -5.3996E-03 -2.3875E-02 -3.8026E-03
 -3.2019E-03 -2.5958E-02 -6.9562E-03
 -7.4320E-03 -2.3989E-02 -2.0788E-03
 -6.9418E-03 -2.6239E-02 -4.5180E-03
 -9.1499E-03 -2.5256E-02 -2.2496E-03
 -1.4317E-02 -2.6453E-02 -2.7475E-04
 -1.6030E-02 -2.4863E-02  2.2726E-03
 -2.0827E-02 -2.4928E-02  5.1033E-03
 -2.1884E-02 -2.2156E-02  8.3805E-03
 -1.8907E-03 -2.5295E-02 -6.6642E-03
 -2.8806E-04 -2.7850E-02 -1.0064E-02
  5.7401E-04 -2.1603E-02 -4.6327E-03
  5.4693E-03 -2.0332E-02 -6.3734E-03
  7.2993E-03 -1.6814E-02 -4.1267E-03
  4.4966E-03 -1.7484E-02 -3.0742E-03
  1.2286E-02 -1.5995E-02 -6.3521E-03
  7.0032E-03 -1.9153E-02 -6.1753E-03
  6.8425E-03 -1.6130E-02 -3.1990E-03
  8.0665E-03 -2.1711E-02 -9.2535E-03
  9.5017E-03 -2.0979E-02 -9.4212E-03
  1.0810E-02 -2.4279E-02 -1.3354E-02
  1.2180E-02 -2.3917E-02 -1.3835E-02
  8.2186E-03 -2.5021E-02 -1.2498E-02
  8.2683E-03 -2.2617E-02 -1.0238E-02
  5.1850E-03 -2.8301E-02 -1.3793E-02
  1.3327E-02 -1.7067E-02 -8.0015E-03
  1.6731E-02 -1.6099E-02 -9.1315E-03
  1.2604E-02 -1.4814E-02 -5.4194E-03
  1.5854E-02 -1.0990E-02 -3.7369E-03
  1.5108E-02 -7.9478E-03 -3.8887E-04
  1.7303E-02 -4.5094E-03  1.5626E-03
  1.1819E-02 -9.2077E-03  3.9378E-04
  1.0763E-02 -6.6668E-03  3.4509E-03
  1.1717E-02 -7.7004E-03  1.8910E-03
  1.6494E-02 -7.5604E-03 -8.5577E-04
  1.9507E-02 -3.5976E-03  1.1026E-03
  2.3924E-02 -3.6574E-03 -1.6174E-03
  2.6651E-02  5.6449E-05  2.7610E-04
  5.7762E-03 -7.1391E-03  6.0077E-03
  2.7964E-03 -1.0375E-02  4.7222E-03
  4.8637E-03 -3.9280E-03  9.6165E-03
  1.9128E-04 -3.9738E-03  1.2390E-02
  9.1770E-05  4.3302E-05  1.6276E-02
 -4.5600E-03  2.9228E-04  1.9318E-02
 -4.7814E-03  2.9037E-03  2.1939E-02
 -7.9750E-03 -2.0986E-03  1.9100E-02
 -2.1111E-03 -5.4743E-03  1.2349E-02
 -5.1621E-04 -3.8534E-03  1.2931E-02
 -5.9786E-03 -8.4629E-03  1.1834E-02
 -8.6102E-03 -1.0376E-02  1.1599E-02
 -1.2614E-02 -1.3863E-02  1.0691E-02
 -1.1112E-02 -1.6758E-02  7.0276E-03
 -1.3983E-02 -1.9196E-02  6.4366E-03
 -7.0735E-03 -1.6590E-02  4.7524E-03
 -1.0295E-02 -8.0158E-03  1.4862E-02
 -1.0929E-02 -8.9368E-03  1.4367E-02
 -1.1108E-02 -5.0274E-03  1.8199E-02
 -1.2799E-02 -2.6050E-03  2.1526E-02
 -1.6259E-02 -1.3483E-03  2.4809E-02
 -2.0964E-02 -4.4185E-03  2.4721E-02
 -1.6271E-02  2.5554E-03  2.8535E-02
 -9.1769E-03  8.1165E-04  2.2597E-02
 -9.9471E-03  1.9467E-03  2.4142E-02
 -5.1903E-03  2.3309E-03  2.1640E-02
 -1.5786E-03  5.6318E-03  2.2607E-02
 -2.2897E-04  9.0052E-03  2.5006E-02
 -4.3206E-03  1.0058E-02  2.8476E-02
  1.5488E-03  7.9341E-03  2.2914E-02
  2.7304E-03  4.8509E-03  1.9265E-02
  5.6036E-03  7.0515E-03  1.9629E-02
  3.1254E-03  1.6686E-03  1.5996E-02
  7.1939E-03  8.3624E-04  1.2750E-02
  1.0963E-02  3.9213E-03  1.3416E-02
  1.4789E-02  5.4121E-03  1.2529E-02
  1.1034E-02  5.5619E-03  1.5384E-02
  1.3627E-02  7.9982E-03  1.6087E-02
  1.1945E-02  1.0387E-02  1.9995E-02
  1.4852E-02  1.3662E-02  2.1382E-02
  1.3095E-02  1.6064E-02  2.5361E-02
  1.4463E-02  1.8168E-02  2.6631E-02
  1.0330E-02  1.5847E-02  2.7228E-02
  1.3978E-02  6.1525E-03  1.3791E-02
  1.1115E-02  3.6930E-03  1.3268E-02
  1.7471E-02  7.3206E-03  1.2414E-02
  1.8122E-02  5.6995E-03  1.0137E-02
  2.2458E-02  7.2960E-03  8.5892E-03
  2.5060E-02  6.6258E-03  5.8705E-03
  2.6196E-02  3.9486E-03  2.0619E-03
  2.9719E-02  4.5476E-03  3.6586E-05
  2.3599E-02  1.2609E-03  1.0852E-03
  1.5595E-02  5.5016E-03  1.1844E-02
  1.4556E-02  7.6795E-03  1.5030E-02
  1.4533E-02  2.7814E-03  9.6618E-03
  1.2132E-02  2.1502E-03  1.0797E-02
  9.3372E-03 -1.5370E-03  8.8719E-03
  6.6670E-03 -3.1097E-03  9.1766E-03
  3.9926E-03 -1.5028E-03  1.2980E-02
  4.3354E-03 -6.7861E-03  6.9107E-03
  1.4752E-02  3.2327E-03  9.9916E-03
  1.8210E-02  3.7574E-03  7.9340E-03
  1.3026E-02  3.4042E-03  1.1495E-02
  1.5123E-02  4.4517E-03  1.1049E-02
  1.5927E-02  8.0299E-03  1.4370E-02
  1.9413E-02  1.0446E-02  1.4371E-02
  1.2526E-02  8.4492E-03  1.7422E-02
  1.2825E-02  2.2847E-03  1.0417E-02
  9.7008E-03 -1.7829E-04  1.0089E-02
  1.4473E-02  3.1246E-03  1.0085E-02
  1.2471E-02  1.2894E-03  9.5921E-03
  1.4813E-02 -2.2535E-04  6.1430E-03
  1.3400E-02 -3.7937E-03  3.2963E-03
  1.8899E-02  1.6636E-03  5.1077E-03
  1.2112E-02  3.8271E-03  1.2655E-02
  1.4793E-02  6.6682E-03  1.3737E-02
  8.7145E-03  2.9121E-03  1.4238E-02
  8.1350E-03  5.1904E-03  1.7184E-02
  3.7761E-03  3.8764E-03  1.9059E-02
  2.3038E-03  6.4990E-03  2.3064E-02
 -1.8161E-03  5.1750E-03  2.4746E-02
 -4.8168E-03  2.2930E-03  2.3864E-02
 -6.7824E-03  2.4170E-03  2.5497E-02
 -9.4508E-03 -3.7228E-04  2.4463E-02
 -6.0826E-03  5.2884E-03  2.8121E-02
  1.0504E-02  5.4677E-03  1.5684E-02
  1.1372E-02  3.2333E-03  1.2567E-02
  1.1622E-02  8.2259E-03  1.7865E-02
  1.3862E-02  8.7101E-03  1.6692E-02
  1.5069E-02  1.2194E-02  1.9602E-02
  1.6763E-02  1.2738E-02  1.8910E-02
  2.0483E-02  1.2255E-02  1.5546E-02
  2.4104E-02  1.5207E-02  1.6033E-02
  2.5516E-02  1.8215E-02  1.8264E-02
  1.1385E-02  6.1043E-03  1.5713E-02
  1.2817E-02  4.7001E-03  1.3078E-02
  7.6381E-03  5.4596E-03  1.7858E-02
  4.8052E-03  3.0529E-03  1.7370E-02
  7.7228E-04  2.9353E-03  2.0313E-02
  8.1440E-04  6.2946E-03  2.3974E-02
 -1.6635E-03  6.8236E-03  2.6443E-02
  3.2857E-03  8.3862E-03  2.4391E-02
  4.4805E-03 -3.7937E-04  1.3844E-02
  4.1801E-03 -2.2039E-03  1.2067E-02
  4.5809E-03 -1.2150E-03  1.2849E-02
  4.2466E-03 -4.4327E-03  9.5657E-03
  3.9299E-03 -4.7615E-03  9.4454E-03
  6.6841E-04 -4.0737E-03  1.2686E-02
  4.7591E-04 -3.8780E-03  1.3048E-02
 -1.6498E-03 -3.7210E-03  1.4839E-02
  7.5996E-03 -5.0900E-03  6.2891E-03
  7.2797E-03 -7.9160E-03  3.4258E-03
  1.0783E-02 -2.4850E-03  6.7284E-03
  1.4215E-02 -2.7509E-03  3.8221E-03
  1.7243E-02  6.2347E-04  5.2257E-03
  2.0485E-02  2.4993E-03  4.8181E-03
  2.4413E-02  2.7792E-03  2.1339E-03
  2.7561E-02  5.1585E-03  2.3522E-03
  2.4621E-02  8.8601E-04 -1.0604E-04
  1.3193E-02 -5.2798E-03  1.8204E-03
  1.1471E-02 -5.0733E-03  3.3585E-03
  9.8440E-03 -6.2142E-03  1.2616E-03
  8.5918E-03 -6.6917E-03  4.0151E-04
  9.0259E-03 -6.6086E-03 -1.3948E-03
  7.6337E-03 -7.1464E-03 -2.5251E-03
  8.0711E-03 -7.0627E-03 -4.3360E-03
  7.8119E-03 -7.1896E-03 -5.2270E-03
  8.6578E-03 -6.8760E-03 -4.8739E-03
  8.0271E-03 -6.8627E-03  1.1394E-03
  6.6343E-03 -7.3510E-03  1.2714E-03
  9.1007E-03 -6.4631E-03  1.6291E-03
  8.7189E-03 -6.5689E-03  2.3783E-03
  1.0198E-02 -6.0318E-03  2.7107E-03
  9.9693E-03 -6.0722E-03  3.7405E-03
  1.1150E-02 -5.6002E-03  5.1058E-03
  1.2354E-02 -5.1847E-03  4.8221E-03
  1.0869E-02 -5.6467E-03  6.4521E-03
  7.8075E-03 -6.8286E-03  3.9835E-03
  6.7070E-03 -7.2048E-03  4.3334E-03
  8.3037E-03 -6.6142E-03  4.9655E-03
  7.5527E-03 -6.8194E-03  6.5107E-03
  8.5430E-03 -6.4309E-03  7.4679E-03
  7.8443E-03 -6.6127E-03  9.1369E-03
  1.0047E-02 -5.8905E-03  7.6602E-03
  5.9528E-03 -7.3983E-03  6.2052E-03
  4.8148E-03 -7.7727E-03  6.9359E-03
  5.8494E-03 -7.4800E-03  5.0592E-03
  4.3818E-03 -8.0152E-03  4.6733E-03
  4.5837E-03 -7.9943E-03  3.3879E-03
  5.6653E-03 -7.5859E-03  4.0270E-03
  3.0352E-03 -8.5584E-03  2.9941E-03
  3.1927E-03 -8.4597E-03  4.0852E-03
  1.9337E-03 -8.8780E-03  4.7899E-03
  3.5941E-03 -8.3669E-03  2.8273E-03
  2.5297E-03 -8.7693E-03  2.1871E-03
  3.2223E-03 -8.5830E-03  6.8631E-04
  3.2473E-03 -8.6313E-03 -7.6551E-04
  2.9653E-03 -8.7923E-03 -2.3190E-03
  2.4533E-03 -9.0260E-03 -3.6468E-03
  3.3767E-03 -8.7447E-03 -4.8134E-03
  2.8165E-03 -8.9889E-03 -5.9752E-03
  4.8633E-03 -8.2179E-03 -4.8103E-03
  1.9893E-03 -8.9111E-03  3.4488E-03
  6.9610E-04 -9.3725E-03  3.3668E-03
  2.9636E-03 -8.5194E-03  4.6314E-03
  2.5704E-03 -8.6080E-03  5.9200E-03
  4.0052E-03 -8.0636E-03  6.8346E-03
  4.4314E-03 -7.9172E-03  6.7181E-03
  6.1146E-03 -7.3013E-03  7.2135E-03
  6.4960E-03 -7.1060E-03  8.7408E-03
  8.1822E-03 -6.5024E-03  8.8980E-03
  1.4081E-03 -8.9733E-03  7.1004E-03
  2.8229E-04 -9.3529E-03  7.5901E-03
  1.6720E-03 -8.8616E-03  7.5639E-03
  5.9519E-04 -9.2003E-03  8.6496E-03
  1.1144E-03 -9.0057E-03  8.9218E-03
  2.3237E-03 -8.5264E-03  1.0212E-02
  2.1602E-03 -8.5515E-03  1.1046E-02
  2.5154E-03 -8.4693E-03  9.9367E-03
  3.8803E-03 -7.9898E-03  9.8331E-03
  4.1012E-03 -7.9528E-03  8.7839E-03
  5.0201E-03 -7.5482E-03  1.0793E-02
 -1.0243E-03 -9.8022E-03  7.9353E-03
 -2.1731E-03 -1.0175E-02  8.8018E-03
 -1.1175E-03 -9.8977E-03  6.3492E-03
 -2.5939E-03 -1.0452E-02  5.5652E-03
 -2.4392E-03 -1.0463E-02  3.8910E-03
 -2.0725E-03 -1.0335E-02  3.8235E-03
 -3.4176E-03 -1.0786E-02  4.4972E-03
 -1.6668E-03 -1.0262E-02  2.0443E-03
 -3.4435E-03 -1.0757E-02  5.4623E-03
 -4.8554E-03 -1.1249E-02  5.6583E-03
 -2.6319E-03 -1.0482E-02  5.1441E-03
 -3.4153E-03 -1.0762E-02  5.0696E-03
 -2.3381E-03 -1.0404E-02  4.4807E-03
 -3.2121E-03 -1.0711E-02  4.5306E-03
 -9.3053E-04 -9.8630E-03  5.5484E-03
 -4.0627E-03 -1.0925E-02  6.7673E-03
 -5.4226E-03 -1.1398E-02  6.9835E-03
 -3.0829E-03 -1.0531E-02  7.9625E-03
 -3.4291E-03 -1.0586E-02  9.6702E-03
 -2.0331E-03 -1.0054E-02  1.0617E-02
 -1.6862E-03 -9.8707E-03  1.2154E-02
 -2.1398E-03 -9.9716E-03  1.3675E-02
 -2.8396E-03 -1.0175E-02  1.4803E-02
 -1.7888E-03 -9.8448E-03  1.3738E-02
 -4.8959E-03 -1.1086E-02  1.0169E-02
 -5.9166E-03 -1.1413E-02  1.1057E-02
 -5.9362E-03 -1.1753E-02  6.3393E-03
 -5.5394E-03 -1.0700E-02  5.4230E-03
 -4.3641E-03 -1.0155E-02  3.9640E-03
 -4.0382E-03 -8.8158E-03  2.9797E-03
 -4.5161E-03 -7.0817E-03  2.6188E-03
 -4.2956E-03 -5.8194E-03  1.7791E-03
 -3.5823E-03 -6.2930E-03  1.2860E-03
 -3.3891E-03 -5.0171E-03  4.6748E-04
 -3.0890E-03 -8.0071E-03  1.6216E-03
 -3.3190E-03 -9.2640E-03  2.4683E-03
 -6.7086E-03 -9.1207E-03  5.8394E-03
 -6.9689E-03 -8.6698E-03  5.8836E-03
 -7.4255E-03 -8.2834E-03  6.1586E-03
 -8.5537E-03 -6.7472E-03  6.5544E-03
 -8.9482E-03 -5.7873E-03  6.4866E-03
 -8.0024E-03 -4.8646E-03  5.0763E-03
 -7.1007E-03 -5.1573E-03  4.3038E-03
 -6.4486E-03 -3.9475E-03  3.0515E-03
 -6.9375E-03 -2.9469E-03  3.0596E-03
 -7.8788E-03 -3.4752E-03  4.2730E-03
 -9.7834E-03 -6.9722E-03  7.9126E-03
 -1.0424E-02 -5.8815E-03  8.0309E-03
 -1.0159E-02 -8.3203E-03  8.9518E-03
 -1.1331E-02 -8.5747E-03  1.0265E-02
 -1.1705E-02 -1.0070E-02  1.1375E-02
 -1.0650E-02 -1.1844E-02  1.1170E-02
 -1.1040E-02 -1.3333E-02  1.2291E-02
 -1.1630E-02 -1.3044E-02  1.2750E-02
 -1.0779E-02 -1.4733E-02  1.2710E-02
 -1.1036E-02 -8.9223E-03  1.0136E-02
 -1.1915E-02 -8.4087E-03  1.0778E-02
 -9.7643E-03 -9.7462E-03  9.2465E-03
 -9.2782E-03 -1.0227E-02  8.9878E-03
 -7.9955E-03 -1.1767E-02  8.4368E-03
 -7.2951E-03 -1.2490E-02  8.0786E-03
 -6.0160E-03 -1.4494E-02  7.7578E-03
 -4.4755E-03 -1.3947E-02  5.9273E-03
 -9.0506E-03 -8.7653E-03  8.0435E-03
 -9.4110E-03 -8.5617E-03  8.3100E-03
 -8.5583E-03 -7.6725E-03  7.0106E-03
 -8.2677E-03 -6.2808E-03  6.0366E-03
 -6.9591E-03 -6.0637E-03  4.6022E-03
 -6.3752E-03 -5.1439E-03  3.5607E-03
 -6.0158E-03 -7.7343E-03  4.4597E-03
 -9.3438E-03 -4.5533E-03  6.2862E-03
 -9.3036E-03 -3.4494E-03  5.7068E-03
 -1.0330E-02 -4.3094E-03  7.1683E-03
 -1.1400E-02 -2.6814E-03  7.4601E-03
 -1.2420E-02 -2.7254E-03  8.5175E-03
 -1.2097E-02 -2.1473E-03  7.9068E-03
 -1.2211E-02 -7.1569E-04  7.3245E-03
 -1.2559E-02 -3.2808E-03  8.9294E-03
 -1.2709E-02 -4.9337E-03  9.8878E-03
 -1.3121E-02 -5.6297E-03  1.0645E-02
 -1.3944E-02 -4.0735E-03  1.0722E-02
 -1.3216E-02 -2.7529E-03  9.3386E-03
 -1.2281E-02 -2.6192E-03  8.3243E-03
 -1.2730E-02 -1.7163E-03  8.3399E-03
 -1.0976E-02 -3.4510E-03  7.4052E-03
 -9.9910E-03 -3.3596E-03  6.3608E-03
 -8.6640E-03 -4.7281E-03  5.6813E-03
 -7.5976E-03 -4.7014E-03  4.5857E-03
 -6.3796E-03 -6.1143E-03  4.0386E-03
 -8.0270E-03 -4.9512E-03  5.1435E-03
 -9.7983E-03 -1.5986E-03  5.3061E-03
 -9.6824E-03 -8.2708E-04  4.8120E-03
 -9.7673E-03 -9.6263E-04  4.9643E-03
 -9.6242E-03  7.2816E-04  3.9941E-03
 -9.6250E-03  1.1630E-03  3.7828E-03
 -9.4894E-03  2.9546E-03  2.7711E-03
 -8.4971E-03 -1.8072E-04  3.2934E-03
 -7.1498E-03 -3.9461E-04  2.0299E-03
 -1.0851E-02  1.9916E-03  4.6232E-03
 -1.0744E-02  3.1780E-03  3.9359E-03
 -1.2018E-02  1.7161E-03  5.9420E-03
 -1.3290E-02  2.8190E-03  6.6954E-03
 -1.3320E-02  2.7195E-03  6.7749E-03
 -1.3891E-02  3.9776E-03  6.7407E-03
 -1.2942E-02  7.9984E-04  5.6177E-03
 -1.2403E-02  2.9650E-04  5.1762E-03
 -1.2052E-02 -1.7667E-03  4.8555E-03
 -1.1271E-02 -2.3925E-03  4.2176E-03
 -1.2043E-02 -3.0368E-03  4.8239E-03
 -1.1335E-02 -3.6400E-03  4.2448E-03
 -9.8372E-03 -3.5939E-03  3.0455E-03
 -9.1602E-03 -4.2685E-03  2.4901E-03
 -9.0409E-03 -2.9399E-03  2.4201E-03
 -9.7545E-03 -2.3548E-03  3.0032E-03
 -1.1024E-02  1.4262E-03  4.0935E-03
 -1.0873E-02  2.3239E-03  3.9900E-03
 -1.0013E-02  1.3707E-03  3.2821E-03
 -8.6533E-03  2.3929E-03  2.2124E-03
 -7.5446E-03  1.8085E-03  1.3127E-03
 -6.7945E-03  4.3911E-05  6.7761E-04
 -6.7751E-03 -1.4823E-03  6.3261E-04
 -6.1289E-03 -3.1539E-03  8.2630E-05
 -5.5117E-03 -3.3070E-03 -4.1490E-04
 -4.9337E-03 -4.9840E-03 -9.1041E-04
 -5.5162E-03 -1.8093E-03 -3.8244E-04
 -6.1517E-03 -1.2932E-04  1.5919E-04
 -8.7905E-03  4.4919E-03  2.3627E-03
 -7.8342E-03  5.4109E-03  1.6142E-03
 -9.9322E-03  5.2779E-03  3.2927E-03
 -1.0110E-02  7.2921E-03  3.4742E-03
 -1.1202E-02  8.0520E-03  4.3633E-03
 -1.0730E-02  7.7453E-03  3.9799E-03
 -1.0622E-02  7.7337E-03  3.8926E-03
 -1.0142E-02  9.0974E-03  3.5345E-03
 -1.1597E-02  6.5932E-03  4.6518E-03
 -1.2126E-02  6.9285E-03  5.0826E-03
 -1.3367E-02  5.6089E-03  6.0516E-03
 -1.4864E-02  6.5327E-03  7.2691E-03
 -1.6046E-02  5.3682E-03  8.1933E-03
 -1.7545E-02  6.2139E-03  9.4106E-03
 -1.8741E-02  4.9637E-03  1.0345E-02
 -1.0887E-02  6.7762E-03  4.0865E-03
 -1.0787E-02  7.8253E-03  4.0266E-03
 -9.9160E-03  5.4933E-03  3.2839E-03
 -8.6473E-03  5.2290E-03  2.2622E-03
 -7.8491E-03  3.5128E-03  1.5896E-03
 -8.5365E-03  1.7424E-03  2.1062E-03
 -8.4931E-03  1.5817E-03  2.0683E-03
 -9.6502E-03  1.3329E-03  2.9907E-03
 -7.3044E-03  1.7576E-03  1.1192E-03
 -7.6547E-03  6.9303E-03  1.4997E-03
 -7.0751E-03  7.6274E-03  1.0487E-03
 -7.4705E-03  7.5960E-03  1.3649E-03
 -6.5578E-03  9.2100E-03  6.6471E-04
 -6.5275E-03  9.6091E-03  6.4810E-04
 -7.1071E-03  1.0865E-02  1.1368E-03
 -6.2570E-03  1.1845E-02  4.7453E-04
 -8.5348E-03  1.1147E-02  2.2862E-03
 -9.2594E-03  1.2666E-02  2.8961E-03
 -1.0867E-02  1.2804E-02  4.1872E-03
 -1.1147E-02  1.3696E-02  4.4282E-03
 -1.2713E-02  1.3419E-02  5.6781E-03
 -1.2885E-02  1.3168E-02  5.8109E-03
 -1.3765E-02  1.3470E-02  6.5219E-03
 -9.1292E-03  1.2391E-02  2.7865E-03
 -9.0860E-03  1.3717E-02  2.7775E-03
 -9.0336E-03  1.0663E-02  2.6766E-03
 -8.8742E-03  1.0241E-02  2.5407E-03
 -9.2965E-03  8.2407E-03  2.8405E-03
 -7.3155E-03  1.0585E-02  1.2984E-03
 -6.9706E-03  1.0493E-02  1.0202E-03
 -6.3646E-03  1.0923E-02  5.4293E-04
 -4.8435E-03  1.1285E-02 -6.6889E-04
 -3.9332E-03  9.5665E-03 -1.4314E-03
 -2.6733E-03  9.6962E-03 -2.4385E-03
 -4.5541E-03  7.9595E-03 -9.6496E-04
 -3.8116E-03  6.1846E-03 -1.5941E-03
 -4.9199E-03  4.5974E-03 -7.3667E-04
 -5.5615E-03  4.5353E-03 -2.2374E-04
 -6.9953E-03  4.4073E-03  9.2269E-04
 -4.7782E-03  4.5779E-03 -8.5061E-04
 -2.7828E-03  5.6908E-03 -2.4280E-03
 -1.8907E-03  4.4323E-03 -3.1671E-03
 -5.7382E-03  6.7462E-03 -2.9975E-04
 -4.3997E-03  6.2777E-03 -1.3284E-03
 -4.6196E-03  3.9895E-03 -7.5378E-04
 -6.3888E-03  4.0876E-03  6.9527E-04
 -3.1921E-03  3.4131E-03 -1.8377E-03
 -4.7314E-03  8.2151E-03 -1.3858E-03
 -5.9817E-03  9.7198E-03 -6.0795E-04
 -3.5528E-03  8.2972E-03 -2.3765E-03
 -3.7720E-03  1.0067E-02 -2.4985E-03
 -2.1730E-03  1.1477E-02 -4.0651E-03
 -1.9565E-03  1.3029E-02 -4.5107E-03
 -7.0618E-04  1.1883E-02 -5.3501E-03
  1.2381E-03  1.2396E-02 -7.0490E-03
  2.5276E-03  1.1243E-02 -7.9197E-03
 -3.9742E-03  8.8670E-03 -2.1250E-03
 -2.9734E-03  7.1811E-03 -2.6651E-03
 -5.2980E-03  9.6863E-03 -1.1687E-03
 -5.5891E-03  8.6426E-03 -7.4850E-04
 -7.5024E-03  7.9847E-03  9.4962E-04
 -8.1236E-03  7.4802E-03  1.5509E-03
 -9.1915E-03  9.1266E-03  2.1533E-03
 -9.6823E-03  8.7841E-03  2.6187E-03
 -9.1210E-03  6.7847E-03  2.4966E-03
 -9.6528E-03  6.5902E-03  2.9706E-03
 -8.0568E-03  5.0795E-03  1.9072E-03
 -7.5633E-03  5.4352E-03  1.4373E-03
 -5.2620E-03  1.0355E-02 -1.3132E-03
 -5.6811E-03  1.2397E-02 -1.3161E-03
 -4.4759E-03  9.5797E-03 -1.8315E-03
 -4.1712E-03  1.1184E-02 -2.3592E-03
 -2.3835E-03  1.2158E-02 -4.0074E-03
 -4.2409E-03  1.0055E-02 -2.1078E-03
 -3.6466E-03  8.0636E-03 -2.2587E-03
 -5.0362E-03  1.1290E-02 -1.6605E-03
 -5.1655E-03  1.0379E-02 -1.3972E-03
 -7.0116E-03  1.1055E-02  1.6382E-05
 -7.2185E-03  1.0267E-02  3.2304E-04
 -8.8028E-03  8.8779E-03  1.8740E-03
 -1.0603E-02  1.0209E-02  3.1369E-03
 -1.1071E-02  1.0174E-02  3.5307E-03
 -3.7401E-03  1.1318E-02 -2.7394E-03
 -3.5760E-03  1.3366E-02 -3.2264E-03
 -2.7704E-03  9.8273E-03 -3.2872E-03
 -1.2940E-03  1.0437E-02 -4.6150E-03
  4.4332E-04  8.8770E-03 -5.7870E-03
  1.2094E-03  9.7338E-03 -6.5686E-03
  1.8268E-03  8.7385E-03 -6.9095E-03
 -1.6813E-03  1.0165E-02 -4.2475E-03
 -2.1335E-03  8.3669E-03 -3.5644E-03
 -1.5262E-03  1.1950E-02 -4.6821E-03
 -1.8679E-03  1.1802E-02 -4.3736E-03
 -2.1934E-03  1.4195E-02 -4.5142E-03
 -2.8337E-03  1.4160E-02 -3.9777E-03
 -2.5297E-03  1.5768E-02 -4.5054E-03
 -3.6706E-03  1.2577E-02 -3.0129E-03
 -2.4269E-04  1.0451E-02 -5.4884E-03
  1.1637E-03  1.1258E-02 -6.7922E-03
 -4.2542E-04  8.3388E-03 -4.9749E-03
  1.0475E-03  6.9018E-03 -5.9489E-03
  1.2987E-03  7.3393E-03 -6.2320E-03
  2.4196E-03  6.1425E-03 -6.9555E-03
  2.3403E-04  9.0349E-03 -5.6406E-03
  3.4325E-04  9.6351E-03 -5.8341E-03
 -1.5107E-03  1.0477E-02 -4.4424E-03
 -2.8396E-03  8.7594E-03 -3.0467E-03
 -2.1124E-03  1.2613E-02 -4.3101E-03
  1.5747E-03  1.1515E-02 -7.1768E-03
  1.5790E-03  1.2518E-02 -7.3523E-03
  2.5185E-03  1.2105E-02 -8.0599E-03
  3.7435E-03  1.3847E-02 -9.3737E-03
  3.7604E-03  1.5215E-02 -9.6224E-03
  2.2338E-03  1.6918E-02 -8.6494E-03
  2.6289E-03  1.8174E-02 -9.1923E-03
  1.1470E-03  1.9947E-02 -8.2684E-03
  1.7465E-03  2.1297E-02 -8.9967E-03
  5.6473E-03  1.2790E-02 -1.0770E-02
  6.0778E-03  1.0749E-02 -1.0776E-02
  7.2831E-03  1.5041E-02 -1.2917E-02
  6.9041E-03  1.7054E-02 -1.3285E-02
  8.2594E-03  1.7841E-02 -1.4850E-02
  9.5977E-03  1.6025E-02 -1.5460E-02
  8.9444E-03  1.4222E-02 -1.4192E-02
  9.4289E-03  1.3498E-02 -1.4388E-02
  8.8607E-03  1.4480E-02 -1.4206E-02
  1.0479E-02  1.1796E-02 -1.4766E-02
  1.1056E-02  1.0922E-02 -1.4997E-02
  1.2447E-02  9.1637E-03 -1.5677E-02
  1.1900E-02  7.4422E-03 -1.4539E-02
  1.3300E-02  8.5116E-03 -1.6248E-02
  1.1441E-02  1.2479E-02 -1.5923E-02
  1.1105E-02  1.2518E-02 -1.5619E-02
  1.2055E-02  1.3845E-02 -1.6995E-02
  1.2470E-02  1.5432E-02 -1.7961E-02
  1.3476E-02  1.6452E-02 -1.9280E-02
  1.1054E-02  1.6935E-02 -1.7165E-02
  1.1112E-02  1.7949E-02 -1.7586E-02
  9.7898E-03  1.7158E-02 -1.6050E-02
  8.4170E-03  1.8554E-02 -1.5256E-02
  7.3139E-03  1.9313E-02 -1.4487E-02
  6.2634E-03  2.1308E-02 -1.4214E-02
  5.4142E-03  2.2349E-02 -1.3787E-02
  4.1721E-03  2.3576E-02 -1.3056E-02
  5.9836E-03  2.1957E-02 -1.4184E-02
  7.6536E-03  1.7588E-02 -1.4186E-02
  7.2277E-03  1.8485E-02 -1.4107E-02
  7.5657E-03  1.5717E-02 -1.3428E-02
  6.8658E-03  1.4636E-02 -1.2377E-02
  6.9862E-03  1.2499E-02 -1.1719E-02
  6.1920E-03  1.2432E-02 -1.0944E-02
  6.2711E-03  1.1450E-02 -1.0665E-02
  7.6815E-03  1.4616E-02 -1.3140E-02
  6.9456E-03  1.5044E-02 -1.2599E-02
  9.2074E-03  1.4140E-02 -1.4411E-02
  1.0169E-02  1.4091E-02 -1.5302E-02
  1.1844E-02  1.3574E-02 -1.6699E-02
  1.3003E-02  1.3149E-02 -1.7641E-02
  1.3910E-02  1.4759E-02 -1.9079E-02
  1.5547E-02  1.3967E-02 -2.0340E-02
  1.6635E-02  1.3976E-02 -2.1372E-02
  1.8097E-02  1.3222E-02 -2.2482E-02
  1.6270E-02  1.4736E-02 -2.1301E-02
  9.7468E-03  1.6125E-02 -1.5637E-02
  9.5566E-03  1.6268E-02 -1.5509E-02
  9.5354E-03  1.7707E-02 -1.6008E-02
  9.0963E-03  1.9716E-02 -1.6318E-02
  8.9599E-03  2.1218E-02 -1.6730E-02
  7.5733E-03  1.9970E-02 -1.4970E-02
  7.3957E-03  2.0708E-02 -1.5068E-02
  6.4756E-03  1.9340E-02 -1.3705E-02
  4.9737E-03  1.9501E-02 -1.2343E-02
  3.9178E-03  1.8709E-02 -1.1059E-02
  3.2524E-03  2.0149E-02 -1.0950E-02
  2.7299E-03  1.9453E-02 -1.0205E-02
  3.2336E-03  2.1957E-02 -1.1585E-02
  5.0736E-03  1.8393E-02 -1.2038E-02
  4.3185E-03  1.9179E-02 -1.1608E-02
  5.9963E-03  1.6575E-02 -1.2254E-02
  6.1915E-03  1.5380E-02 -1.2008E-02
  7.2727E-03  1.3396E-02 -1.2314E-02
  6.3786E-03  1.2133E-02 -1.1013E-02
  4.8475E-03  1.2258E-02 -9.6105E-03
  7.2972E-03  1.0035E-02 -1.1124E-02
  6.7324E-03  1.6364E-02 -1.2874E-02
  6.2584E-03  1.6141E-02 -1.2345E-02
  7.7416E-03  1.7445E-02 -1.4218E-02
  8.2965E-03  1.8458E-02 -1.5108E-02
  9.6640E-03  1.9235E-02 -1.6680E-02
  1.1077E-02  1.7592E-02 -1.7424E-02
  1.2545E-02  1.8333E-02 -1.9078E-02
  1.3144E-02  1.8494E-02 -1.9702E-02
  1.3102E-02  1.8731E-02 -1.9748E-02
  7.0244E-03  2.0143E-02 -1.4513E-02
  6.9466E-03  2.0560E-02 -1.4590E-02
  6.2706E-03  2.0791E-02 -1.3521E-02
  4.7354E-03  2.2081E-02 -1.3214E-02
  3.9878E-03  2.3797E-02 -1.3450E-02
  5.2220E-03  2.5446E-02 -1.4646E-02
  5.5767E-03  2.6073E-02 -1.5043E-02
  3.7697E-03  2.6772E-02 -1.4393E-02
  4.1681E-03  2.7150E-02 -1.4725E-02
  3.1428E-03  2.0958E-02 -1.2027E-02
  1.7987E-03  2.1777E-02 -1.1648E-02
  3.2829E-03  1.9091E-02 -1.1436E-02
  1.8671E-03  1.7856E-02 -1.0296E-02
  1.3974E-03  1.6575E-02 -9.6103E-03
  4.8517E-04  1.4816E-02 -8.5355E-03
  1.4448E-04  1.7822E-02 -9.4291E-03
 -2.1482E-04  1.6704E-02 -8.8554E-03
  2.5690E-03  1.6465E-02 -1.0153E-02
  1.5181E-03  1.6164E-02 -9.5249E-03
  4.3734E-03  1.5698E-02 -1.0779E-02
  5.2429E-03  1.4254E-02 -1.0700E-02
  6.6429E-03  1.2744E-02 -1.0862E-02
  5.7289E-03  1.1820E-02 -1.0081E-02
  4.3614E-03  1.0593E-02 -8.9683E-03
  7.1701E-03  1.0639E-02 -1.0379E-02
  6.2081E-03  1.4993E-02 -1.1441E-02
  6.0334E-03  1.4267E-02 -1.1097E-02
  7.2750E-03  1.6377E-02 -1.2460E-02
  8.3068E-03  1.7136E-02 -1.3240E-02
  1.0031E-02  1.5630E-02 -1.3565E-02
  9.9425E-03  1.4402E-02 -1.3087E-02
  1.1452E-02  1.5622E-02 -1.4268E-02
