 -3.6983E-03  5.0747E-03  3.8202E-03
 -3.7478E-03  5.0779E-03  3.9124E-03
 -3.9935E-03  5.0726E-03  4.4433E-03
 -4.0568E-03  5.0679E-03  4.5921E-03
 -3.5420E-03  4.7894E-03  4.5152E-03
 -3.4568E-03  4.5609E-03  5.1550E-03
 -4.0169E-03  5.3451E-03  3.5171E-03
 -4.3791E-03  5.5729E-03  3.4574E-03
 -3.8232E-03  5.3149E-03  3.2218E-03
 -4.0471E-03  5.5558E-03  2.8268E-03
 -3.7810E-03  5.5448E-03  2.3111E-03
 -3.8438E-03  5.6385E-03  2.1068E-03
 -3.4778E-03  5.5421E-03  1.6890E-03
 -3.5587E-03  5.6535E-03  1.4589E-03
 -3.4438E-03  5.7215E-03  9.7618E-04
 -3.5402E-03  5.8246E-03  8.0846E-04
 -3.2377E-03  5.6886E-03  6.6415E-04
 -4.0899E-03  5.5493E-03  2.9392E-03
 -3.7557E-03  5.3554E-03  2.9360E-03
 -4.5066E-03  5.7664E-03  3.0312E-03
 -4.5975E-03  5.7801E-03  3.1716E-03
 -4.8133E-03  5.7507E-03  3.7263E-03
 -4.9792E-03  5.8025E-03  3.8868E-03
 -4.4798E-03  5.4626E-03  4.0620E-03
 -4.7090E-03  5.4564E-03  4.5618E-03
 -4.9134E-03  6.0565E-03  2.8411E-03
 -5.2090E-03  6.2728E-03  2.6838E-03
 -4.8181E-03  6.0405E-03  2.6997E-03
 -5.1009E-03  6.2862E-03  2.4102E-03
 -4.8129E-03  6.2441E-03  1.9606E-03
 -4.6657E-03  6.2750E-03  1.5433E-03
 -4.3542E-03  6.2112E-03  1.1221E-03
 -5.0780E-03  6.4543E-03  1.7613E-03
 -5.2909E-03  6.2851E-03  2.8105E-03
 -5.0326E-03  6.0654E-03  3.0578E-03
 -5.7377E-03  6.5208E-03  2.8986E-03
 -5.9616E-03  6.5460E-03  3.2750E-03
 -6.3412E-03  6.6720E-03  3.6156E-03
 -6.5612E-03  6.6619E-03  4.1101E-03
 -6.9039E-03  6.7847E-03  4.3854E-03
 -6.2127E-03  6.3645E-03  4.4476E-03
 -6.1573E-03  6.7346E-03  3.0084E-03
 -6.4607E-03  6.9819E-03  2.7562E-03
 -5.9778E-03  6.6167E-03  3.0557E-03
 -6.1387E-03  6.7769E-03  2.8182E-03
 -5.7420E-03  6.6170E-03  2.5632E-03
 -5.3759E-03  6.5140E-03  2.1686E-03
 -5.5652E-03  6.7491E-03  1.7224E-03
 -5.0500E-03  6.3674E-03  2.0136E-03
 -6.4230E-03  6.8347E-03  3.2040E-03
 -6.3519E-03  6.6705E-03  3.6432E-03
 -6.7332E-03  7.0628E-03  3.0346E-03
 -7.0099E-03  7.1289E-03  3.3751E-03
 -7.3655E-03  7.4069E-03  3.1221E-03
 -7.5618E-03  7.6100E-03  2.8047E-03
 -7.4536E-03  7.4171E-03  3.2690E-03
 -7.7872E-03  7.6697E-03  3.0608E-03
 -7.7755E-03  7.6092E-03  3.2528E-03
 -8.2519E-03  7.8993E-03  3.2081E-03
 -8.3285E-03  7.8431E-03  3.5685E-03
 -8.5558E-03  8.1632E-03  2.8976E-03
 -9.0166E-03  8.3953E-03  3.0278E-03
 -9.2421E-03  8.6557E-03  2.5660E-03
 -8.9433E-03  8.5533E-03  2.3097E-03
 -8.4828E-03  8.2664E-03  2.3762E-03
 -9.2383E-03  8.3905E-03  3.5069E-03
 -9.2525E-03  8.3933E-03  3.5266E-03
 -9.3882E-03  8.3688E-03  3.8972E-03
 -9.6004E-03  8.3616E-03  4.3653E-03
 -9.3098E-03  8.0734E-03  4.7902E-03
 -9.4825E-03  8.0515E-03  5.2286E-03
 -1.1049E-02  1.1854E-02  4.6484E-03
 -1.0497E-02  1.0508E-02  5.5439E-03
 -9.1565E-03  9.8106E-03  4.7442E-03
 -1.1225E-02  1.0202E-02  6.7705E-03
 -1.1013E-02  9.1468E-03  7.7370E-03
 -1.2058E-02  1.1110E-02  6.7191E-03
 -1.2788E-02  1.0905E-02  7.8310E-03
 -1.2093E-02  1.0019E-02  8.0229E-03
 -1.2213E-02  9.1601E-03  9.1604E-03
 -1.1389E-02  1.0219E-02  6.9476E-03
 -1.0705E-02  9.4062E-03  7.0680E-03
 -9.6720E-03  9.5321E-03  5.6843E-03
 -1.0110E-02  1.0879E-02  4.6515E-03
 -9.1083E-03  1.0939E-02  3.3803E-03
 -9.6654E-03  1.2219E-02  2.5677E-03
 -9.9919E-03  1.3286E-02  1.7250E-03
 -1.1610E-02  9.7522E-03  7.7522E-03
 -1.1380E-02  8.9881E-03  8.3615E-03
 -1.2655E-02  1.0908E-02  7.6675E-03
 -1.3616E-02  1.1364E-02  8.2919E-03
 -1.4115E-02  1.0567E-02  9.8115E-03
 -1.4537E-02  1.0477E-02  1.0423E-02
 -1.4001E-02  9.9258E-03  1.0418E-02
 -1.4460E-02  9.1318E-03  1.1887E-02
 -1.4209E-02  8.4759E-03  1.2345E-02
 -1.4699E-02  9.4621E-03  1.1791E-02
 -1.2902E-02  7.5101E-03  1.1896E-02
 -1.3936E-02  8.1118E-03  1.2439E-02
 -1.4552E-02  7.7553E-03  1.3590E-02
 -1.2826E-02  7.6869E-03  1.1599E-02
 -1.2260E-02  6.6971E-03  1.2066E-02
 -1.0929E-02  5.6814E-03  1.1646E-02
 -1.0584E-02  4.3240E-03  1.2803E-02
 -1.1349E-02  4.1110E-03  1.3966E-02
 -1.2044E-02  3.7970E-03  1.5162E-02
 -1.1275E-02  4.1718E-03  1.3808E-02
 -1.2321E-02  7.1669E-03  1.1596E-02
 -1.1930E-02  6.4362E-03  1.1973E-02
 -1.2911E-02  8.4042E-03  1.0872E-02
 -1.3011E-02  8.9677E-03  1.0340E-02
 -1.3543E-02  1.0343E-02  9.3857E-03
 -1.3738E-02  8.8027E-03  1.1402E-02
 -1.3288E-02  8.3920E-03  1.1338E-02
 -1.4866E-02  9.1382E-03  1.2366E-02
 -1.5606E-02  8.9803E-03  1.3436E-02
 -1.6804E-02  9.2985E-03  1.4504E-02
 -1.7949E-02  1.0609E-02  1.4360E-02
 -1.9127E-02  1.0733E-02  1.5628E-02
 -1.9992E-02  1.1784E-02  1.5449E-02
 -1.9260E-02  9.8879E-03  1.6766E-02
 -1.4888E-02  7.6313E-03  1.4136E-02
 -1.4959E-02  7.4096E-03  1.4477E-02
 -1.4203E-02  6.7246E-03  1.4364E-02
 -1.3475E-02  5.3884E-03  1.5037E-02
 -1.2832E-02  4.5356E-03  1.5253E-02
 -1.1755E-02  3.1895E-03  1.5519E-02
 -1.0541E-02  2.7554E-03  1.4567E-02
 -9.5314E-03  1.5419E-03  1.4760E-02
 -9.7287E-03  7.4599E-04  1.5918E-02
 -1.0940E-02  1.1621E-03  1.6888E-02
 -1.1942E-02  2.3776E-03  1.6683E-02
 -1.2534E-02  5.1150E-03  1.4226E-02
 -1.2470E-02  4.5950E-03  1.4750E-02
 -1.1829E-02  5.5049E-03  1.2929E-02
 -1.0907E-02  5.3195E-03  1.2038E-02
 -1.0223E-02  5.8232E-03  1.0636E-02
 -9.3006E-03  5.7356E-03  9.6316E-03
 -9.5188E-03  5.0215E-03  1.0719E-02
 -9.0095E-03  5.5635E-03  9.4817E-03
 -1.1479E-02  5.9264E-03  1.2022E-02
 -1.1030E-02  5.3015E-03  1.2207E-02
 -1.0526E-02  7.3814E-03  1.0025E-02
 -1.0691E-02  7.5290E-03  1.0454E-02
 -1.2086E-02  9.5879E-03  1.0263E-02
 -1.2409E-02  1.0557E-02  7.9156E-03
 -1.4202E-02  1.3145E-02  7.9451E-03
 -1.4514E-02  1.3635E-02  7.7675E-03
 -1.0425E-02  6.6337E-03  1.2843E-02
 -9.6433E-03  5.4319E-03  1.3170E-02
 -1.1022E-02  7.1449E-03  1.4491E-02
 -1.0885E-02  6.4441E-03  1.6839E-02
 -1.1836E-02  7.4986E-03  1.8348E-02
 -1.1813E-02  6.9242E-03  2.0881E-02
 -1.3187E-02  8.6031E-03  2.2326E-02
 -1.3311E-02  8.3748E-03  2.4237E-02
 -1.4137E-02  1.0143E-02  2.1556E-02
 -9.4896E-03  4.3266E-03  1.7301E-02
 -9.1001E-03  3.4365E-03  1.8829E-02
 -8.7186E-03  3.4919E-03  1.5986E-02
 -7.3854E-03  1.4737E-03  1.6402E-02
 -6.9461E-03  1.0092E-03  1.5601E-02
 -5.9541E-03 -7.0524E-04  1.6906E-02
 -6.5450E-03 -3.9069E-04  1.9435E-02
 -5.5610E-03 -2.1057E-03  2.0797E-02
 -4.3690E-03 -3.8171E-03  2.0733E-02
 -6.3874E-03  2.7013E-04  1.5275E-02
 -5.4809E-03 -1.2439E-03  1.6222E-02
 -6.5859E-03  9.8192E-04  1.3289E-02
 -5.6871E-03 -4.5884E-05  1.2012E-02
 -5.1878E-03 -2.5270E-04  9.5985E-03
 -4.6388E-03 -1.0721E-03  9.7152E-03
 -5.4622E-03  1.1019E-04  9.7587E-03
 -5.0409E-03 -6.0585E-04  1.0257E-02
 -3.7727E-03 -2.5369E-03  1.0704E-02
 -3.4174E-03 -3.1922E-03  1.1365E-02
 -2.9131E-03 -3.7630E-03  1.0620E-02
 -3.3520E-03 -3.0221E-03  1.0126E-02
 -6.2239E-03  7.4984E-04  1.1923E-02
 -5.4774E-03 -1.8400E-04  1.1238E-02
 -7.5028E-03  2.4484E-03  1.2636E-02
 -8.0333E-03  3.2315E-03  1.2564E-02
 -7.9587E-03  3.6385E-03  1.0154E-02
 -7.5003E-03  3.1005E-03  9.5672E-03
 -8.4815E-03  4.6857E-03  8.7939E-03
 -8.4903E-03  5.2129E-03  6.3868E-03
 -7.4490E-03  4.0518E-03  4.7686E-03
 -6.0915E-03  1.9509E-03  5.4068E-03
 -7.8240E-03  4.5615E-03  4.9229E-03
 -6.7357E-03  3.1974E-03  3.9361E-03
 -9.8716E-03  7.3029E-03  5.9611E-03
 -1.0579E-02  8.0659E-03  7.1815E-03
 -1.0297E-02  8.2768E-03  4.2860E-03
 -9.7001E-03  7.6459E-03  3.1948E-03
 -1.0642E-02  9.3493E-03  1.6011E-03
 -1.1941E-02  1.0954E-02  2.8935E-03
 -1.1605E-02  1.0290E-02  3.7230E-03
 -1.1634E-02  1.0728E-02  1.8689E-03
 -1.0633E-02  9.5649E-03  5.2997E-04
 -1.2819E-02  1.2476E-02  1.7086E-03
 -1.3032E-02  1.3155E-02 -2.1939E-05
 -1.4116E-02  1.4524E-02  9.1701E-04
 -1.4447E-02  1.5377E-02 -8.3644E-04
 -1.5639E-02  1.6913E-02  4.9827E-05
 -1.6326E-02  1.8235E-02 -1.4885E-03
 -1.5939E-02  1.6913E-02  2.0840E-03
 -1.3468E-02  1.4198E-02 -1.9479E-03
 -1.4442E-02  1.5537E-02 -1.6143E-03
 -1.2727E-02  1.3558E-02 -3.9690E-03
 -1.3024E-02  1.4412E-02 -5.9550E-03
 -1.1773E-02  1.2885E-02 -7.2842E-03
 -1.2073E-02  1.3789E-02 -9.4844E-03
 -1.1209E-02  1.1756E-02 -5.8171E-03
 -9.8140E-03  9.9543E-03 -6.8361E-03
 -1.3406E-02  1.5287E-02 -7.4608E-03
 -1.2771E-02  1.4425E-02 -7.7313E-03
 -1.4467E-02  1.7016E-02 -8.3729E-03
 -1.4870E-02  1.7931E-02 -9.9245E-03
 -1.6041E-02  1.9376E-02 -8.7525E-03
 -1.7253E-02  2.1211E-02 -9.1373E-03
 -1.5211E-02  1.8827E-02 -1.1808E-02
 -1.5651E-02  1.9368E-02 -1.1359E-02
 -1.7062E-02  1.5556E-02 -2.1817E-02
 -1.7796E-02  1.1948E-02 -2.0347E-02
 -2.2962E-02  1.0752E-02 -2.2409E-02
 -2.6115E-02  9.4845E-03 -2.3391E-02
 -2.4199E-02  1.4644E-02 -2.5044E-02
 -1.4372E-02  1.2774E-02 -1.8998E-02
 -1.3074E-02  9.5205E-03 -1.6658E-02
 -1.2710E-02  1.7126E-02 -2.0368E-02
 -9.4452E-03  1.8106E-02 -1.9180E-02
 -4.9673E-03  1.6820E-02 -1.6202E-02
 -2.8900E-03  1.4884E-02 -1.4134E-02
 -3.5594E-03  1.7735E-02 -1.5942E-02
  7.5626E-04  1.6725E-02 -1.3190E-02
  1.9713E-03  1.8897E-02 -1.3675E-02
  3.8574E-03  2.4158E-02 -1.5395E-02
  3.5436E-03  2.6467E-02 -1.6740E-02
  5.7003E-03  2.5997E-02 -1.5383E-02
  3.5926E-04  1.1608E-02 -1.0773E-02
  3.4616E-03  9.7545E-03 -8.2165E-03
 -3.4983E-03  9.3864E-03 -1.1631E-02
 -4.6114E-03  4.4345E-03 -9.6693E-03
 -9.2639E-03  3.2633E-03 -1.1478E-02
 -1.0312E-02 -1.2140E-03 -9.7253E-03
 -1.5474E-02 -1.0299E-03 -1.2492E-02
 -1.9140E-02 -1.7650E-03 -1.4013E-02
 -4.7527E-03  1.6788E-03 -8.3299E-03
 -2.9920E-03 -1.6946E-03 -5.6891E-03
 -7.0157E-03  3.0284E-03 -1.0193E-02
 -7.3388E-03  7.8208E-04 -9.2091E-03
 -9.8709E-03  3.2745E-03 -1.1798E-02
 -1.4969E-02  1.3023E-03 -1.3426E-02
 -1.5593E-02 -3.4801E-03 -1.1298E-02
 -1.6827E-02  4.4271E-03 -1.5990E-02
 -2.5190E-03  1.0408E-03 -6.8464E-03
 -1.0990E-03 -2.4814E-03 -4.3057E-03
  1.4336E-05  5.2749E-03 -7.7051E-03
  4.7611E-03  6.1633E-03 -5.7029E-03
  6.7086E-03  1.1412E-02 -7.3850E-03
  4.2271E-03  1.3919E-02 -9.9548E-03
  6.6930E-03  1.8962E-02 -1.1263E-02
  5.7996E-03  2.2173E-02 -1.3372E-02
  2.1605E-03  2.4178E-02 -1.6283E-02
  1.6429E-03  2.7038E-02 -1.8018E-02
 -9.7156E-04  2.3367E-02 -1.7490E-02
  7.9314E-03  3.6436E-03 -2.7699E-03
  1.1618E-02  3.1580E-03 -6.1208E-04
  6.4070E-03  1.8899E-03 -2.6602E-03
  9.0959E-03 -5.7877E-04 -2.6671E-06
  8.8028E-03  9.2761E-04 -9.2657E-04
  7.6054E-03 -5.8772E-03  1.9416E-03
  1.0137E-02 -8.4032E-03  4.5469E-03
  3.4353E-03 -7.5696E-03  6.5004E-04
  1.6626E-03 -1.2542E-02  2.2812E-03
 -3.5797E-03 -1.3543E-02  7.9861E-05
  3.7598E-03 -1.4232E-02  4.2331E-03
  5.1181E-03 -1.7905E-02  6.8192E-03
  3.9603E-03 -1.1485E-02  2.9290E-03
  5.8459E-03 -1.2462E-02  4.4060E-03
  5.8095E-03 -8.4215E-03  2.3159E-03
  9.7523E-04 -8.6818E-03 -5.3537E-05
  9.0680E-03 -8.4000E-03  3.9920E-03
  1.0706E-02 -1.3236E-02  7.3187E-03
  1.1612E-02 -1.7044E-02  9.7397E-03
  1.3721E-02 -9.6137E-03  7.0232E-03
  1.8543E-02 -9.6491E-03  9.5378E-03
  2.0538E-02 -5.4921E-03  8.4400E-03
  2.4952E-02 -5.6905E-03  1.0827E-02
  2.5911E-02 -1.9405E-03  9.4010E-03
  2.2191E-02 -2.7431E-03  7.8869E-03
  2.2745E-02  9.9129E-04  6.2591E-03
  1.8952E-02 -1.4088E-02  1.2025E-02
  2.0996E-02 -1.6820E-02  1.4483E-02
  1.6956E-02 -1.0033E-02  1.0210E-02
  1.2410E-02 -1.3924E-02  1.5851E-02
  6.7895E-03 -1.6630E-02  1.2665E-02
  8.9409E-03 -1.5430E-02  1.3092E-02
  9.6301E-03 -1.6094E-02  1.8289E-02
  3.8758E-03 -1.9075E-02  1.6042E-02
  1.3868E-02 -1.4499E-02  2.2837E-02
  1.2170E-02 -1.6125E-02  2.5780E-02
  5.2506E-03 -2.0781E-02  2.8247E-02
  4.2148E-03 -2.2786E-02  3.4931E-02
  4.7662E-04 -2.2476E-02  2.2631E-02
 -6.4370E-03 -2.6858E-02  2.3797E-02
 -1.0732E-02 -2.8188E-02  1.7803E-02
 -8.0316E-03 -2.5096E-02  1.0687E-02
 -7.4720E-03 -2.7227E-02  2.2586E-02
 -3.1969E-03 -2.4102E-02  1.9860E-02
 -1.3034E-02 -3.0974E-02  2.4593E-02
 -1.4344E-02 -3.1559E-02  2.3632E-02
 -2.1398E-02 -3.6180E-02  2.5545E-02
 -2.3990E-02 -3.7236E-02  2.3154E-02
 -2.0416E-02 -3.6018E-02  2.7600E-02
 -2.1738E-02 -3.6336E-02  2.5316E-02
 -1.6395E-02 -3.4800E-02  3.3345E-02
 -1.3223E-02 -2.9236E-02  1.5661E-02
 -9.2227E-03 -2.6685E-02  1.4912E-02
 -1.6557E-02 -3.0004E-02  9.7308E-03
 -1.5815E-02 -2.7951E-02  1.9710E-03
 -2.0866E-02 -2.9813E-02 -3.6390E-03
 -2.8118E-02 -3.4067E-02 -4.0715E-03
 -3.0364E-02 -3.7056E-02  3.8617E-03
 -2.8882E-02 -3.3703E-02 -8.0362E-03
 -8.7380E-03 -2.3262E-02 -2.0305E-04
 -6.0617E-03 -2.0864E-02 -4.0429E-03
 -5.7028E-03 -2.1993E-02  2.4438E-03
  1.0106E-03 -1.7627E-02  7.7733E-04
  6.1569E-03 -1.5140E-02  3.6464E-03
  1.0912E-02 -1.1557E-02  9.6125E-05
  5.1636E-03 -1.7101E-02  1.0239E-02
  9.5237E-03 -1.5219E-02  1.3755E-02
  7.8245E-03 -1.7915E-02  2.1855E-02
  7.2364E-03 -1.9303E-02  2.6854E-02
  1.3779E-02 -1.6308E-02  3.1309E-02
  1.8867E-02 -1.2220E-02  2.6285E-02
  2.5354E-02 -9.3036E-03  3.0961E-02
  8.3763E-03 -1.4903E-02  8.9166E-03
  1.3142E-02 -1.1689E-02  7.1781E-03
  2.0442E-03 -1.8219E-02  6.6196E-03
  2.3452E-04 -1.8321E-02  1.8800E-03
 -7.3419E-03 -2.2443E-02 -1.2145E-04
 -1.1050E-02 -2.5962E-02  6.1408E-03
 -1.8579E-02 -3.0143E-02  4.5588E-03
 -2.1500E-02 -3.2660E-02  8.2627E-03
 -2.1743E-02 -3.1133E-02  1.9604E-04
  3.5755E-03 -1.4814E-02 -5.3883E-03
  6.5372E-03 -1.2571E-02 -7.6497E-03
  3.3453E-03 -1.4245E-02 -8.8001E-03
  6.2651E-03 -1.1025E-02 -1.5899E-02
  3.2642E-03 -1.2050E-02 -1.9622E-02
  1.3857E-02 -6.6410E-03 -1.5115E-02
  1.6972E-02 -3.6471E-03 -2.0558E-02
  1.6801E-02 -6.2472E-03 -8.5058E-03
  2.4044E-02 -2.1969E-03 -7.1188E-03
  2.6121E-02 -2.4979E-03  3.3591E-04
  3.3534E-02  1.5219E-03  2.3591E-03
  3.5370E-02  1.1117E-03  9.6439E-03
  4.2504E-02  4.6665E-03  1.3107E-02
  4.2996E-02  4.0303E-03  1.7601E-02
  2.7226E-02 -3.1660E-04 -6.9988E-03
  3.2200E-02  3.3447E-03 -1.0290E-02
  3.0967E-02 -1.2840E-03 -1.2602E-03
  3.5705E-02 -7.2834E-04  2.6750E-03
  3.0509E-02 -1.9515E-03  1.1374E-02
  3.2012E-02 -2.1323E-03  2.0195E-02
  2.4995E-02 -3.3931E-03  2.3651E-02
  4.0147E-02 -1.0246E-03  2.3693E-02
  3.6493E-02 -2.5992E-04 -4.6401E-03
  4.3877E-02  9.4437E-04 -5.6811E-03
  2.8777E-02 -1.2344E-03 -9.5770E-03
  2.8645E-02 -9.1018E-04 -1.6887E-02
  1.8734E-02 -2.2415E-03 -2.1537E-02
  1.9225E-02 -1.7078E-03 -3.1223E-02
  1.2239E-02 -3.5729E-03 -1.4855E-02
  2.4152E-03 -4.9439E-03 -1.8372E-02
  3.6130E-02  6.1383E-04 -2.4371E-02
  4.1608E-02  1.5680E-03 -2.6430E-02
  3.6264E-02  8.2267E-04 -2.8354E-02
  4.3118E-02  2.2312E-03 -3.5485E-02
  4.1974E-02  2.1681E-03 -3.7942E-02
  3.3802E-02  1.1779E-03 -4.4052E-02
  3.5533E-02  1.5357E-03 -4.5900E-02
  4.6850E-02  3.6047E-03 -5.2226E-02
  5.3013E-02  3.5900E-03 -3.1472E-02
  5.9284E-02  4.7898E-03 -3.6106E-02
  5.4443E-02  3.4198E-03 -2.3116E-02
  6.3501E-02  4.5975E-03 -1.8041E-02
  6.2863E-02  4.0516E-03 -8.5836E-03
  6.2595E-02  4.0715E-03 -9.8951E-03
  6.4259E-02  3.9970E-03 -2.7943E-03
  6.0741E-02  4.1600E-03 -1.7919E-02
  6.7101E-02  5.0673E-03 -1.6060E-02
  7.5607E-02  6.3940E-03 -1.5975E-02
  6.0658E-02  3.9742E-03 -1.4257E-02
  6.3185E-02  4.2798E-03 -1.2356E-02
  5.5765E-02  2.8329E-03 -6.2878E-03
  6.4251E-02  4.8835E-03 -2.1616E-02
  6.5966E-02  5.1479E-03 -2.1534E-02
  6.3097E-02  5.0769E-03 -2.9546E-02
  6.3897E-02  5.6433E-03 -3.8900E-02
  5.5959E-02  4.4920E-03 -4.0822E-02
  5.7209E-02  4.9333E-03 -4.6034E-02
  4.8010E-02  3.0273E-03 -3.6136E-02
  3.9650E-02  1.7696E-03 -3.7202E-02
  3.4592E-02  5.3116E-04 -2.7720E-02
  3.9167E-02  9.3498E-04 -2.1107E-02
  3.4215E-02 -2.9325E-04 -1.1490E-02
  3.4254E-02 -5.3636E-04 -6.2080E-03
  2.8762E-02 -1.8266E-03  2.9328E-03
  3.3198E-02  1.0954E-03 -4.4308E-02
  3.3587E-02  1.2259E-03 -4.5784E-02
  2.7217E-02  3.6861E-04 -4.8739E-02
  2.0865E-02 -2.8737E-04 -5.5902E-02
  1.9451E-02 -1.5037E-04 -6.3498E-02
  1.5962E-02 -2.2663E-04 -7.3453E-02
  1.8089E-02  4.0217E-04 -7.9729E-02
  2.0483E-02  6.5801E-04 -7.7214E-02
  1.1710E-02 -1.9373E-03 -5.1289E-02
  8.4976E-03 -2.7576E-03 -4.4551E-02
  7.9794E-03 -2.3654E-03 -5.4585E-02
 -7.9987E-04 -3.9066E-03 -5.1030E-02
 -2.3642E-03 -3.9804E-03 -5.4655E-02
  6.0636E-03 -2.7863E-03 -5.2016E-02
 -1.1544E-02 -5.6038E-03 -5.0683E-02
 -9.1134E-03 -5.0534E-03 -5.4293E-02
 -1.0429E-02 -4.8596E-03 -6.2765E-02
 -1.4906E-02 -6.2747E-03 -4.7614E-02
 -2.2992E-02 -7.4239E-03 -5.0070E-02
 -2.6185E-02 -8.3347E-03 -4.1352E-02
 -1.8844E-02 -7.3122E-03 -3.8680E-02
 -2.7228E-02 -8.8623E-03 -3.3620E-02
 -3.1064E-02 -8.4730E-03 -5.4602E-02
 -3.2072E-02 -8.7084E-03 -5.2956E-02
 -3.1273E-02 -9.2843E-03 -4.4290E-02
 -2.9887E-02 -1.0889E-02 -4.2683E-02
 -3.0717E-02 -1.2278E-02 -4.4941E-02
 -3.2234E-02 -9.5512E-03 -4.6167E-02
 -3.3193E-02 -1.0458E-02 -4.8391E-02
 -3.2449E-02 -6.5524E-03 -4.4899E-02
 -2.8227E-02 -1.3861E-02 -4.1337E-02
 -2.6613E-02 -1.4522E-02 -3.8798E-02
 -2.8678E-02 -1.5653E-02 -4.3135E-02
 -2.7309E-02 -1.8674E-02 -4.2340E-02
 -2.8331E-02 -2.0174E-02 -4.5005E-02
 -2.9716E-02 -2.1279E-02 -4.8106E-02
 -3.1575E-02 -1.8351E-02 -4.9833E-02
 -3.2177E-02 -1.8360E-02 -5.0921E-02
 -3.2452E-02 -1.6089E-02 -5.0163E-02
 -2.5807E-02 -1.8073E-02 -3.9308E-02
 -2.4135E-02 -2.0015E-02 -3.7372E-02
 -2.6407E-02 -1.5331E-02 -3.8874E-02
 -2.5119E-02 -1.4407E-02 -3.6049E-02
 -2.6197E-02 -1.1808E-02 -3.6554E-02
 -2.5195E-02 -1.1825E-02 -3.4761E-02
 -2.3735E-02 -1.0444E-02 -3.1376E-02
 -2.6653E-02 -9.6862E-03 -3.6205E-02
 -2.4101E-02 -1.3007E-02 -3.3447E-02
 -2.2434E-02 -1.3627E-02 -3.0791E-02
 -2.5073E-02 -1.1214E-02 -3.4206E-02
 -2.4169E-02 -9.9093E-03 -3.1861E-02
 -2.5500E-02 -7.6907E-03 -3.3031E-02
 -2.7188E-02 -5.0737E-03 -3.4624E-02
 -2.4497E-02 -6.0283E-03 -3.0311E-02
 -2.2597E-02 -1.2747E-02 -3.0600E-02
 -2.1084E-02 -1.2617E-02 -2.7805E-02
 -2.2921E-02 -1.5300E-02 -3.2590E-02
 -2.1440E-02 -1.8097E-02 -3.1468E-02
 -2.2159E-02 -2.0551E-02 -3.4113E-02
 -2.0645E-02 -2.4167E-02 -3.3386E-02
 -2.2577E-02 -1.9591E-02 -3.4337E-02
 -2.4145E-02 -1.6176E-02 -3.5273E-02
 -1.9765E-02 -2.0000E-02 -2.9505E-02
 -1.8149E-02 -2.1254E-02 -2.7290E-02
 -2.0158E-02 -2.0119E-02 -3.0277E-02
 -1.8721E-02 -2.1786E-02 -2.8612E-02
 -1.9654E-02 -2.1959E-02 -3.0385E-02
 -1.7463E-02 -1.9893E-02 -2.5306E-02
 -1.5750E-02 -2.1481E-02 -2.3101E-02
 -1.8312E-02 -1.6514E-02 -2.4970E-02
 -1.7252E-02 -1.4476E-02 -2.1941E-02
 -1.8535E-02 -1.0745E-02 -2.2191E-02
 -1.9891E-02 -9.5095E-03 -2.3948E-02
 -1.8917E-02 -1.0845E-02 -2.2933E-02
 -2.0694E-02 -5.6948E-03 -2.3287E-02
 -1.6072E-02 -1.4783E-02 -1.9988E-02
 -1.4579E-02 -1.4586E-02 -1.7195E-02
 -1.6748E-02 -1.5236E-02 -2.1453E-02
 -1.5731E-02 -1.5553E-02 -1.9799E-02
 -1.6994E-02 -1.5183E-02 -2.1866E-02
 -1.8651E-02 -1.1696E-02 -2.2923E-02
 -1.5832E-02 -1.5815E-02 -2.0124E-02
 -1.4063E-02 -1.8983E-02 -1.8690E-02
 -1.2583E-02 -1.9292E-02 -1.6200E-02
 -1.4281E-02 -2.1581E-02 -2.0515E-02
 -1.2733E-02 -2.4979E-02 -1.9605E-02
 -1.3479E-02 -2.7598E-02 -2.2391E-02
 -1.2345E-02 -3.1050E-02 -2.2254E-02
 -1.3519E-02 -3.3085E-02 -2.5488E-02
 -1.4383E-02 -3.3264E-02 -2.7141E-02
 -1.5752E-02 -3.4884E-02 -3.0495E-02
 -1.1224E-02 -2.5077E-02 -1.6946E-02
 -9.5386E-03 -2.6539E-02 -1.4721E-02
 -1.1859E-02 -2.3423E-02 -1.7176E-02
 -1.0626E-02 -2.3143E-02 -1.4805E-02
 -1.1825E-02 -2.1175E-02 -1.5875E-02
 -1.0781E-02 -2.0142E-02 -1.3428E-02
 -1.2046E-02 -1.8078E-02 -1.4565E-02
 -1.2048E-02 -1.5281E-02 -1.3027E-02
 -1.3027E-02 -1.9270E-02 -1.6985E-02
 -9.5814E-03 -2.1174E-02 -1.1840E-02
 -7.8554E-03 -2.2439E-02 -9.4331E-03
 -1.1820E-02 -1.7936E-02 -1.3037E-02
 -1.0364E-02 -1.5281E-02 -1.1614E-02
 -1.2821E-02 -1.2732E-02 -1.1193E-02
 -1.1449E-02 -9.8504E-03 -9.6994E-03
 -9.8184E-03 -1.0183E-02 -9.4332E-03
 -8.2581E-03 -7.5520E-03 -7.9943E-03
 -5.5933E-03 -6.8644E-03 -7.0649E-03
 -4.3753E-03 -4.4079E-03 -5.7801E-03
 -4.1050E-03 -8.6463E-03 -7.4155E-03
 -8.1965E-03 -1.4180E-02 -1.0640E-02
 -5.4877E-03 -1.3873E-02 -9.8532E-03
 -9.3420E-03 -1.3550E-02 -1.0668E-02
 -7.3831E-03 -1.2324E-02 -9.6958E-03
 -9.2705E-03 -1.1031E-02 -9.6392E-03
 -1.1901E-02 -8.8081E-03 -9.3917E-03
 -1.0546E-02 -1.3517E-02 -1.0950E-02
 -1.2507E-02 -1.2409E-02 -1.0986E-02
 -4.7345E-03 -1.4499E-02 -9.9196E-03
 -3.0232E-03 -1.3862E-02 -9.2446E-03
 -4.5351E-03 -1.7141E-02 -1.0932E-02
 -2.0298E-03 -1.9442E-02 -1.1241E-02
 -3.1580E-03 -2.2518E-02 -1.2753E-02
  6.7604E-04 -1.9017E-02 -1.0407E-02
  3.2378E-03 -2.0445E-02 -1.0352E-02
  6.8388E-05 -1.7143E-02 -9.8040E-03
  2.4714E-03 -1.6485E-02 -8.9504E-03
  1.0735E-03 -1.4812E-02 -8.6217E-03
 -9.5251E-04 -1.6735E-02 -9.8902E-03
 -2.4032E-03 -1.5215E-02 -9.6356E-03
 -1.3202E-03 -1.2662E-02 -8.3453E-03
 -4.4757E-03 -1.6343E-02 -1.0596E-02
  4.7644E-03 -1.4741E-02 -7.6884E-03
  3.9195E-03 -1.3194E-02 -7.2743E-03
  7.6946E-03 -1.5112E-02 -7.1188E-03
  1.0235E-02 -1.3777E-02 -5.9602E-03
  1.3349E-02 -1.5218E-02 -5.7753E-03
  1.3718E-02 -1.8660E-02 -7.0668E-03
  1.4060E-02 -2.0326E-02 -7.6520E-03
  1.6487E-02 -2.2012E-02 -7.7339E-03
  1.1913E-02 -1.9979E-02 -8.0389E-03
  1.0114E-02 -1.0394E-02 -4.6313E-03
  1.1574E-02 -9.0346E-03 -3.7277E-03
  8.3535E-03 -9.0454E-03 -4.5216E-03
  7.9614E-03 -5.8086E-03 -3.3181E-03
  6.7982E-03 -4.7937E-03 -3.1958E-03
  3.4590E-03 -5.3883E-03 -4.2531E-03
  2.0867E-03 -3.9469E-03 -4.0108E-03
  2.1919E-03 -7.2626E-03 -5.3163E-03
  5.9111E-03 -4.4038E-03 -3.2567E-03
  5.8573E-03 -1.7043E-03 -2.1860E-03
  4.3412E-03 -6.2791E-03 -4.3945E-03
  2.3901E-03 -5.2964E-03 -4.4783E-03
 -6.5932E-04 -6.7526E-03 -5.8105E-03
 -3.0186E-03 -5.8943E-03 -6.0442E-03
  4.1445E-03 -6.1781E-03 -4.4022E-03
  2.7474E-03 -6.5269E-03 -4.8847E-03
  7.2193E-03 -6.6138E-03 -3.8234E-03
  9.1425E-03 -7.5018E-03 -3.7084E-03
  1.2433E-02 -8.5635E-03 -3.3280E-03
  1.4730E-02 -9.6903E-03 -3.2174E-03
  1.7828E-02 -1.1060E-02 -3.0080E-03
  1.8154E-02 -1.4327E-02 -4.2397E-03
  1.6674E-02 -1.6103E-02 -5.3152E-03
  1.7135E-02 -1.9040E-02 -6.3815E-03
  1.4767E-02 -1.4952E-02 -5.3208E-03
  9.1681E-03 -4.9865E-03 -2.6922E-03
  9.8451E-03 -5.5608E-03 -2.7569E-03
  8.3322E-03 -2.2222E-03 -1.7873E-03
  8.2687E-03  3.7600E-04 -7.5966E-04
  9.6744E-03  2.9675E-03  6.2544E-04
  1.3104E-02  2.2964E-03  1.1967E-03
  1.3852E-02  2.1049E-03  1.3032E-03
  1.5062E-02  2.0131E-03  1.5629E-03
  4.9953E-03  1.4290E-03 -1.1393E-03
  4.5420E-03  3.3743E-03 -4.6941E-04
  2.7087E-03  1.5270E-04 -2.2123E-03
 -5.0434E-04  9.3188E-04 -2.6871E-03
 -2.1951E-03  1.4747E-03 -2.8837E-03
 -1.1178E-03  3.7273E-04 -3.0620E-03
 -5.0060E-03  7.2562E-03  5.7787E-04
 -6.2386E-03  7.8428E-03  4.1913E-04
 -6.7553E-03  7.3071E-03 -8.5900E-04
 -6.6690E-03  6.6462E-03 -1.8087E-03
 -5.7894E-03  5.7406E-03 -2.4503E-03
 -5.7404E-03  5.1310E-03 -3.3528E-03
 -6.5690E-03  5.4143E-03 -3.6316E-03
 -7.4509E-03  6.3141E-03 -3.0010E-03
 -7.4952E-03  6.9245E-03 -2.0932E-03
 -7.0971E-03  8.5295E-03  7.3976E-04
 -6.8194E-03  8.4202E-03  8.1103E-04
 -8.1126E-03  9.2451E-03  9.6910E-04
 -9.0339E-03  9.9574E-03  1.2750E-03
 -9.2491E-03  1.0846E-02  2.4664E-03
 -1.0244E-02  1.1703E-02  2.9318E-03
 -1.0239E-02  1.2458E-02  4.1066E-03
 -1.0012E-02  1.1681E-02  3.0998E-03
 -1.0195E-02  9.9796E-03  3.0321E-04
 -1.0746E-02  1.0219E-02  1.9742E-04
 -1.0494E-02  9.6571E-03 -4.5579E-04
 -1.1583E-02  9.6261E-03 -1.4471E-03
 -1.1302E-02  8.8161E-03 -2.4596E-03
 -1.2170E-02  8.5044E-03 -3.6947E-03
 -1.1530E-02  7.6278E-03 -4.4988E-03
 -1.2513E-02  8.4293E-03 -4.1085E-03
 -1.2584E-02  1.0501E-02 -9.5789E-04
 -1.2521E-02  1.0700E-02 -5.9583E-04
 -1.3498E-02  1.1037E-02 -9.1898E-04
 -1.4484E-02  1.1912E-02 -4.1701E-04
 -1.4767E-02  1.2518E-02  2.7620E-04
 -1.5922E-02  1.3421E-02  6.7591E-04
 -1.6837E-02  1.3601E-02  1.6155E-04
 -1.5913E-02  1.3968E-02  1.5308E-03
 -1.5618E-02  1.1931E-02 -1.3712E-03
 -1.6195E-02  1.1780E-02 -2.1053E-03
 -1.5911E-02  1.2086E-02 -1.3834E-03
 -1.6995E-02  1.2136E-02 -2.2464E-03
 -1.7036E-02  1.1311E-02 -3.5603E-03
 -1.8029E-02  1.1369E-02 -4.3319E-03
 -1.5962E-02  1.0538E-02 -3.8290E-03
 -1.5892E-02  9.7105E-03 -5.0501E-03
 -1.5827E-02  9.3041E-03 -5.6237E-03
 -1.5806E-02  8.4625E-03 -6.9103E-03
 -1.4699E-02  7.6438E-03 -7.2203E-03
 -1.4685E-02  6.8830E-03 -8.3869E-03
 -1.5759E-02  6.9289E-03 -9.2464E-03
 -1.6864E-02  7.7294E-03 -8.9637E-03
 -1.6890E-02  8.4941E-03 -7.8001E-03
 -1.4724E-02  9.0932E-03 -4.9947E-03
 -1.3768E-02  8.9988E-03 -4.3129E-03
 -1.4765E-02  8.6115E-03 -5.7774E-03
 -1.3639E-02  7.9556E-03 -5.8179E-03
 -1.4151E-02  7.8615E-03 -6.4079E-03
 -1.5175E-02  7.8310E-03 -7.3425E-03
 -1.5798E-02  8.5770E-03 -6.7260E-03
 -1.6910E-02  9.3998E-03 -6.4137E-03
 -1.6843E-02  1.0006E-02 -5.4160E-03
 -1.7946E-02  9.4207E-03 -7.2789E-03
 -1.9064E-02  1.0138E-02 -7.1363E-03
 -2.0129E-02  1.0505E-02 -7.4909E-03
 -2.0068E-02  1.1035E-02 -6.6150E-03
 -2.1064E-02  1.1302E-02 -7.0639E-03
 -2.0507E-02  1.1027E-02 -7.0077E-03
 -2.0445E-02  1.0384E-02 -7.9521E-03
 -1.9909E-02  1.0177E-02 -7.8082E-03
 -2.0952E-02  9.9658E-03 -9.0388E-03
 -1.9401E-02  9.8492E-03 -7.8759E-03
 -2.0242E-02  1.0397E-02 -7.7553E-03
 -1.8743E-02  8.9903E-03 -8.6372E-03
 -1.9011E-02  8.6512E-03 -9.3950E-03
 -1.9878E-02  8.3641E-03 -1.0591E-02
 -2.1030E-02  9.1040E-03 -1.0443E-02
 -1.9256E-02  7.6422E-03 -1.1171E-02
 -1.7831E-02  7.8321E-03 -9.6421E-03
 -1.6934E-02  7.4256E-03 -9.4950E-03
 -1.7837E-02  7.5842E-03 -1.0031E-02
 -1.6767E-02  6.7850E-03 -1.0344E-02
 -1.6998E-02  6.6665E-03 -1.0727E-02
 -1.6025E-02  5.7112E-03 -1.1365E-02
 -1.6976E-02  7.3517E-03 -9.6462E-03
 -1.7472E-02  7.4401E-03 -9.9383E-03
 -1.6454E-02  5.9653E-03 -1.1343E-02
 -1.5381E-02  5.3443E-03 -1.1376E-02
 -1.9521E-02  4.8545E-03 -1.3887E-02
 -2.1064E-02  5.7004E-03 -1.4418E-02
 -2.1573E-02  5.0342E-03 -1.6080E-02
 -2.0791E-02  4.5100E-03 -1.5961E-02
 -1.9265E-02  3.9516E-03 -1.4999E-02
 -1.8425E-02  3.8353E-03 -1.4168E-02
 -1.7485E-02  2.8282E-03 -1.4619E-02
 -1.8783E-02  4.8614E-03 -1.2986E-02
 -1.8001E-02  4.8460E-03 -1.2068E-02
 -1.8829E-02  6.1240E-03 -1.1056E-02
 -2.0079E-02  6.5139E-03 -1.1950E-02
 -2.1141E-02  7.8638E-03 -1.1108E-02
 -2.0954E-02  8.5475E-03 -9.8075E-03
 -2.2166E-02  8.3012E-03 -1.1656E-02
 -1.6467E-02  4.3198E-03 -1.1045E-02
 -1.5439E-02  3.6232E-03 -1.0901E-02
 -1.6312E-02  4.6303E-03 -1.0370E-02
 -1.4917E-02  4.1983E-03 -9.3669E-03
 -1.5146E-02  4.8905E-03 -8.5547E-03
 -1.3882E-02  2.8328E-03 -1.0266E-02
 -1.2592E-02  2.1804E-03 -9.7368E-03
 -1.4455E-02  2.4067E-03 -1.1628E-02
 -1.3581E-02  1.1282E-03 -1.2584E-02
 -1.4473E-02  9.4109E-04 -1.3954E-02
 -1.3544E-02 -1.0751E-04 -1.4483E-02
 -1.3247E-02 -1.0927E-03 -1.5674E-02
 -1.3068E-02  4.3471E-05 -1.3672E-02
 -1.3001E-02  3.4529E-04 -1.3116E-02
 -1.1765E-02 -6.4402E-04 -1.3181E-02
 -1.3886E-02  8.0351E-04 -1.3463E-02
 -1.3465E-02  1.5653E-04 -1.3973E-02
 -1.4744E-02  7.8463E-04 -1.4528E-02
 -1.2261E-02  5.1532E-05 -1.2686E-02
 -1.1292E-02 -8.7458E-04 -1.2974E-02
 -1.2316E-02  9.9806E-04 -1.1263E-02
 -1.1163E-02  9.2985E-04 -9.9797E-03
 -1.1429E-02  2.1053E-03 -8.4524E-03
 -1.2391E-02  3.0485E-03 -8.1286E-03
 -1.2823E-02  4.4247E-03 -6.4845E-03
 -1.1339E-02  4.2297E-03 -5.0018E-03
 -9.7603E-03 -9.1979E-05 -9.8954E-03
 -8.6406E-03 -7.4951E-04 -9.5791E-03
 -9.8037E-03 -2.2914E-04 -1.0163E-02
 -8.4722E-03 -1.1839E-03 -1.0059E-02
 -8.7116E-03 -1.0726E-03 -1.0173E-02
 -7.2750E-03 -1.9614E-03 -9.8383E-03
 -7.3661E-03 -1.6520E-03 -9.4615E-03
 -8.0793E-03 -2.0051E-03 -1.0877E-02
 -7.7044E-03 -2.0607E-03 -1.0512E-02
 -7.8702E-03 -2.4404E-03 -1.1309E-02
 -6.5552E-03 -3.2535E-03 -1.1002E-02
 -8.8549E-03 -2.5725E-03 -1.2705E-02
 -8.4966E-03 -3.7125E-03 -1.4066E-02
 -9.8325E-03 -3.6104E-03 -1.5516E-02
 -1.0468E-02 -3.3405E-03 -1.5858E-02
 -9.6311E-03 -4.4637E-03 -1.6616E-02
 -8.9229E-03 -4.5291E-03 -1.5864E-02
 -9.6963E-03 -5.2777E-03 -1.7975E-02
 -7.8694E-03 -4.0973E-03 -1.3915E-02
 -6.9979E-03 -5.1854E-03 -1.4575E-02
 -8.3377E-03 -3.2090E-03 -1.3082E-02
 -7.7627E-03 -3.4774E-03 -1.2811E-02
 -8.8583E-03 -2.4313E-03 -1.2487E-02
 -6.3044E-03 -3.7517E-03 -1.1483E-02
 -5.6826E-03 -3.9783E-03 -1.1090E-02
 -5.7878E-03 -3.7024E-03 -1.0783E-02
 -4.4065E-03 -3.9587E-03 -9.5200E-03
 -4.4887E-03 -2.8753E-03 -7.9151E-03
 -3.3778E-03 -3.0232E-03 -6.8078E-03
 -5.4638E-03  1.7967E-03 -4.3406E-03
 -5.6404E-03  1.9756E-03 -3.8995E-03
 -6.2876E-03  1.9657E-03 -3.9785E-03
 -6.4767E-03  2.1502E-03 -3.5243E-03
 -6.3719E-03  1.7520E-03 -4.5300E-03
 -7.0045E-03  1.7116E-03 -4.6854E-03
 -5.5648E-03  2.1923E-03 -3.3413E-03
 -5.9601E-03  2.2797E-03 -3.1515E-03
 -5.0549E-03  2.2767E-03 -3.0839E-03
 -4.9608E-03  2.4820E-03 -2.5531E-03
 -4.3100E-03  2.4945E-03 -2.4671E-03
 -3.9326E-03  2.4847E-03 -2.4607E-03
 -3.6343E-03  2.6569E-03 -1.9973E-03
 -3.9187E-03  2.3252E-03 -2.8659E-03
 -5.1651E-03  2.6632E-03 -2.1085E-03
 -5.2607E-03  2.6220E-03 -2.2213E-03
 -5.2486E-03  2.8616E-03 -1.6099E-03
 -5.4387E-03  3.0512E-03 -1.1427E-03
 -6.1065E-03  3.1281E-03 -1.0025E-03
 -6.2679E-03  3.1889E-03 -8.6100E-04
 -6.4847E-03  2.9579E-03 -1.4674E-03
 -5.0895E-03  3.2359E-03 -6.4317E-04
 -4.9979E-03  3.2750E-03 -5.3595E-04
 -4.8937E-03  3.3532E-03 -3.2818E-04
 -4.5543E-03  3.5314E-03  1.5399E-04
 -4.2355E-03  3.6037E-03  3.6453E-04
 -3.8529E-03  3.4270E-03 -5.3815E-05
 -4.0222E-03  3.3428E-03 -2.8229E-04
 -3.3888E-03  3.3684E-03 -1.6456E-04
 -4.9296E-03  3.7216E-03  6.0717E-04
 -4.7226E-03  3.8368E-03  9.1783E-04
 -5.4599E-03  3.7644E-03  6.7215E-04
 -5.8451E-03  3.9501E-03  1.1133E-03
 -5.8414E-03  4.1306E-03  1.5735E-03
 -5.2640E-03  4.2178E-03  1.8435E-03
 -5.1077E-03  4.3908E-03  2.2972E-03
 -4.5544E-03  4.4723E-03  2.5507E-03
 -4.1620E-03  4.3769E-03  2.3404E-03
 -3.6122E-03  4.4479E-03  2.5668E-03
 -4.3141E-03  4.2058E-03  1.8920E-03
 -4.8622E-03  4.1276E-03  1.6470E-03
 -6.4760E-03  3.9123E-03  9.6453E-04
 -6.7317E-03  3.8013E-03  6.6064E-04
 -6.7373E-03  4.0290E-03  1.2402E-03
 -7.3520E-03  4.0227E-03  1.1731E-03
 -7.4354E-03  3.9270E-03  9.2235E-04
 -7.1458E-03  3.6990E-03  3.6551E-04
 -8.0806E-03  3.9314E-03  8.7982E-04
 -7.5498E-03  4.2603E-03  1.7618E-03
 -7.3538E-03  4.3840E-03  2.0934E-03
 -7.9028E-03  4.3259E-03  1.8995E-03
 -8.1174E-03  4.5495E-03  2.4515E-03
 -8.0254E-03  4.6251E-03  2.6517E-03
 -7.4163E-03  4.5739E-03  2.5718E-03
 -6.9533E-03  4.6913E-03  2.9093E-03
 -7.4418E-03  4.6410E-03  2.7406E-03
 -8.7642E-03  4.5725E-03  2.4562E-03
 -9.0921E-03  4.4443E-03  2.1023E-03
 -8.9430E-03  4.7306E-03  2.8440E-03
 -9.5565E-03  4.7687E-03  2.8903E-03
 -9.6394E-03  4.7904E-03  2.9387E-03
 -1.0291E-02  4.8031E-03  2.9168E-03
 -1.0413E-02  4.8807E-03  3.1043E-03
 -1.0943E-02  4.9184E-03  3.1564E-03
 -9.9879E-03  4.9058E-03  3.2037E-03
 -9.7629E-03  4.9791E-03  3.4091E-03
 -9.5471E-03  5.1455E-03  3.8509E-03
 -1.0171E-02  4.9694E-03  3.3505E-03
 -1.0403E-02  5.1580E-03  3.8115E-03
 -1.0627E-02  5.0872E-03  3.6127E-03
 -1.0678E-02  5.2615E-03  4.0524E-03
 -1.1225E-02  5.3719E-03  4.2881E-03
 -1.1294E-02  5.5203E-03  4.6604E-03
 -1.0809E-02  5.5579E-03  4.7965E-03
 -1.0258E-02  5.4487E-03  4.5641E-03
 -1.0198E-02  5.3022E-03  4.1959E-03
 -1.0896E-02  5.2610E-03  4.0329E-03
 -1.1374E-02  5.1849E-03  3.7996E-03
 -1.0785E-02  5.4403E-03  4.4990E-03
 -1.1209E-02  5.5478E-03  4.7376E-03
 -1.0863E-02  5.6260E-03  4.9656E-03
 -1.1249E-02  5.7060E-03  5.1373E-03
 -1.1175E-02  5.8887E-03  5.6087E-03
 -1.1622E-02  5.5867E-03  4.8025E-03
 -1.1634E-02  5.7343E-03  5.1774E-03
 -1.1441E-02  5.8967E-03  5.6072E-03
 -3.8423E-03 -4.6203E-03  4.8523E-03
 -9.7752E-04 -4.8632E-03  2.3869E-03
  1.0305E-03 -4.1664E-03  3.6179E-03
 -1.5055E-03 -4.4476E-03  4.1067E-03
  4.0483E-03 -4.4379E-03  9.6788E-04
  1.7002E-03 -4.5185E-03  2.0337E-03
  3.2161E-03 -3.5114E-03  4.6044E-03
  2.2304E-03 -5.3568E-03 -1.1293E-03
  4.1649E-04 -6.5602E-03 -4.1998E-03
  9.5412E-04 -7.2176E-03 -6.7501E-03
  4.7023E-03 -6.3875E-03 -6.0583E-03
  4.6389E-03 -5.2364E-03 -2.0945E-03
  8.3533E-03 -4.2302E-03 -7.8231E-04
  1.0116E-02 -4.0927E-03 -1.3202E-03
  9.5961E-03 -3.5562E-03  8.0749E-04
  1.3103E-02 -2.5422E-03  2.2644E-03
  1.4249E-02 -2.0712E-03  3.2172E-03
  1.2361E-02 -1.4177E-03  6.5257E-03
  1.3162E-02 -9.9808E-04  7.5000E-03
  1.0146E-02 -1.3091E-03  8.1617E-03
  1.5991E-02 -2.7359E-03 -4.5894E-05
  1.8095E-02 -2.0305E-03  1.1591E-03
  1.6157E-02 -3.6754E-03 -3.3467E-03
  1.8907E-02 -3.9297E-03 -5.7846E-03
  1.8701E-02 -5.0250E-03 -9.4048E-03
  2.0294E-02 -4.8534E-03 -9.7292E-03
  2.3986E-02 -3.8056E-03 -8.2622E-03
  2.4386E-02 -3.0473E-03 -5.9033E-03
  2.6445E-02 -3.7382E-03 -9.4371E-03
  1.8694E-02 -4.0539E-03 -6.0873E-03
  2.1421E-02 -3.6552E-03 -6.2838E-03
  1.5446E-02 -4.5966E-03 -6.0837E-03
  1.5038E-02 -4.7543E-03 -6.3886E-03
  1.1229E-02 -5.6378E-03 -7.2281E-03
  1.0530E-02 -6.8942E-03 -1.1116E-02
  7.1379E-03 -7.6659E-03 -1.1812E-02
  1.0270E-02 -7.2778E-03 -1.2277E-02
  1.6246E-02 -3.6042E-03 -3.1547E-03
  1.8054E-02 -3.3713E-03 -3.3923E-03
  1.5441E-02 -2.8553E-03 -1.3904E-04
  1.6576E-02 -1.6965E-03  3.1665E-03
  1.5041E-02 -1.0090E-03  6.3894E-03
  1.6890E-02  2.5594E-04  9.6497E-03
  1.1033E-02 -1.5126E-03  6.9606E-03
  9.3760E-03 -9.7690E-04  9.7347E-03
  2.0679E-02 -1.0041E-03  3.1862E-03
  2.2373E-02 -3.9827E-04  4.2854E-03
  2.2228E-02 -1.0606E-03  2.1087E-03
  2.6114E-02 -4.5351E-04  1.9604E-03
  2.7244E-02 -7.6428E-04  2.5436E-04
  2.5581E-02 -4.8363E-04  2.1619E-03
  3.1207E-02 -1.0874E-04  2.2772E-04
  2.7868E-02 -8.0076E-04 -2.2647E-04
  3.0406E-02 -5.7081E-05  8.6176E-04
  2.6410E-02 -1.9296E-03 -3.2453E-03
  2.7745E-02 -2.4117E-03 -5.6533E-03
  2.5780E-02 -3.7381E-03 -9.0567E-03
  2.6357E-02 -4.2256E-03 -1.1050E-02
  2.4276E-02 -5.2663E-03 -1.3413E-02
  2.8850E-02 -3.5807E-03 -1.0273E-02
  2.7333E-02 -2.0257E-03 -4.1004E-03
  2.9621E-02 -1.8252E-03 -4.7233E-03
  2.4374E-02 -1.9494E-03 -2.1500E-03
  2.3653E-02 -1.5870E-03 -5.0189E-04
  1.9800E-02 -1.7899E-03  1.0066E-03
  1.7015E-02 -3.0661E-03 -1.7575E-03
  1.3207E-02 -3.2611E-03 -2.4764E-04
  1.0626E-02 -4.4999E-03 -3.0007E-03
  7.0938E-03 -4.9269E-03 -2.4404E-03
  4.9516E-03 -6.0636E-03 -5.0956E-03
  5.6880E-03 -4.2173E-03  7.8391E-04
  2.6194E-02 -3.2910E-04  2.3393E-03
  2.6738E-02  2.8943E-05  3.2500E-03
  2.7943E-02  3.2879E-04  3.5852E-03
  3.0288E-02  1.5512E-03  6.4169E-03
  2.9017E-02  2.2897E-03  9.6632E-03
  3.1791E-02  3.5657E-03  1.2432E-02
  2.5475E-02  2.1346E-03  1.1157E-02
  2.3324E-02  2.4063E-03  1.3312E-02
  3.4235E-02  2.0012E-03  5.6981E-03
  3.6328E-02  2.5595E-03  6.4079E-03
  3.5188E-02  4.3018E-05  6.2532E-03
  3.1592E-02 -5.5979E-04  6.8634E-03
  3.2342E-02 -6.1903E-04  8.5619E-03
  3.3325E-02 -9.1152E-04  1.2910E-02
  3.5514E-02  8.9890E-05  6.2754E-03
  2.8616E-02 -1.2566E-03  9.3227E-03
  2.5083E-02 -1.6999E-03  8.4519E-03
  3.0087E-02 -1.3236E-03  1.2170E-02
  2.7522E-02 -1.9689E-03  1.4730E-02
  2.6001E-02 -2.0380E-03  1.3154E-02
  2.5767E-02 -2.2985E-03  1.5378E-02
  2.5020E-02 -1.8020E-03  9.3664E-03
  2.3536E-02 -1.8661E-03  7.7950E-03
  2.6551E-02 -1.1543E-03  5.2455E-03
  2.7058E-02 -6.5461E-04  1.0652E-03
  2.9812E-02 -2.0623E-05 -1.1033E-03
  3.0767E-02  5.1481E-04 -4.9704E-03
  3.4392E-02  1.1859E-03 -6.2126E-03
  3.4989E-02  1.6360E-03 -9.7685E-03
  3.7428E-02  1.4120E-03 -3.9358E-03
  1.9616E-02 -2.2468E-03  5.7320E-03
  1.8947E-02 -2.1145E-03  3.4315E-03
  1.6989E-02 -2.7569E-03  6.8658E-03
  1.2960E-02 -3.2132E-03  5.3869E-03
  1.0132E-02 -3.9867E-03  8.8234E-03
  1.0877E-02 -4.2353E-03  1.2385E-02
  9.7572E-03 -4.3332E-03  1.1688E-02
  1.0098E-02 -4.6515E-03  1.5336E-02
  1.3013E-02 -4.2989E-03  1.6185E-02
  1.3081E-02 -4.6341E-03  1.9595E-02
  1.5825E-02 -3.6143E-03  1.3602E-02
  1.2726E-02 -2.9808E-03  2.7442E-03
  1.4366E-02 -2.8343E-03  3.7344E-03
  1.0527E-02 -2.9841E-03 -4.8865E-04
  1.0170E-02 -2.7526E-03 -3.3046E-03
  1.2375E-02 -2.0304E-03 -7.1596E-03
  1.0270E-02 -2.1201E-03 -9.4013E-03
  1.6569E-02 -1.4951E-03 -6.2153E-03
  5.9381E-03 -3.2768E-03 -4.4151E-03
  3.3889E-03 -3.6536E-03 -4.4808E-03
  5.1314E-03 -3.3248E-03 -5.1393E-03
  1.2132E-03 -3.7813E-03 -6.4515E-03
  2.6992E-05 -4.0800E-03 -5.2649E-03
 -3.9786E-03 -4.5340E-03 -6.7312E-03
 -5.3499E-03 -4.5599E-03 -8.5122E-03
 -9.1897E-03 -5.0337E-03 -9.5376E-03
 -1.0153E-02 -5.2933E-03 -8.4064E-03
 -7.0651E-03 -5.0027E-03 -6.6880E-03
  1.2980E-03 -3.3162E-03 -1.0917E-02
  2.7233E-03 -2.9024E-03 -1.2885E-02
 -2.4753E-04 -3.3910E-03 -1.2474E-02
 -2.9658E-04 -2.9702E-03 -1.6702E-02
 -2.9082E-03 -3.2625E-03 -1.7695E-02
 -1.1776E-03 -2.8262E-03 -1.9432E-02
  1.4003E-03 -2.2156E-03 -2.1631E-02
 -4.7743E-03 -3.3785E-03 -1.9321E-02
 -8.3768E-03 -4.1006E-03 -1.7543E-02
 -1.1352E-02 -4.2203E-03 -2.0780E-02
 -1.0242E-02 -3.9226E-03 -2.2071E-02
 -5.7251E-03 -3.2613E-03 -2.1891E-02
 -4.1842E-03 -3.1697E-03 -2.0507E-02
 -6.4667E-03 -3.5764E-03 -1.9881E-02
 -3.2755E-04 -2.6311E-03 -2.0096E-02
  1.5647E-03 -2.4744E-03 -1.8833E-02
  1.6712E-04 -3.0962E-03 -1.4769E-02
  1.4968E-03 -3.1985E-03 -1.1785E-02
  5.9577E-03 -1.8328E-03 -1.8642E-02
  8.3173E-03 -1.4152E-03 -1.9260E-02
  6.9907E-03 -1.7809E-03 -1.7620E-02
  1.1048E-02 -1.1989E-03 -1.7340E-02
  1.2893E-02 -1.3279E-03 -1.3327E-02
  1.6287E-02 -8.7953E-04 -1.2711E-02
  1.0116E-02 -2.3230E-03 -1.1789E-02
  1.1649E-02 -2.2865E-03 -7.8937E-03
  8.6150E-03 -3.3850E-03 -5.6295E-03
  8.9546E-03 -3.2512E-03 -5.9887E-03
  5.8173E-03 -3.8674E-03 -8.7003E-03
  1.9456E-03 -5.1035E-03 -7.4221E-03
 -1.2627E-03 -5.8157E-03 -9.3973E-03
 -4.6565E-03 -6.9221E-03 -8.0553E-03
 -1.0903E-03 -5.4227E-03 -1.2740E-02
  1.3120E-02 -2.1197E-03 -5.4345E-03
  1.1263E-02 -2.6561E-03 -5.3717E-03
  1.6419E-02 -1.3900E-03 -3.3780E-03
  1.8208E-02 -1.1205E-03 -1.0350E-03
  2.1963E-02  1.5450E-04 -3.0155E-03
  2.3283E-02  3.4230E-04 -1.1789E-03
  2.5133E-02  1.0254E-03 -2.6882E-03
  1.9051E-02 -1.3279E-03  3.3210E-03
  2.0526E-02 -1.0054E-03  4.2746E-03
  1.8141E-02 -1.8559E-03  5.9296E-03
  1.8683E-02 -2.1404E-03  1.0198E-02
  1.4773E-02 -3.4629E-03  1.2209E-02
  1.1963E-02 -4.0905E-03  1.0518E-02
  9.5844E-03 -4.4334E-03  7.2522E-03
  7.1922E-03 -4.9311E-03  5.4557E-03
  7.1688E-03 -5.0912E-03  6.9468E-03
  4.8400E-03 -5.5662E-03  5.1053E-03
  9.4984E-03 -4.7635E-03  1.0223E-02
  1.1866E-02 -4.2695E-03  1.1989E-02
  2.1096E-02 -1.6126E-03  1.1761E-02
  2.1765E-02 -1.2016E-03  9.6209E-03
  2.2527E-02 -1.5826E-03  1.5439E-02
  2.4704E-02 -1.1770E-03  1.7535E-02
  2.9069E-02  9.1072E-05  1.7312E-02
  3.1261E-02  5.4647E-04  1.8966E-02
  3.2687E-02  1.1409E-03  1.7143E-02
  3.4234E-02  1.2799E-03  2.0084E-02
  3.3780E-02  7.9139E-04  2.3571E-02
  3.1997E-02  3.4391E-04  2.2977E-02
  2.3509E-02 -1.9679E-03  2.1907E-02
  2.4577E-02 -1.8993E-03  2.4205E-02
  2.1392E-02 -2.6862E-03  2.3019E-02
  1.9943E-02 -3.5110E-03  2.7019E-02
  1.9169E-02 -3.8285E-03  2.7958E-02
  2.2770E-02 -2.7457E-03  2.7421E-02
  1.5867E-02 -4.4973E-03  2.5300E-02
  2.2514E-02 -3.1154E-03  3.0306E-02
  2.1085E-02 -3.8306E-03  3.3294E-02
  2.6299E-02 -1.9840E-03  2.9803E-02
  2.8928E-02 -1.5363E-03  3.2745E-02
  3.2451E-02 -6.2322E-04  3.3639E-02
  3.1698E-02 -1.0829E-03  3.6020E-02
  3.0831E-02 -1.0474E-03  3.3271E-02
  2.9960E-02 -1.5307E-03  3.5552E-02
  2.9008E-02 -1.5172E-03  3.2782E-02
  3.0279E-02 -1.0105E-03  3.1378E-02
  2.9399E-02 -1.4512E-03  3.3224E-02
  3.2194E-02 -1.1571E-04  2.7991E-02
  3.3891E-02  5.3674E-04  2.6357E-02
  3.6622E-02  1.6612E-03  2.3000E-02
  3.9193E-02  2.2947E-03  2.3974E-02
  4.0000E-02  2.8224E-03  2.1080E-02
  4.2086E-02  3.3177E-03  2.2051E-02
  4.3392E-02  3.2894E-03  2.5950E-02
  4.2626E-02  2.7716E-03  2.8859E-02
  4.0554E-02  2.2831E-03  2.7861E-02
  3.1313E-02 -7.8998E-05  2.5193E-02
  3.2343E-02  1.2563E-04  2.6059E-02
  2.8099E-02 -7.7919E-04  2.3082E-02
  2.5410E-02 -1.4262E-03  2.1916E-02
  2.6417E-02 -7.2653E-04  1.7906E-02
  2.5234E-02 -6.8670E-04  1.4237E-02
  2.3033E-02 -1.0328E-03  1.1497E-02
  2.6302E-02 -3.4470E-04  1.3873E-02
  2.1296E-02 -2.5974E-03  2.1890E-02
  1.9393E-02 -2.8199E-03  1.8773E-02
  1.9888E-02 -3.3636E-03  2.5435E-02
  2.1757E-02 -3.2372E-03  2.9390E-02
  1.8355E-02 -4.4848E-03  3.2082E-02
  1.5720E-02 -5.0501E-03  3.0268E-02
  1.5962E-02 -4.5212E-03  2.5798E-02
  1.2919E-02 -5.2452E-03  2.4394E-02
  1.3660E-02 -5.0173E-03  2.4234E-02
  9.5678E-03 -6.0579E-03  2.3001E-02
  8.4077E-03 -6.2707E-03  2.1851E-02
  4.1374E-03 -7.4087E-03  2.1070E-02
  3.8355E-03 -7.3052E-03  1.9226E-02
  6.6649E-03 -6.7551E-03  2.1727E-02
  4.8723E-03 -7.6540E-03  2.5493E-02
  5.1431E-03 -7.9027E-03  2.8662E-02
  2.5000E-03 -1.0514E-02  2.6847E-02
  4.7574E-04 -1.1828E-02  3.0303E-02
 -1.9808E-03 -1.2352E-02  2.8677E-02
  5.6221E-04 -1.1216E-02  2.7134E-02
 -2.1952E-03 -1.1760E-02  2.5071E-02
  1.4886E-04 -1.0477E-02  2.2368E-02
 -2.6376E-03 -1.0823E-02  1.9177E-02
 -2.3328E-03 -1.3112E-02  3.2165E-02
 -2.1708E-03 -1.3759E-02  3.5978E-02
 -4.9920E-03 -1.3503E-02  2.9449E-02
 -7.7122E-03 -1.4667E-02  3.0821E-02
 -1.1919E-02 -1.5630E-02  2.8399E-02
 -1.3593E-02 -1.6177E-02  2.8323E-02
 -1.4844E-02 -1.6981E-02  3.0411E-02
 -5.4068E-03 -1.3658E-02  2.9537E-02
 -5.3936E-03 -1.2962E-02  2.5778E-02
 -3.1541E-03 -1.3467E-02  3.2600E-02
 -7.3351E-04 -1.2506E-02  3.1787E-02
  1.3206E-03 -1.2578E-02  3.5915E-02
  4.1386E-03 -1.1544E-02  3.5427E-02
  8.3641E-03 -9.8511E-03  3.3920E-02
  9.5021E-03 -8.8846E-03  3.0740E-02
  1.0582E-02 -9.4866E-03  3.5977E-02
 -3.2392E-03 -1.2906E-02  2.9396E-02
 -6.5859E-03 -1.4248E-02  3.0598E-02
 -1.6123E-03 -1.1722E-02  2.5926E-02
 -3.6236E-03 -1.1905E-02  2.3257E-02
 -6.5624E-03 -1.2274E-02  1.9917E-02
 -8.2749E-03 -1.2340E-02  1.7157E-02
 -6.9721E-03 -1.2432E-02  2.0030E-02
 -9.7479E-03 -1.2826E-02  1.7118E-02
 -1.3038E-02 -1.4388E-02  1.9612E-02
 -1.5489E-02 -1.5693E-02  2.2241E-02
 -1.9092E-02 -1.6428E-02  1.9677E-02
 -2.2096E-02 -1.7957E-02  2.2517E-02
 -2.6066E-02 -1.8863E-02  2.0213E-02
 -7.5131E-03 -1.1660E-02  1.4849E-02
 -4.9975E-03 -1.1177E-02  1.6805E-02
 -8.5241E-03 -1.1246E-02  1.0761E-02
 -6.6767E-03 -1.0158E-02  8.2116E-03
 -7.4737E-03 -9.5517E-03  3.4662E-03
 -6.3330E-03 -8.6673E-03  7.3796E-04
 -8.9781E-03 -9.0669E-03 -1.9058E-03
 -2.8655E-03 -7.5969E-03  1.2341E-03
 -8.3619E-03 -1.0938E-02  9.3818E-03
 -1.2068E-02 -1.2117E-02  9.0399E-03
 -5.5804E-03 -1.0224E-02  1.0562E-02
 -6.5823E-03 -1.0809E-02  1.1918E-02
 -2.6763E-03 -9.7676E-03  1.3371E-02
 -4.5555E-04 -9.7016E-03  1.7054E-02
  3.2327E-03 -8.6042E-03  1.7805E-02
 -2.4134E-03 -1.0750E-02  1.9189E-02
 -9.0870E-03 -1.1087E-02  8.8701E-03
 -1.1272E-02 -1.2068E-02  1.0226E-02
 -8.7235E-03 -1.0210E-02  4.7672E-03
 -1.0951E-02 -1.0368E-02  1.5741E-03
 -8.2793E-03 -8.7785E-03 -2.2007E-03
 -5.6959E-03 -8.0862E-03 -1.2595E-03
 -1.0867E-02 -8.8844E-03 -6.3351E-03
 -1.5189E-02 -1.1519E-02  1.1044E-04
 -1.7887E-02 -1.2223E-02 -9.7628E-04
 -1.5835E-02 -1.1762E-02  2.5838E-04
 -1.9783E-02 -1.2828E-02 -1.1390E-03
 -1.9294E-02 -1.2001E-02 -4.7415E-03
 -1.7313E-02 -1.0665E-02 -8.3925E-03
 -1.6779E-02 -1.1438E-02 -3.2228E-03
 -2.1987E-02 -1.4206E-02  2.3353E-03
 -2.5667E-02 -1.5354E-02  1.8718E-03
 -1.9782E-02 -1.4116E-02  5.8607E-03
 -2.1648E-02 -1.5357E-02  9.2051E-03
 -2.2525E-02 -1.5319E-02  7.4018E-03
 -2.5668E-02 -1.6503E-02  8.1133E-03
 -1.8942E-02 -1.3044E-02  5.0322E-03
 -1.8854E-02 -1.2385E-02  3.0356E-03
 -1.8737E-02 -1.1036E-02 -1.1060E-03
 -1.9875E-02 -1.0532E-02 -3.6554E-03
 -2.0081E-02 -9.2874E-03 -7.7417E-03
 -1.9556E-02 -8.4056E-03 -1.0067E-02
 -2.0747E-02 -9.1813E-03 -8.6401E-03
 -1.5379E-02 -1.1919E-02  4.5196E-03
 -1.2421E-02 -1.1387E-02  5.3601E-03
 -1.5732E-02 -1.2121E-02  4.8551E-03
 -1.2595E-02 -1.1735E-02  6.3057E-03
 -1.3817E-02 -1.2220E-02  6.7934E-03
 -1.6387E-02 -1.3910E-02  9.9241E-03
 -1.4403E-02 -1.4497E-02  1.3451E-02
 -1.5920E-02 -1.5391E-02  1.4974E-02
 -1.1373E-02 -1.4080E-02  1.4713E-02
 -9.1575E-03 -1.0102E-02  4.0905E-03
 -9.4143E-03 -9.0905E-03  6.9485E-04
 -5.9271E-03 -9.8739E-03  6.1170E-03
 -2.3594E-03 -8.3985E-03  4.5088E-03
  4.8774E-04 -8.4494E-03  7.0858E-03
 -5.3340E-04 -9.0780E-03  8.1945E-03
 -1.0089E-03 -8.1284E-03  4.8063E-03
  2.5062E-03 -9.1270E-03  1.0929E-02
 -1.0106E-03 -7.8486E-03  3.9254E-03
 -2.4155E-03 -8.7217E-03  5.4770E-03
  1.8432E-03 -6.4088E-03  1.8228E-03
  3.4388E-03 -5.6948E-03  9.3342E-04
  2.0711E-03 -4.8035E-03 -3.0289E-03
 -1.8757E-03 -5.8310E-03 -3.1499E-03
  2.1143E-03 -4.0499E-03 -5.3606E-03
  7.7209E-03 -4.6270E-03  1.2126E-03
  9.4968E-03 -4.5031E-03  2.3306E-03
  9.3891E-03 -3.9014E-03  3.4804E-04
  1.3428E-02 -2.8314E-03  4.1381E-04
  1.5057E-02 -3.2491E-03  3.1091E-03
  1.6313E-02 -4.0787E-03  6.7831E-03
  1.2283E-02 -4.1564E-03  3.6064E-03
  1.4184E-02 -1.3918E-03 -3.4685E-03
  1.2080E-02 -1.4048E-03 -5.2138E-03
  1.6959E-02 -1.7685E-04 -4.9317E-03
  1.7912E-02  1.2617E-03 -8.6437E-03
  2.0521E-02  2.3990E-03 -1.0004E-02
  1.9757E-02  3.4801E-03 -1.4050E-02
  2.2965E-02  4.8018E-03 -1.5480E-02
  2.3786E-02  4.3623E-03 -1.3402E-02
  2.1956E-02  4.0425E-03 -1.3950E-02
  2.2967E-02  3.6607E-03 -1.1893E-02
  1.9095E-02  4.0795E-03 -1.6495E-02
  1.9851E-02  1.7299E-03 -8.4688E-03
  2.1399E-02  1.2126E-03 -5.5291E-03
  1.9703E-02  2.6793E-03 -1.1579E-02
  2.1496E-02  3.2025E-03 -1.1701E-02
  2.0637E-02  4.1804E-03 -1.5503E-02
  2.2959E-02  5.0193E-03 -1.6169E-02
  2.2347E-02  3.9699E-03 -1.3390E-02
  1.8632E-02  3.2393E-03 -1.4248E-02
  1.8603E-02  4.2935E-03 -1.7585E-02
  2.5720E-02  4.0880E-03 -1.0898E-02
  2.7533E-02  3.9367E-03 -8.8840E-03
  2.7198E-02  4.9846E-03 -1.2461E-02
  3.1163E-02  5.9162E-03 -1.2023E-02
  3.1939E-02  6.8200E-03 -1.4205E-02
  3.0603E-02  7.7536E-03 -1.8273E-02
  2.9679E-02  8.0363E-03 -1.9946E-02
  3.0487E-02  8.2066E-03 -1.9796E-02
  3.2468E-02  4.9853E-03 -7.9902E-03
  3.5507E-02  5.4022E-03 -6.7198E-03
  3.0120E-02  3.7173E-03 -5.9982E-03
  3.0980E-02  2.7120E-03 -2.1081E-03
  2.7974E-02  1.4806E-03 -7.9034E-04
  2.7357E-02  2.0764E-03 -3.1868E-03
  2.4619E-02  1.1531E-03 -2.6085E-03
  2.9577E-02  3.4508E-03 -5.6212E-03
  3.1403E-02  2.0404E-03  3.6105E-04
  3.2947E-02  1.4610E-03  3.4929E-03
  3.0092E-02  2.1445E-03 -1.0790E-03
  3.0332E-02  1.5595E-03  9.6322E-04
  2.8842E-02  1.9528E-03 -1.5375E-03
  2.4834E-02  7.0896E-04 -1.0307E-03
  2.4564E-02  8.4445E-05  7.0298E-04
  2.1249E-02 -6.6348E-04  2.3995E-04
  2.7311E-02  2.7757E-04  2.4284E-03
  3.4306E-02  2.1459E-03  2.4945E-03
  3.6856E-02  3.4846E-03  4.5174E-04
  3.3948E-02  3.3424E-03 -6.5461E-03
  3.2542E-02  2.8123E-03 -7.5074E-03
  3.3627E-02  1.9586E-03 -9.9460E-03
  3.1714E-02  1.1303E-03 -1.1524E-02
  3.2644E-02  2.0729E-04 -1.4096E-02
  3.2983E-02 -9.2865E-05 -1.4942E-02
  3.3013E-02 -2.2368E-04 -1.5279E-02
  3.2320E-02  3.4105E-03 -5.9416E-03
  3.0284E-02  3.2986E-03 -5.6823E-03
  3.4394E-02  4.0472E-03 -4.8897E-03
  3.4445E-02  4.6797E-03 -3.3100E-03
  3.7132E-02  5.2848E-03 -2.5006E-03
  3.7354E-02  6.0875E-03 -5.3766E-04
  3.9016E-02  7.0510E-03  1.4469E-03
  4.1311E-02  7.2495E-03  1.3368E-03
  3.8020E-02  7.6023E-03  3.1002E-03
  3.2662E-02  5.3520E-03 -1.1429E-03
  3.1336E-02  5.5200E-03 -3.6733E-04
  3.2692E-02  5.7486E-03 -1.5212E-04
  3.1093E-02  6.3874E-03  1.8820E-03
  3.1873E-02  6.8473E-03  2.8331E-03
  3.0341E-02  7.5650E-03  5.0477E-03
  3.4494E-02  7.3322E-03  3.3574E-03
  2.8332E-02  5.8215E-03  1.1906E-03
  2.6719E-02  6.1254E-03  2.3850E-03
  2.7813E-02  4.9741E-03 -8.0535E-04
  2.5235E-02  4.3740E-03 -1.6316E-03
  2.5099E-02  3.4604E-03 -3.8964E-03
  2.6038E-02  3.7503E-03 -3.4158E-03
  2.2395E-02  2.8410E-03 -4.7374E-03
  2.4095E-02  4.0833E-03 -2.0609E-03
  2.2092E-02  4.2734E-03 -1.0493E-03
  2.5382E-02  3.6455E-03 -3.5054E-03
  2.4436E-02  3.3448E-03 -4.0111E-03
  2.6160E-02  2.8049E-03 -5.8293E-03
  2.5906E-02  1.8200E-03 -8.2422E-03
  2.6199E-02  1.1118E-03 -1.0104E-02
  2.5128E-02  1.1586E-04 -1.2328E-02
  2.6474E-02 -4.6349E-04 -1.4145E-02
  2.5349E-02 -1.3594E-03 -1.6102E-02
  2.8946E-02 -1.4283E-04 -1.3994E-02
  2.3996E-02  4.1665E-03 -1.8249E-03
  2.2311E-02  4.0174E-03 -1.7525E-03
  2.5471E-02  5.0347E-03 -3.0286E-05
  2.5203E-02  5.8764E-03  2.1608E-03
  2.7485E-02  6.6970E-03  3.6209E-03
  2.9024E-02  7.0350E-03  4.0631E-03
  3.1629E-02  7.6211E-03  4.8467E-03
  3.1460E-02  8.3192E-03  6.6498E-03
  3.3855E-02  8.6199E-03  6.7703E-03
  2.2835E-02  6.1744E-03  3.5407E-03
  2.1393E-02  6.3928E-03  4.4744E-03
  2.2424E-02  6.1865E-03  3.6807E-03
  2.0172E-02  6.4357E-03  4.9068E-03
  2.0079E-02  6.3462E-03  4.7064E-03
  2.1624E-02  7.2075E-03  6.4647E-03
  2.0420E-02  7.3205E-03  7.0694E-03
  2.0503E-02  6.5326E-03  5.0631E-03
  2.2268E-02  6.5703E-03  4.6886E-03
  2.2202E-02  5.8180E-03  2.8117E-03
  2.4085E-02  7.3645E-03  6.2060E-03
  1.7782E-02  5.7722E-03  3.8712E-03
  1.5986E-02  6.0930E-03  5.1568E-03
  1.7752E-02  4.8416E-03  1.5354E-03
  1.5566E-02  4.1539E-03  3.8451E-04
  1.5709E-02  3.1318E-03 -2.2277E-03
  1.5395E-02  2.8172E-03 -2.9367E-03
  1.2722E-02  2.7692E-03 -2.3468E-03
  1.6092E-02  1.8376E-03 -5.5891E-03
  1.5049E-02  4.2514E-03  7.6758E-04
  1.2849E-02  4.1234E-03  1.0300E-03
  1.7007E-02  4.4653E-03  7.8582E-04
  1.6582E-02  4.5875E-03  1.2064E-03
  1.9031E-02  4.7135E-03  8.7287E-04
  1.8458E-02  4.8923E-03  1.4755E-03
  2.1085E-02  5.5513E-03  2.4368E-03
  1.5489E-02  5.4680E-03  3.7147E-03
  1.3559E-02  5.4338E-03  4.1415E-03
  1.6664E-02  6.2272E-03  5.3143E-03
  1.5971E-02  7.1400E-03  7.7976E-03
  1.7674E-02  7.7751E-03  8.9447E-03
  1.8393E-02  8.8328E-03  1.1417E-02
  1.6975E-02  9.4013E-03  1.3226E-02
  1.6065E-02  1.0029E-02  1.5050E-02
  1.6786E-02  9.2196E-03  1.2819E-02
  1.3167E-02  6.9876E-03  8.1594E-03
  1.1746E-02  7.4105E-03  9.6023E-03
  5.6728E-03  5.3619E-03  2.7156E-03
  4.1139E-03  5.5924E-03  2.4067E-03
  4.4990E-03  5.4106E-03  8.3464E-04
  2.8487E-03  5.6316E-03  2.0286E-04
  1.8573E-03  5.6765E-03 -1.3367E-03
  2.6519E-04  5.8956E-03 -1.8689E-03
 -3.4986E-04  6.0729E-03 -8.5129E-04
 -1.9543E-03  6.2941E-03 -1.3834E-03
  6.2575E-04  6.0290E-03  6.6718E-04
  2.2232E-03  5.8083E-03  1.1899E-03
  2.4315E-03  5.8329E-03  1.9624E-03
  9.7390E-04  6.1257E-03  2.6919E-03
  2.6335E-03  5.7099E-03  7.7341E-04
  1.1146E-03  5.9164E-03  2.3201E-04
  1.5687E-03  5.7127E-03 -1.4799E-03
  1.5216E-03  5.5940E-03 -3.1486E-03
  2.8615E-03  5.2936E-03 -4.2316E-03
  2.0614E-03  5.3241E-03 -5.5495E-03
  2.9472E-04  5.6320E-03 -5.2859E-03
 -6.3734E-05  5.7996E-03 -3.8440E-03
  3.8106E-04  6.1439E-03  1.6577E-03
 -1.2688E-03  6.4185E-03  1.7335E-03
  1.5563E-03  6.0351E-03  2.7487E-03
  8.6938E-04  6.2536E-03  4.1561E-03
  2.4285E-03  6.0727E-03  5.1208E-03
  3.7328E-03  5.9448E-03  6.2376E-03
  5.2741E-03  5.7676E-03  7.2139E-03
  6.0546E-03  5.5698E-03  6.2814E-03
  5.7729E-03  5.8044E-03  8.7723E-03
 -2.2515E-04  6.5385E-03  5.5627E-03
 -1.5732E-03  6.8151E-03  6.3139E-03
  3.4805E-04  6.4661E-03  5.8396E-03
 -4.7107E-04  6.6975E-03  7.1316E-03
  9.9098E-04  6.5004E-03  7.6756E-03
  4.6569E-04  6.6857E-03  8.9910E-03
  2.5056E-03  6.4079E-03  9.7112E-03
  2.2059E-03  6.3746E-03  8.6278E-03
 -2.2196E-03  6.9298E-03  6.4384E-03
 -3.5453E-03  7.2228E-03  7.4544E-03
 -2.2783E-03  6.8064E-03  4.6824E-03
 -3.8419E-03  7.0023E-03  3.9061E-03
 -3.2337E-03  6.8026E-03  2.5779E-03
 -4.6946E-03  7.0207E-03  2.3149E-03
 -1.6854E-03  6.6095E-03  3.3584E-03
 -5.2840E-03  7.1679E-03  2.9906E-03
 -6.8066E-03  7.3937E-03  2.6955E-03
 -4.8524E-03  7.0663E-03  2.5775E-03
 -6.1746E-03  7.2153E-03  1.7008E-03
 -5.3341E-03  7.0527E-03  1.3622E-03
 -7.9738E-03  7.5891E-03  2.7651E-03
 -9.4255E-03  7.7653E-03  1.9684E-03
 -7.9128E-03  7.7159E-03  4.5698E-03
 -6.3904E-03  7.5554E-03  5.7261E-03
 -7.1874E-03  7.8297E-03  7.6314E-03
 -9.1235E-03  8.1223E-03  7.3310E-03
 -9.6408E-03  8.0729E-03  5.5653E-03
 -1.0601E-02  8.2551E-03  5.9068E-03
 -1.2248E-02  8.5455E-03  6.1958E-03
 -9.5924E-03  8.0821E-03  5.7915E-03
 -1.0381E-02  8.2283E-03  6.0248E-03
 -8.8920E-03  8.0044E-03  6.2725E-03
 -9.6173E-03  8.1411E-03  6.5172E-03
 -8.0007E-03  7.8957E-03  6.7543E-03
 -1.0865E-02  8.4694E-03  8.1664E-03
 -1.1522E-02  8.2870E-03  4.3470E-03
 -1.2990E-02  8.5359E-03  4.4748E-03
 -1.0823E-02  8.0524E-03  2.7523E-03
 -1.1788E-02  8.0798E-03  1.0387E-03
 -1.0702E-02  7.7792E-03 -5.9312E-04
 -1.1742E-02  7.8127E-03 -2.3877E-03
 -8.8619E-03  7.4766E-03 -6.2992E-04
 -8.9939E-03  7.4961E-03 -6.5734E-04
 -1.3527E-02  8.3708E-03  1.1390E-03
 -1.4994E-02  8.5725E-03  6.4723E-04
 -1.3340E-02  8.3894E-03  1.7878E-03
 -1.4882E-02  8.6542E-03  1.9665E-03
 -1.6225E-02  8.9770E-03  3.3387E-03
 -1.7862E-02  9.2277E-03  3.1274E-03
 -1.4320E-02  6.3389E-03  2.7276E-03
 -1.3483E-02  6.0018E-03  1.7733E-03
 -1.4070E-02  5.3755E-03  7.8385E-04
 -1.3223E-02  5.0102E-03 -2.2863E-04
 -1.3078E-02  4.6624E-03 -9.5012E-04
 -1.2310E-02  4.3175E-03 -1.8944E-03
 -1.1679E-02  4.3222E-03 -2.1164E-03
 -1.0962E-02  3.9589E-03 -3.0771E-03
 -1.1802E-02  4.6710E-03 -1.4006E-03
 -1.2569E-02  5.0082E-03 -4.7156E-04
 -1.2382E-02  6.3042E-03  1.9518E-03
 -1.1361E-02  6.4282E-03  1.8162E-03
 -1.2589E-02  6.4189E-03  2.2477E-03
 -1.1593E-02  6.7025E-03  2.4286E-03
 -1.2003E-02  6.6695E-03  2.5153E-03
 -1.2092E-02  6.0787E-03  1.4121E-03
 -1.3150E-02  5.7370E-03  1.1423E-03
 -1.3243E-02  5.1739E-03  9.3667E-05
 -1.2273E-02  4.9475E-03 -6.9662E-04
 -1.2393E-02  4.3822E-03 -1.7397E-03
 -1.1216E-02  5.2797E-03 -4.4492E-04
 -1.1126E-02  5.8477E-03  6.1418E-04
 -1.0861E-02  7.3281E-03  3.3636E-03
 -9.8193E-03  7.5263E-03  3.3634E-03
 -1.1382E-02  7.6487E-03  4.1709E-03
 -1.0661E-02  8.2406E-03  5.0447E-03
 -1.1424E-02  8.6109E-03  6.0361E-03
 -1.2154E-02  8.7015E-03  6.4776E-03
 -9.8380E-03  8.1770E-03  4.6212E-03
 -8.8055E-03  8.5060E-03  4.8759E-03
 -1.0288E-02  7.7569E-03  3.9781E-03
 -9.5421E-03  7.6685E-03  3.5353E-03
 -1.0258E-02  7.2173E-03  2.9298E-03
 -1.0540E-02  7.5048E-03  3.5859E-03
 -1.0985E-02  7.0561E-03  2.8860E-03
 -1.1374E-02  7.3381E-03  3.5706E-03
 -1.1990E-02  6.8945E-03  2.9432E-03
 -8.5150E-03  7.4839E-03  2.8045E-03
 -7.5130E-03  7.6659E-03  2.7877E-03
 -8.7599E-03  7.1330E-03  2.2195E-03
 -7.8424E-03  6.9331E-03  1.4993E-03
 -8.4241E-03  6.4779E-03  8.3701E-04
 -9.0469E-03  5.8810E-03 -8.2719E-05
 -8.1660E-03  5.6218E-03 -9.0357E-04
 -8.3351E-03  5.4635E-03 -1.1459E-03
 -7.2799E-03  5.5909E-03 -1.2873E-03
 -6.9242E-03  7.4627E-03  2.1815E-03
 -5.8393E-03  7.5328E-03  1.9191E-03
 -7.3689E-03  7.8359E-03  3.0618E-03
 -6.6013E-03  8.3595E-03  3.7874E-03
 -7.3647E-03  8.6898E-03  4.7019E-03
 -5.7521E-03  8.7520E-03  4.2312E-03
 -4.6770E-03  8.9565E-03  4.2311E-03
 -6.2404E-03  8.8463E-03  4.5913E-03
 -5.5468E-03  9.2069E-03  5.0307E-03
 -6.3814E-03  9.3097E-03  5.5339E-03
 -7.0347E-03  9.7765E-03  6.6704E-03
 -8.0862E-03  9.7736E-03  7.0497E-03
 -9.0068E-03  9.8725E-03  7.5769E-03
 -7.9923E-03  9.6793E-03  6.8341E-03
 -4.6619E-03  8.9105E-03  4.1370E-03
 -3.7061E-03  9.2043E-03  4.3520E-03
 -4.9756E-03  8.3277E-03  3.1313E-03
 -4.1986E-03  8.0022E-03  2.2210E-03
 -4.9170E-03  7.3623E-03  1.2538E-03
 -3.2022E-03  8.0431E-03  1.9351E-03
 -2.3722E-03  7.8481E-03  1.2563E-03
 -3.3063E-03  8.2797E-03  2.4281E-03
 -2.3978E-03  8.3443E-03  2.2198E-03
 -2.5395E-03  7.7976E-03  1.2204E-03
 -1.7540E-03  7.7781E-03  8.9552E-04
 -3.5661E-03  7.3615E-03  7.5768E-04
 -3.8228E-03  6.8046E-03 -2.1915E-04
 -4.7040E-03  6.3001E-03 -8.6648E-04
 -4.1104E-03  6.0843E-03 -1.4988E-03
 -4.6706E-03  6.0375E-03 -1.3836E-03
 -3.1722E-03  5.9548E-03 -2.0911E-03
 -4.3026E-03  6.8151E-03 -2.3209E-05
 -4.3220E-03  6.4151E-03 -7.8519E-04
 -5.6914E-03  6.1560E-03  1.0639E-03
 -6.0811E-03  6.1014E-03  1.2130E-03
 -6.4128E-03  6.1759E-03  1.0376E-03
 -6.3633E-03  6.1330E-03  1.1431E-03
 -6.7991E-03  6.1342E-03  1.1544E-03
 -6.0565E-03  5.9354E-03  1.6265E-03
 -5.7457E-03  5.8775E-03  1.7609E-03
 -6.3664E-03  5.8566E-03  1.8332E-03
 -6.3797E-03  5.6952E-03  2.2367E-03
 -6.4258E-03  5.6061E-03  2.4606E-03
 -6.0627E-03  5.6048E-03  2.4521E-03
 -6.0875E-03  5.7301E-03  2.1400E-03
 -6.2779E-03  5.6779E-03  2.2766E-03
 -6.3255E-03  5.7972E-03  1.9804E-03
 -6.7362E-03  5.6693E-03  2.3130E-03
 -7.0622E-03  5.7302E-03  2.1716E-03
 -6.6736E-03  5.5826E-03  2.5274E-03
 -6.9958E-03  5.5525E-03  2.6130E-03
 -6.8664E-03  5.5971E-03  2.4975E-03
 -7.1222E-03  5.5343E-03  2.6626E-03
 -6.9917E-03  5.4080E-03  2.9738E-03
 -7.2319E-03  5.3406E-03  3.1499E-03
 -7.6071E-03  5.3984E-03  3.0177E-03
 -7.8298E-03  5.3232E-03  3.2126E-03
 -7.7498E-03  5.5255E-03  2.7050E-03
 -7.5039E-03  5.5938E-03  2.5265E-03
 -7.0828E-03  5.3867E-03  3.0298E-03
 -6.8063E-03  5.2956E-03  3.2483E-03
 -7.4608E-03  5.3461E-03  3.1436E-03
 -7.5519E-03  5.1874E-03  3.5428E-03
 -7.6091E-03  5.1370E-03  3.6703E-03
 -7.9197E-03  5.1554E-03  3.6345E-03
 -8.1981E-03  5.2467E-03  3.4157E-03
 -7.9131E-03  5.0296E-03  3.9485E-03
 -8.2541E-03  4.9865E-03  4.0671E-03
 -8.1124E-03  4.9238E-03  4.2192E-03
 -8.4512E-03  4.8688E-03  4.3674E-03
 -8.4564E-03  4.9390E-03  4.1924E-03
 -8.0771E-03  4.9033E-03  4.2691E-03
 -7.7430E-03  5.0070E-03  3.9993E-03
 -8.4835E-03  4.8696E-03  4.3665E-03
 -8.3066E-03  4.7609E-03  4.6322E-03
 -8.8784E-03  4.8894E-03  4.3300E-03
 -9.1360E-03  4.7923E-03  4.5807E-03
 -9.3867E-03  4.8897E-03  4.3458E-03
 -9.1316E-03  4.9265E-03  4.2456E-03
 -9.7595E-03  4.8141E-03  4.5466E-03
 -9.4135E-03  4.7092E-03  4.7973E-03
 -9.6227E-03  4.7773E-03  4.6341E-03
 -9.4147E-03  4.5615E-03  5.1660E-03
 -9.6759E-03  4.4747E-03  5.3912E-03
 -9.5379E-03  4.3091E-03  5.8002E-03
 -9.7656E-03  4.2155E-03  6.0413E-03
 -9.7922E-03  4.0785E-03  6.3841E-03
 -9.9104E-03  4.2761E-03  5.8947E-03
 -1.0094E-02  4.4939E-03  5.3568E-03
 -1.0177E-02  4.4377E-03  5.4999E-03
 -1.0347E-02  4.5813E-03  5.1469E-03
 -1.0753E-02  4.6072E-03  5.0954E-03
 -1.1029E-02  4.4829E-03  5.4149E-03
 -1.1391E-02  4.4936E-03  5.3998E-03
 -1.0862E-02  4.3650E-03  5.7036E-03
 -1.1096E-02  4.2373E-03  6.0303E-03
 -1.0929E-02  4.1687E-03  6.1960E-03
 -1.0895E-02  4.2878E-03  5.8976E-03
 -1.0540E-02  4.1028E-03  6.3479E-03
 -1.1090E-02  4.1154E-03  6.3344E-03
 -1.1207E-02  3.9901E-03  6.6510E-03
 -1.0926E-02  4.1488E-03  6.2456E-03
 -1.0907E-02  4.0427E-03  6.5099E-03
 -1.0525E-02  4.0575E-03  6.4604E-03
 -1.0166E-02  3.9914E-03  6.6139E-03
 -9.8440E-03  4.0064E-03  6.5660E-03
 -9.4510E-03  3.9472E-03  6.7010E-03
 -9.1606E-03  3.9492E-03  6.6865E-03
 -1.1246E-02  4.0721E-03  6.4476E-03
 -1.1444E-02  4.1902E-03  6.1591E-03
 -1.2525E-02  5.0293E-03  1.4705E-02
 -1.2335E-02  4.4285E-03  1.5015E-02
 -1.2483E-02  4.0938E-03  1.6012E-02
 -1.2993E-02  4.9480E-03  1.6359E-02
 -1.2968E-02  5.4567E-03  1.5491E-02
 -1.2918E-02  5.3189E-03  1.5543E-02
 -1.2537E-02  4.5947E-03  1.5415E-02
 -1.3305E-02  6.0116E-03  1.5734E-02
 -1.3312E-02  5.9788E-03  1.5808E-02
 -1.3829E-02  6.8175E-03  1.6201E-02
 -1.3979E-02  7.6169E-03  1.5456E-02
 -1.3871E-02  6.7142E-03  1.6496E-02
 -1.3090E-02  5.1249E-03  1.6401E-02
 -1.2817E-02  4.7029E-03  1.6162E-02
 -1.3183E-02  4.8411E-03  1.7140E-02
 -1.2990E-02  4.0285E-03  1.7766E-02
 -1.3241E-02  3.9780E-03  1.8661E-02
 -1.2451E-02  3.2020E-03  1.7282E-02
 -1.2198E-02  2.5017E-03  1.7537E-02
 -1.2270E-02  3.2572E-03  1.6609E-02
 -1.1756E-02  2.4840E-03  1.6125E-02
 -1.1623E-02  2.4765E-03  1.5701E-02
 -1.1137E-02  1.5365E-03  1.5567E-02
 -1.1042E-02  1.4629E-03  1.5370E-02
 -1.0614E-02  8.4237E-04  1.4931E-02
 -1.1391E-02  2.0163E-03  1.5656E-02
 -1.1512E-02  2.4522E-03  1.5378E-02
 -1.1160E-02  1.7505E-03  1.5312E-02
 -1.1715E-02  3.2188E-03  1.4856E-02
 -1.1509E-02  3.2602E-03  1.4122E-02
 -1.1818E-02  4.2106E-03  1.3664E-02
 -1.1864E-02  4.5951E-03  1.3221E-02
 -1.1594E-02  4.2159E-03  1.2926E-02
 -1.1471E-02  2.9002E-03  1.4554E-02
 -1.1096E-02  2.3487E-03  1.4181E-02
 -1.1862E-02  3.2111E-03  1.5349E-02
 -1.1887E-02  2.9260E-03  1.5868E-02
 -1.2377E-02  3.3862E-03  1.6758E-02
 -1.2494E-02  3.2797E-03  1.7301E-02
 -1.2521E-02  2.7193E-03  1.8254E-02
 -1.2997E-02  3.2149E-03  1.9043E-02
 -1.3088E-02  3.0043E-03  1.9663E-02
 -1.3533E-02  3.4948E-03  2.0359E-02
 -1.2735E-02  2.3044E-03  1.9592E-02
 -1.1479E-02  1.9091E-03  1.6108E-02
 -1.1225E-02  1.4523E-03  1.5984E-02
 -1.1403E-02  1.5485E-03  1.6416E-02
 -1.1019E-02  5.8726E-04  1.6646E-02
 -1.1020E-02  3.6504E-04  1.6991E-02
 -1.0544E-02  1.5170E-04  1.5770E-02
 -1.0251E-02 -4.9479E-04  1.5809E-02
 -1.0471E-02  5.1140E-04  1.4975E-02
 -1.0027E-02  1.4603E-04  1.4092E-02
 -1.0025E-02  6.6162E-04  1.3292E-02
 -9.9117E-03  4.1419E-04  1.3303E-02
 -1.0029E-02  9.5624E-04  1.2850E-02
 -9.7031E-03 -3.1580E-04  1.3748E-02
 -9.9455E-03  1.5171E-04  1.3817E-02
 -9.5433E-03 -5.1086E-04  1.3528E-02
 -1.0324E-02  8.9470E-04  1.3905E-02
 -1.0290E-02  9.7535E-04  1.3670E-02
 -1.0768E-02  1.8876E-03  1.3822E-02
 -1.0819E-02  2.5346E-03  1.2991E-02
 -1.0356E-02  2.1483E-03  1.2077E-02
 -1.1234E-02  3.4028E-03  1.3007E-02
 -1.0115E-02  2.6198E-04  1.4200E-02
 -9.8496E-03 -4.9143E-05  1.3814E-02
 -1.0265E-02  2.7716E-06  1.5090E-02
 -1.0109E-02 -6.8458E-04  1.5640E-02
 -1.0404E-02 -7.3204E-04  1.6676E-02
 -1.0918E-02  7.1188E-05  1.7113E-02
 -1.1171E-02 -8.9759E-05  1.8184E-02
 -1.1467E-02  2.4839E-04  1.8627E-02
 -1.1076E-02 -5.4516E-04  1.8578E-02
 -9.5761E-03 -1.5825E-03  1.5287E-02
 -9.3237E-03 -2.1252E-03  1.5301E-02
 -8.3906E-03 -1.6220E-03  1.4388E-02
 -7.1033E-03 -2.0777E-03  1.4515E-02
 -7.0347E-03 -2.5175E-03  1.5535E-02
 -7.2627E-03 -2.9690E-03  1.6809E-02
 -8.1906E-03 -3.0287E-03  1.7664E-02
 -7.8066E-03 -3.2023E-03  1.7793E-02
 -8.7959E-03 -3.1896E-03  1.8518E-02
 -6.4126E-03 -1.8135E-03  1.3344E-02
 -5.2999E-03 -2.1280E-03  1.3260E-02
 -7.0836E-03 -1.2356E-03  1.2448E-02
 -6.5351E-03 -9.2912E-04  1.1282E-02
 -7.3652E-03 -4.6589E-04  1.0787E-02
 -7.0589E-03 -6.2947E-06  9.4331E-03
 -7.2354E-03 -7.7169E-04  1.1433E-02
 -8.0942E-03 -3.5193E-04  1.1066E-02
 -6.3895E-03 -6.0171E-04  1.0373E-02
 -5.4499E-03 -6.0629E-04  9.6663E-03
 -7.3049E-03 -3.4197E-04  1.0439E-02
 -7.3466E-03  1.7742E-05  9.5943E-03
 -8.6798E-03  5.4248E-04  9.3339E-03
 -9.2089E-03  8.8735E-04  8.8975E-03
 -8.5458E-03  1.1752E-03  7.6895E-03
 -1.0585E-02  1.3288E-03  8.8726E-03
 -6.8349E-03 -2.7732E-04  9.9225E-03
 -6.2081E-03 -1.5852E-04  9.1542E-03
 -7.1391E-03 -6.4282E-04  1.1046E-02
 -6.7351E-03 -9.3157E-04  1.1441E-02
 -7.5583E-03 -4.8431E-04  1.0980E-02
 -7.1921E-03 -2.0175E-04  1.0011E-02
 -8.5963E-03 -3.9754E-04  1.1561E-02
