 -1.5207E-03  6.8173E-03 -7.3016E-03
 -9.6374E-04  6.0549E-03 -6.6101E-03
 -2.0458E-03  4.9847E-03 -5.3910E-03
 -1.5848E-03  4.1151E-03 -4.5790E-03
  6.0391E-04  3.5598E-03 -4.3128E-03
  4.3640E-04  2.0696E-03 -2.7938E-03
 -1.1935E-03  6.8529E-03 -7.3810E-03
 -2.5662E-03  7.4308E-03 -7.7784E-03
  1.8088E-04  6.9612E-03 -7.6728E-03
  1.2975E-04  7.7015E-03 -8.4096E-03
  1.2703E-03  8.7205E-03 -9.5850E-03
  5.1036E-04  9.7518E-03 -1.0520E-02
  1.8483E-03  1.0524E-02 -1.1473E-02
  1.0917E-03  1.1593E-02 -1.2446E-02
  1.6933E-03  1.2667E-02 -1.3605E-02
  8.7566E-04  1.3583E-02 -1.4416E-02
  3.0894E-03  1.2827E-02 -1.3951E-02
  7.0466E-04  6.8811E-03 -7.6622E-03
  2.1466E-03  6.3758E-03 -7.3468E-03
 -4.3839E-04  6.7716E-03 -7.3999E-03
 -1.0294E-04  5.9723E-03 -6.6418E-03
 -1.2301E-03  4.9230E-03 -5.4377E-03
 -1.1533E-03  4.1343E-03 -4.6557E-03
 -7.2665E-04  4.1931E-03 -4.7716E-03
 -2.1132E-03  3.4684E-03 -3.8591E-03
 -4.8365E-04  6.6253E-03 -7.2469E-03
 -1.6479E-03  7.4297E-03 -7.8997E-03
  6.1110E-04  6.3504E-03 -7.1166E-03
  3.8469E-04  6.8305E-03 -7.5687E-03
  2.0494E-03  7.3077E-03 -8.2698E-03
  2.3110E-03  8.5156E-03 -9.5179E-03
  3.9475E-03  8.9766E-03 -1.0199E-02
  1.9832E-03  7.4478E-03 -8.4017E-03
  1.7712E-05  5.6749E-03 -6.3591E-03
  9.5431E-04  4.7301E-03 -5.5349E-03
 -1.3922E-03  5.7263E-03 -6.2230E-03
 -1.9019E-03  4.6862E-03 -5.1104E-03
 -3.7772E-03  4.5109E-03 -4.6844E-03
 -4.5335E-03  3.3387E-03 -3.4064E-03
 -6.3564E-03  3.3675E-03 -3.1924E-03
 -3.5203E-03  2.2434E-03 -2.4413E-03
 -1.6763E-03  4.9116E-03 -5.3668E-03
 -2.5404E-03  5.7364E-03 -6.0801E-03
 -4.9704E-04  4.1978E-03 -4.8070E-03
 -1.6187E-04  4.3198E-03 -4.9742E-03
  1.7540E-03  4.2583E-03 -5.1677E-03
  2.9293E-03  5.0901E-03 -6.1597E-03
  2.4157E-03  6.3824E-03 -7.3893E-03
  4.6831E-03  4.7529E-03 -6.0547E-03
 -8.8974E-04  3.3145E-03 -3.8675E-03
 -9.9670E-04  2.3074E-03 -2.8417E-03
 -1.3267E-03  3.5757E-03 -4.0716E-03
 -2.0097E-03  2.6745E-03 -3.0754E-03
 -2.5502E-03  3.1658E-03 -3.4969E-03
 -3.2158E-03  4.2057E-03 -4.4528E-03
 -2.2746E-03  2.3986E-03 -2.7631E-03
 -2.7244E-03  2.7357E-03 -3.0417E-03
 -2.0583E-03  1.7211E-03 -2.1114E-03
 -4.6218E-03  2.9626E-03 -3.0169E-03
 -5.5660E-03  2.5517E-03 -2.4783E-03
 -5.2043E-03  3.7342E-03 -3.7142E-03
 -7.0408E-03  3.9686E-03 -3.7050E-03
 -7.1670E-03  4.9476E-03 -4.6714E-03
 -5.4235E-03  4.8502E-03 -4.8059E-03
 -4.2833E-03  4.6005E-03 -4.7070E-03
 -7.7381E-03  2.7914E-03 -2.4297E-03
 -7.1296E-03  2.2509E-03 -1.9679E-03
 -8.9455E-03  2.3703E-03 -1.8459E-03
 -9.6829E-03  1.2704E-03 -6.4290E-04
 -9.1256E-03  1.7928E-04  3.7874E-04
 -9.9240E-03 -7.2381E-04  1.3922E-03
 -7.7211E-03 -3.7137E-04 -1.0114E-03
 -6.7883E-03 -2.5636E-03  4.7869E-04
 -3.8485E-03 -2.6822E-03 -4.8741E-04
 -8.8933E-03 -3.0313E-03  1.6311E-03
 -8.6594E-03 -5.0027E-03  3.1903E-03
 -1.0896E-02 -1.2217E-03  8.4775E-04
 -1.2978E-02 -1.4898E-03  1.8255E-03
 -1.1855E-02 -1.9294E-03  1.7852E-03
 -1.2450E-02 -3.5500E-03  3.3520E-03
 -1.0294E-02 -5.0633E-04  3.3039E-05
 -9.1710E-03 -8.2610E-04 -1.0701E-04
 -6.7427E-03  4.5175E-04 -2.0522E-03
 -7.5028E-03  2.9921E-03 -3.8951E-03
 -5.2128E-03  4.2360E-03 -5.7619E-03
 -6.3969E-03  6.8623E-03 -7.5228E-03
 -6.6523E-03  8.1214E-03 -8.4802E-03
 -1.1587E-02  3.5884E-05  4.9526E-05
 -1.1482E-02 -6.9675E-04  6.2248E-04
 -1.3794E-02  1.5627E-03 -4.2411E-04
 -1.6280E-02  2.5097E-03 -3.1323E-04
 -1.7735E-02  6.3512E-04  1.7770E-03
 -1.9077E-02  9.0723E-04  2.0361E-03
 -1.7338E-02 -1.3318E-03  3.2731E-03
 -1.8659E-02 -3.2696E-03  5.3676E-03
 -1.7844E-02 -5.3959E-03  6.8452E-03
 -1.8453E-02 -4.5793E-03  6.3850E-03
 -1.4881E-02 -6.5349E-03  6.7217E-03
 -1.7967E-02 -4.1528E-03  5.8535E-03
 -1.9690E-02 -4.9650E-03  7.1545E-03
 -1.5509E-02 -3.8950E-03  4.7480E-03
 -1.4678E-02 -4.7628E-03  5.1705E-03
 -1.1601E-02 -6.1670E-03  5.2267E-03
 -1.1129E-02 -8.6427E-03  7.1200E-03
 -1.2789E-02 -1.0271E-02  9.0792E-03
 -1.4721E-02 -1.0975E-02  1.0366E-02
 -1.2259E-02 -1.0965E-02  9.4656E-03
 -1.5086E-02 -2.8675E-03  3.7380E-03
 -1.4596E-02 -3.3782E-03  3.9862E-03
 -1.6221E-02 -7.1087E-04  2.3509E-03
 -1.6661E-02  1.2495E-03  8.7556E-04
 -1.7529E-02  3.4916E-03 -6.7971E-04
 -1.8761E-02  1.1537E-03  1.7161E-03
 -1.8085E-02  1.4403E-03  1.2322E-03
 -2.1323E-02  8.0697E-04  2.9335E-03
 -2.3433E-02  6.6316E-04  3.8175E-03
 -2.6091E-02  2.5063E-05  5.3126E-03
 -2.8601E-02  2.0561E-03  4.5283E-03
 -3.1337E-02  1.2365E-03  6.2029E-03
 -3.2973E-02  2.2653E-03  5.9378E-03
 -3.1978E-02 -3.1938E-04  7.7322E-03
 -2.2196E-02 -1.1598E-03  4.8896E-03
 -2.2750E-02 -8.1970E-04  4.8068E-03
 -2.0536E-02 -3.1152E-03  5.9189E-03
 -1.9242E-02 -4.9873E-03  7.0110E-03
 -1.7572E-02 -7.1128E-03  8.1785E-03
 -1.5412E-02 -8.8086E-03  8.8101E-03
 -1.2490E-02 -9.0588E-03  7.9602E-03
 -1.0466E-02 -1.0516E-02  8.4417E-03
 -1.1354E-02 -1.1746E-02  9.7895E-03
 -1.4277E-02 -1.1527E-02  1.0665E-02
 -1.6281E-02 -1.0066E-02  1.0173E-02
 -1.7325E-02 -4.1087E-03  5.5839E-03
 -1.7601E-02 -4.3455E-03  5.8814E-03
 -1.5427E-02 -3.0334E-03  3.9997E-03
 -1.3483E-02 -2.1163E-03  2.5308E-03
 -1.1511E-02 -1.0809E-03  9.5316E-04
 -9.5583E-03  7.9880E-05 -7.2214E-04
 -9.6844E-03 -3.0490E-03  1.9325E-03
 -8.0730E-03 -2.1942E-03  6.3599E-04
 -1.5078E-02 -3.5185E-04  1.6375E-03
 -1.4434E-02 -5.6426E-04  1.5814E-03
 -1.2535E-02  2.3949E-03  8.2416E-04
 -1.4871E-02  4.7402E-03  1.4526E-03
 -1.6021E-02  7.4570E-03  1.4806E-03
 -1.3663E-02  9.8569E-03 -1.0405E-05
 -1.4779E-02  1.2192E-02  7.1524E-05
 -1.6819E-02  1.5625E-02  3.7124E-04
 -1.7654E-02  2.8647E-03  3.0404E-03
 -1.8669E-02  3.1500E-03  3.4451E-03
 -1.8756E-02  7.8608E-04  3.9093E-03
 -2.1385E-02 -1.1495E-03  5.4384E-03
 -2.2382E-02 -2.8796E-03  6.1979E-03
 -2.5240E-02 -4.8761E-03  7.8410E-03
 -2.7598E-02 -4.3463E-03  8.8055E-03
 -3.0369E-02 -4.9227E-03  1.0154E-02
 -2.6695E-02 -3.3481E-03  8.2200E-03
 -2.0808E-02 -3.7041E-03  5.6385E-03
 -2.2961E-02 -4.4810E-03  6.7458E-03
 -1.7927E-02 -4.9962E-03  4.5761E-03
 -1.7304E-02 -7.4777E-03  4.7422E-03
 -1.4463E-02 -9.7761E-03  3.8787E-03
 -1.4481E-02 -1.3306E-02  4.5214E-03
 -1.7323E-02 -1.5032E-02  6.1085E-03
 -1.7439E-02 -1.8554E-02  6.7939E-03
 -1.7752E-02 -1.8517E-02  6.9283E-03
 -1.6853E-02 -5.9086E-03  4.2572E-03
 -1.7819E-02 -7.2173E-03  4.9267E-03
 -1.5488E-02 -3.0263E-03  3.1258E-03
 -1.4828E-02 -1.3471E-03  2.5272E-03
 -1.1311E-02 -8.0215E-04  8.4906E-04
 -9.3774E-03 -4.0524E-03  5.6417E-04
 -8.5213E-03 -4.9743E-03  3.4514E-04
 -7.2098E-03 -8.1933E-03  3.3445E-04
 -6.7092E-03 -1.0549E-02  5.3290E-04
 -5.6351E-03 -1.3789E-02  6.3276E-04
 -7.4729E-03 -9.6783E-03  7.1961E-04
 -8.8050E-03 -6.4303E-03  7.3441E-04
 -1.6823E-02  1.9157E-03  2.8372E-03
 -1.6811E-02  3.1744E-03  2.6056E-03
 -1.8554E-02  3.2575E-03  3.3743E-03
 -2.0439E-02  6.3228E-03  3.6701E-03
 -1.8447E-02  9.1989E-03  2.2579E-03
 -1.8939E-02  1.1068E-02  2.1430E-03
 -1.6298E-02  9.6467E-03  1.2115E-03
 -1.4108E-02  1.2278E-02 -2.4552E-04
 -1.0713E-02  1.0857E-02 -1.5157E-03
 -1.0727E-02  8.7311E-03 -1.1272E-03
 -9.2653E-03  8.6315E-03 -1.7664E-03
 -6.4826E-03  6.5521E-03 -2.6431E-03
 -1.4069E-02  1.3875E-02 -5.5040E-04
 -1.4782E-02  1.2316E-02  5.0507E-05
 -1.3378E-02  1.7073E-02 -1.4356E-03
 -1.3414E-02  1.9431E-02 -1.8432E-03
 -1.2747E-02  2.2709E-02 -2.7323E-03
 -1.4296E-02  2.2430E-02 -1.9859E-03
 -1.3268E-02  1.8862E-02 -1.8068E-03
 -1.0062E-02  1.8765E-02 -3.2298E-03
 -7.7088E-03  1.8164E-02 -4.1794E-03
 -9.9966E-03  1.9605E-02 -3.4104E-03
 -7.1055E-03  1.9743E-02 -4.7344E-03
 -7.4860E-03  1.8558E-02 -4.3505E-03
 -4.6318E-03  1.8857E-02 -5.6869E-03
 -5.1836E-03  1.8088E-02 -5.3007E-03
 -3.4146E-03  1.9568E-02 -6.3617E-03
 -7.1614E-03  1.6187E-02 -4.0701E-03
 -6.2982E-03  2.3376E-02 -5.7503E-03
 -8.1226E-03  2.5603E-02 -5.3308E-03
 -3.5644E-03  2.3978E-02 -7.0872E-03
 -2.4949E-03  2.7320E-02 -8.1686E-03
 -1.2177E-03  2.8091E-02 -8.8812E-03
  1.5886E-04  3.1510E-02 -1.0115E-02
 -3.7150E-03  2.7861E-02 -7.7175E-03
 -2.3410E-03  2.7694E-02 -8.3051E-03
  2.2289E-04  2.7247E-02 -9.3769E-03
  2.1673E-03  2.4860E-02 -9.8216E-03
  3.0636E-04  2.9786E-02 -9.8708E-03
  2.8941E-03  3.0014E-02 -1.1075E-02
  2.0031E-03  2.9036E-02 -1.0498E-02
  1.0201E-03  3.1894E-02 -1.0570E-02
  3.5461E-03  3.3721E-02 -1.2034E-02
  1.4139E-03  3.5858E-02 -1.1460E-02
  6.1658E-03  3.7235E-02 -1.1105E-02
  4.4748E-03  3.0934E-02 -1.0142E-02
 -4.6038E-03  2.8535E-02 -1.5267E-02
 -8.8367E-03  2.5150E-02 -1.6914E-02
 -7.6901E-03  3.6215E-02 -1.9794E-02
  9.2539E-03  3.3478E-02 -7.8633E-03
  1.1396E-02  2.7721E-02 -4.5818E-03
  1.1302E-02  4.2091E-02 -9.3521E-03
  1.5851E-02  4.4872E-02 -7.3017E-03
  2.3962E-02  4.2556E-02 -1.2606E-03
  2.7064E-02  3.9522E-02  1.7536E-03
  2.7300E-02  4.3656E-02  5.5201E-04
  3.5186E-02  4.1790E-02  6.2994E-03
  3.8163E-02  4.5185E-02  7.1251E-03
  4.0739E-02  5.5363E-02  5.4668E-03
  4.0809E-02  5.9097E-02  4.2886E-03
  4.2794E-02  5.9639E-02  5.4039E-03
  3.5196E-02  3.1962E-02  9.5263E-03
  4.0392E-02  2.8913E-02  1.3909E-02
  2.9339E-02  2.7089E-02  7.3097E-03
  2.8208E-02  1.7444E-02  9.7343E-03
  2.0962E-02  1.4442E-02  5.9993E-03
  2.0258E-02  5.4358E-03  8.4929E-03
  1.2124E-02  4.8695E-03  3.3818E-03
  4.7428E-03  4.0511E-03 -1.1567E-03
  2.7220E-02  1.2963E-02  1.0559E-02
  3.0583E-02  6.7139E-03  1.4797E-02
  2.2352E-02  1.5961E-02  6.4067E-03
  2.0971E-02  1.2451E-02  6.6580E-03
  1.5551E-02  1.7571E-02  1.4504E-03
  6.8940E-03  1.3547E-02 -2.8679E-03
  5.8830E-03  4.7645E-03 -6.4800E-04
  2.5722E-03  1.9907E-02 -7.7667E-03
  2.8724E-02  1.3649E-02  1.1314E-02
  3.1351E-02  7.2130E-03  1.5134E-02
  3.2436E-02  2.1989E-02  1.0998E-02
  4.0040E-02  2.4344E-02  1.5178E-02
  4.2727E-02  3.4500E-02  1.3599E-02
  3.7356E-02  3.9678E-02  8.4046E-03
  4.0781E-02  4.9609E-02  7.3802E-03
  3.9753E-02  5.5015E-02  4.9389E-03
  3.3334E-02  5.8518E-02 -3.8907E-04
  3.2945E-02  6.3318E-02 -2.2152E-03
  2.7281E-02  5.7304E-02 -3.9327E-03
  4.6411E-02  1.9325E-02  2.0971E-02
  5.2375E-02  1.8975E-02  2.4969E-02
  4.4989E-02  1.5163E-02  2.1409E-02
  5.0563E-02  1.0180E-02  2.6672E-02
  5.1099E-02  1.2147E-02  2.6376E-02
  4.8543E-02  5.1668E-05  2.8676E-02
  5.3494E-02 -4.7921E-03  3.3487E-02
  4.1210E-02 -3.2024E-03  2.4967E-02
  3.8637E-02 -1.2710E-02  2.6408E-02
  2.9727E-02 -1.4976E-02  2.1348E-02
  4.1365E-02 -1.4999E-02  2.8935E-02
  4.4096E-02 -2.1865E-02  3.2963E-02
  4.0515E-02 -9.1298E-03  2.6457E-02
  4.2776E-02 -1.0064E-02  2.8236E-02
  4.1471E-02 -1.8247E-03  2.4686E-02
  3.2851E-02 -2.4184E-03  1.9267E-02
  4.6059E-02 -8.2143E-04  2.7344E-02
  5.1332E-02 -1.1269E-02  3.4202E-02
  5.3147E-02 -1.8312E-02  3.7693E-02
  5.6445E-02 -4.4197E-03  3.5287E-02
  6.4920E-02 -4.2748E-03  4.0758E-02
  6.8592E-02  3.2485E-03  4.0684E-02
  7.6770E-02  2.7764E-03  4.6164E-02
  7.8887E-02  9.3219E-03  4.5398E-02
  7.3560E-02  6.8288E-03  4.2745E-02
  7.4945E-02  1.3343E-02  4.1512E-02
  6.6710E-02 -1.3099E-02  4.4816E-02
  7.0061E-02 -1.7801E-02  4.8539E-02
  7.1776E-02 -1.4010E-02  3.9844E-02
  7.5839E-02 -2.1898E-02  4.1117E-02
  7.8312E-02 -1.9498E-02  4.2190E-02
  8.6310E-02 -1.4780E-02  4.5534E-02
  6.9577E-02 -2.9868E-02  3.8321E-02
  6.5597E-02 -3.2095E-02  3.6662E-02
  6.8738E-02 -3.3994E-02  3.7820E-02
  6.3043E-02 -4.1747E-02  3.5256E-02
  6.2843E-02 -4.8922E-02  3.4880E-02
  6.7104E-02 -5.6163E-02  3.6258E-02
  5.8053E-02 -4.6563E-02  3.3092E-02
  5.6822E-02 -5.2540E-02  3.2360E-02
  5.7267E-02 -4.6731E-02  3.2776E-02
  5.3422E-02 -3.7791E-02  3.1633E-02
  4.7720E-02 -5.6172E-02  2.8627E-02
  4.3092E-02 -5.2585E-02  2.6953E-02
  4.5125E-02 -6.3220E-02  2.7313E-02
  3.6533E-02 -6.7074E-02  2.3771E-02
  3.4842E-02 -7.4353E-02  2.2803E-02
  2.5414E-02 -7.7445E-02  1.8964E-02
  2.2154E-02 -8.3044E-02  1.7448E-02
  1.4235E-02 -8.4806E-02  1.4258E-02
  2.7416E-02 -8.5746E-02  1.9407E-02
  2.9321E-02 -5.9597E-02  2.1242E-02
  2.4479E-02 -5.8888E-02  1.9365E-02
  2.8767E-02 -5.3856E-02  2.1262E-02
  2.2123E-02 -4.6575E-02  1.8948E-02
  2.2172E-02 -4.1894E-02  1.9161E-02
  1.8307E-02 -4.7290E-02  1.7416E-02
  2.1970E-02 -5.7156E-02  1.8449E-02
  8.5777E-03 -4.7447E-02  1.3580E-02
  2.3142E-02 -3.9282E-02  1.9652E-02
  1.6692E-02 -3.6032E-02  1.7247E-02
  3.1255E-02 -3.6959E-02  2.2941E-02
  3.3187E-02 -3.0070E-02  2.3988E-02
  2.9945E-02 -3.2705E-02  2.2602E-02
  2.7095E-02 -2.6848E-02  2.1723E-02
  3.0514E-02 -4.1693E-02  2.2454E-02
  2.7530E-02 -4.5485E-02  2.1122E-02
  3.0414E-02 -5.5672E-02  2.1834E-02
  4.0055E-02 -5.7673E-02  2.5547E-02
  4.5803E-02 -5.7030E-02  2.7836E-02
  4.6593E-02 -4.7172E-02  2.8556E-02
  5.1608E-02 -4.7229E-02  3.0528E-02
  1.7678E-02 -4.4758E-02  1.7274E-02
  1.3766E-02 -4.1842E-02  1.5854E-02
  1.3717E-02 -4.7228E-02  1.5612E-02
  4.2861E-03 -4.6780E-02  1.1918E-02
  1.5863E-03 -4.9678E-02  1.0735E-02
  1.4380E-03 -6.0089E-02  1.0245E-02
 -4.5415E-05 -6.2893E-02  9.5446E-03
  6.8554E-03 -6.5866E-02  1.2138E-02
 -7.3096E-03 -6.2578E-02  6.6981E-03
  1.0779E-03 -3.6960E-02  1.1062E-02
 -5.1212E-03 -3.5515E-02  8.6816E-03
  5.6145E-03 -3.0239E-02  1.3127E-02
  3.3942E-03 -2.0367E-02  1.2662E-02
  7.7702E-03 -1.4840E-02  1.4614E-02
  5.4674E-03 -1.6170E-02  1.3652E-02
  1.2285E-03 -9.4199E-03  1.2263E-02
  1.2150E-02 -1.9880E-02  1.6129E-02
  1.4575E-02 -1.6492E-02  1.7224E-02
  2.3072E-02 -2.0869E-02  2.0387E-02
  2.5416E-02 -1.8272E-02  2.1418E-02
  3.4070E-02 -2.2476E-02  2.4650E-02
  3.5484E-02 -2.2418E-02  2.5209E-02
  3.1115E-02 -3.0341E-02  2.3161E-02
  7.4840E-03 -1.8539E-02  1.4348E-02
  5.1899E-03 -1.2621E-02  1.3690E-02
  1.7610E-03 -2.7115E-02  9.8946E-03
 -7.7979E-03 -3.0406E-02  5.0909E-03
 -7.9964E-03 -4.0946E-02 -8.4879E-05
 -1.4137E-03 -4.8046E-02 -1.3173E-03
  6.0231E-03 -5.3142E-02 -1.2914E-03
 -3.7299E-03 -4.8585E-02 -2.3557E-03
 -1.6877E-02 -2.4218E-02  5.0435E-03
 -2.4312E-02 -2.1332E-02  3.9473E-03
 -1.6319E-02 -2.2355E-02  6.1337E-03
 -2.4530E-02 -1.6413E-02  6.2585E-03
 -2.1822E-02 -1.5395E-02  7.6607E-03
 -2.8150E-02 -6.6346E-03  9.7834E-03
 -2.3339E-02 -2.4660E-02  2.6604E-03
 -2.0302E-02 -2.4666E-02  3.6769E-03
 -2.7197E-02 -6.5545E-03  1.0142E-02
 -3.6014E-02 -3.6129E-03  8.6090E-03
 -1.9534E-02 -1.5667E-03  1.5132E-02
 -2.0860E-02  7.8843E-03  1.9268E-02
 -1.0654E-02  1.1234E-02  2.4317E-02
 -5.5417E-03  1.4687E-02  2.7707E-02
  5.7145E-03  1.8713E-02  3.3437E-02
  1.5215E-04  2.8548E-02  3.6337E-02
 -2.5380E-02  7.2313E-03  1.7435E-02
 -3.2499E-02  1.3226E-02  1.7951E-02
 -2.0610E-02  3.0689E-04  1.5679E-02
 -2.3740E-02 -1.5182E-03  1.3744E-02
 -1.6741E-02 -1.0021E-02  1.1971E-02
 -6.4024E-03 -7.4272E-03  1.6698E-02
 -1.0995E-03 -1.2964E-02  1.5794E-02
 -3.5814E-03  5.1976E-05  2.1271E-02
 -3.4693E-02 -3.5438E-03  9.0858E-03
 -3.9873E-02 -1.0043E-03  8.5785E-03
 -3.8103E-02 -8.2948E-03  5.6383E-03
 -4.8528E-02 -1.0590E-02  1.0269E-03
 -4.8957E-02 -1.9469E-02 -3.4215E-03
 -5.5723E-02 -2.1382E-03  2.7089E-03
 -6.4827E-02 -2.7972E-03 -6.6590E-04
 -5.1518E-02  5.7142E-03  7.9269E-03
 -5.7397E-02  1.4334E-02  1.0132E-02
 -6.0969E-02  1.2604E-02  8.0947E-03
 -6.8992E-02  1.7069E-02  7.5663E-03
 -5.5282E-02  5.7045E-03  6.6588E-03
 -5.7633E-02  3.1433E-03  4.6283E-03
 -5.5412E-02 -7.7728E-03  8.2057E-05
 -6.3452E-02 -1.3528E-02 -5.4061E-03
 -6.0378E-02 -2.4417E-02 -9.6529E-03
 -5.0234E-02 -2.8154E-02 -8.0597E-03
 -4.6450E-02 -3.8692E-02 -1.1898E-02
 -5.1268E-02  8.4133E-03  9.3191E-03
 -4.3228E-02  1.1109E-02  1.3324E-02
 -5.4924E-02  9.8832E-03  8.8046E-03
 -4.9775E-02  1.5081E-02  1.3052E-02
 -5.7772E-02  2.0828E-02  1.3154E-02
 -5.5340E-02  2.9495E-02  1.8172E-02
 -6.5416E-02  3.5059E-02  1.7487E-02
 -4.8909E-02  3.5815E-02  2.3394E-02
 -4.2280E-02  8.0279E-03  1.2149E-02
 -4.4235E-02 -6.4594E-05  7.5700E-03
 -3.3422E-02  1.0995E-02  1.6560E-02
 -2.5285E-02  5.2093E-03  1.6486E-02
 -1.5161E-02  9.5202E-03  2.1974E-02
 -1.2303E-02  1.0645E-02  2.3478E-02
 -6.6819E-03  3.2178E-03  2.1765E-02
 -2.8008E-02  4.7558E-03  1.5353E-02
 -3.0396E-02  1.2166E-02  1.8143E-02
 -2.7330E-02 -3.9288E-03  1.1371E-02
 -2.9803E-02 -5.0456E-03  9.9992E-03
 -3.2256E-02 -1.5129E-02  4.2878E-03
 -4.2057E-02 -1.6202E-02  4.7799E-04
 -2.4254E-02 -2.1970E-02  3.6573E-03
 -2.1441E-02 -2.6441E-03  1.3970E-02
 -1.2447E-02 -3.4067E-03  1.6619E-02
 -1.2444E-02 -8.2920E-05  1.1921E-02
 -1.2886E-02  3.0853E-03  1.0265E-02
 -1.6465E-02  5.2620E-03  1.1265E-02
 -1.7444E-02  6.5260E-03  1.1129E-02
 -2.0455E-02  7.8650E-03  1.2271E-02
 -1.5228E-02  6.2131E-03  9.8742E-03
 -1.2151E-02  2.4292E-03  1.0188E-02
 -1.0707E-02  4.0635E-03  8.2437E-03
 -1.3215E-02 -1.3167E-05  1.2381E-02
 -1.2877E-02 -9.6552E-04  1.2745E-02
 -1.4518E-02 -3.7495E-03  1.5523E-02
 -1.8296E-02 -2.6683E-03  1.7325E-02
 -1.9213E-02 -2.4156E-03  1.7768E-02
 -2.1443E-02  9.6141E-05  1.7682E-02
 -1.7760E-02 -4.7608E-03  1.8259E-02
 -9.3392E-03 -1.9861E-03  1.1062E-02
 -8.5833E-03 -8.8529E-04  9.8939E-03
 -7.1737E-03 -4.0121E-03  1.0892E-02
 -3.6635E-03 -5.1926E-03  9.3264E-03
 -1.9671E-03 -8.1942E-03  1.0061E-02
  9.9194E-04 -1.0848E-02  9.7582E-03
  4.0065E-03 -9.5873E-03  7.0181E-03
  1.6699E-03 -1.3862E-02  1.1165E-02
 -2.1575E-03 -2.3121E-03  6.5767E-03
  8.6129E-06 -1.9367E-03  4.9331E-03
 -3.3596E-03 -2.1211E-04  6.0727E-03
 -2.1170E-03  2.6501E-03  3.5061E-03
 -3.5269E-03  4.6245E-03  3.2148E-03
 -3.1854E-03  2.3086E-03  4.4126E-03
 -1.7115E-03  7.2476E-03  4.2113E-04
 -2.8952E-03  5.0886E-03  2.5179E-03
 -7.3579E-04  6.2092E-03  4.2155E-04
 -5.9338E-03  5.9568E-03  3.9678E-03
 -6.7979E-03  8.3211E-03  3.0811E-03
 -1.0602E-02  9.5494E-03  4.8094E-03
 -1.1264E-02  1.0205E-02  4.8396E-03
 -1.2158E-02  1.2958E-02  3.7336E-03
 -1.2036E-02  1.2903E-02  3.6883E-03
 -4.8115E-03  6.9112E-03  2.6501E-03
 -3.9659E-03  8.7977E-03  9.4106E-04
 -3.9977E-03  3.5837E-03  4.1605E-03
 -2.0386E-03  1.7779E-03  3.9900E-03
 -2.0578E-03 -1.8284E-03  6.2150E-03
  1.5318E-03  2.0211E-03  1.5113E-03
  3.0099E-03  2.3548E-03  3.4227E-04
  2.9006E-03  1.8626E-03  7.1553E-04
  6.2348E-03  2.1365E-03 -1.6279E-03
  7.5215E-03  1.1921E-03 -1.8881E-03
  7.8577E-03 -2.2776E-03  2.1108E-05
  9.7682E-03 -5.0801E-03  4.9388E-04
  9.6364E-03 -2.3878E-03 -1.0718E-03
  6.3168E-03  5.6795E-03 -3.8549E-03
  8.7913E-03  6.1765E-03 -5.7743E-03
  3.6263E-03  8.1394E-03 -3.6086E-03
  3.4144E-03  1.1697E-02 -5.6528E-03
  3.7758E-04  1.4180E-02 -5.1949E-03
  6.0143E-04  1.3711E-02 -5.0532E-03
  1.2018E-04  1.7821E-02 -7.2602E-03
  3.1022E-03  1.2492E-02 -5.9366E-03
  4.4286E-03  1.4490E-02 -8.0280E-03
  1.3567E-03  1.0942E-02 -3.8469E-03
  9.3957E-04  1.1577E-02 -3.9645E-03
 -1.8300E-03  1.0249E-02 -1.3429E-03
 -3.5591E-03  1.2067E-02 -1.3302E-03
 -6.9327E-03  1.1468E-02  1.2388E-03
 -6.7618E-03  7.6982E-03  3.4397E-03
 -1.0077E-02  6.9877E-03  6.0389E-03
  4.2154E-03  9.9399E-03 -5.0976E-03
  5.2125E-03  1.1403E-02 -6.6454E-03
  5.9026E-03  6.9332E-03 -4.3539E-03
  9.1116E-03  5.0908E-03 -5.3173E-03
  1.0278E-02  1.6918E-03 -3.9930E-03
  1.3860E-02 -3.2797E-04 -5.0910E-03
  1.4949E-02 -3.6402E-03 -3.7694E-03
  1.7504E-02 -4.2466E-03 -5.0647E-03
  1.3269E-02 -5.6659E-03 -1.4308E-03
  1.1500E-02  7.1855E-03 -8.1604E-03
  1.2936E-02  8.2072E-03 -9.7242E-03
  3.6677E-03  1.2562E-02 -6.9239E-03
  3.4028E-03  1.1902E-02 -7.5927E-03
  3.9473E-03  1.1047E-02 -7.4411E-03
  3.7037E-03  1.0315E-02 -8.1252E-03
  3.4428E-03  1.0014E-02 -8.5903E-03
  3.1555E-03  9.3689E-03 -9.2763E-03
  2.5759E-03  9.5488E-03 -9.8412E-03
  2.3599E-03  8.9159E-03 -1.0439E-02
  2.2048E-03  1.0360E-02 -9.8184E-03
  2.8995E-03  1.2131E-02 -8.0428E-03
  2.3567E-03  1.2115E-02 -8.6738E-03
  3.0703E-03  1.2338E-02 -7.7328E-03
  2.6122E-03  1.2519E-02 -8.1580E-03
  2.9417E-03  1.2522E-02 -7.7784E-03
  3.5301E-03  1.1675E-02 -7.5723E-03
  3.1440E-03  1.3310E-02 -7.1110E-03
  3.4903E-03  1.3337E-02 -6.6993E-03
  2.0230E-03  1.3340E-02 -8.3792E-03
  1.6185E-03  1.3610E-02 -8.6938E-03
  2.0005E-03  1.3762E-02 -8.1719E-03
  1.4506E-03  1.4543E-02 -8.3704E-03
  1.6760E-03  1.5136E-02 -7.7843E-03
  9.4850E-04  1.4265E-02 -9.0999E-03
  3.9998E-04  1.4799E-02 -9.4335E-03
  1.1454E-03  1.3437E-02 -9.3318E-03
  7.0572E-04  1.3097E-02 -1.0024E-02
  1.0759E-03  1.2207E-02 -1.0091E-02
  1.5311E-03  1.2260E-02 -9.5402E-03
  1.9137E-03  1.1388E-02 -9.5836E-03
  1.7261E-03  1.0726E-02 -1.0164E-02
  2.3733E-03  1.1313E-02 -9.0982E-03
  1.9537E-04  1.3093E-02 -1.0611E-02
  3.2317E-04  1.3021E-02 -1.0504E-02
 -3.9060E-04  1.3208E-02 -1.1219E-02
 -9.4887E-04  1.3279E-02 -1.1820E-02
 -1.5719E-03  1.3609E-02 -1.2351E-02
 -1.6779E-03  1.4487E-02 -1.1988E-02
 -1.6807E-03  1.4430E-02 -1.2022E-02
 -2.1834E-03  1.4901E-02 -1.2338E-02
 -1.1834E-03  1.3926E-02 -1.1731E-02
 -9.0200E-04  1.2474E-02 -1.2211E-02
 -1.2459E-03  1.2534E-02 -1.2572E-02
 -4.7278E-04  1.1723E-02 -1.2134E-02
 -3.6532E-04  1.0904E-02 -1.2463E-02
 -3.5963E-05  1.0111E-02 -1.2524E-02
  6.6980E-04  9.9553E-03 -1.1801E-02
  1.0171E-03  9.2172E-03 -1.1811E-02
  8.8284E-04  1.0548E-02 -1.1229E-02
  2.0622E-06  1.0852E-02 -1.2071E-02
  1.5402E-05  1.0302E-02 -1.2360E-02
  2.7428E-04  1.1449E-02 -1.1429E-02
  6.1804E-04  1.1504E-02 -1.1005E-02
  1.2419E-03  1.1665E-02 -1.0200E-02
  1.8194E-03  1.0833E-02 -9.9986E-03
  1.7440E-04  1.2256E-02 -1.1098E-02
  4.0059E-04  1.2622E-02 -1.0636E-02
 -4.6025E-04  1.2503E-02 -1.1688E-02
 -9.3197E-04  1.3225E-02 -1.1830E-02
 -1.5933E-03  1.3500E-02 -1.2436E-02
 -2.1397E-03  1.4274E-02 -1.2634E-02
 -2.7552E-03  1.4565E-02 -1.3179E-02
 -2.8454E-03  1.5364E-02 -1.2841E-02
 -2.5022E-03  1.5411E-02 -1.2421E-02
 -2.6234E-03  1.6171E-02 -1.2140E-02
 -2.0442E-03  1.4701E-02 -1.2289E-02
 -9.8208E-04  1.2996E-02 -1.2014E-02
 -1.1946E-03  1.3579E-02 -1.1936E-02
 -7.6672E-04  1.2151E-02 -1.2234E-02
 -7.9017E-04  1.1852E-02 -1.2427E-02
 -1.0260E-03  1.1089E-02 -1.3118E-02
 -1.7225E-03  1.1334E-02 -1.3781E-02
 -1.8035E-03  1.0974E-02 -1.4073E-02
 -2.1827E-03  1.1827E-02 -1.4037E-02
 -1.3225E-04  1.1578E-02 -1.1824E-02
 -7.6534E-05  1.1395E-02 -1.1861E-02
  3.6861E-04  1.1538E-02 -1.1272E-02
  1.0195E-03  1.1290E-02 -1.0663E-02
  1.4498E-03  1.0609E-02 -1.0546E-02
  1.2813E-03  1.0562E-02 -1.0765E-02
 -2.4020E-03  1.3212E-02 -8.4822E-03
 -3.1631E-03  1.3638E-02 -8.5917E-03
 -3.2465E-03  1.4335E-02 -9.5713E-03
 -2.2809E-03  1.4345E-02 -1.0251E-02
 -1.8088E-03  1.4475E-02 -1.0771E-02
 -9.5400E-04  1.4516E-02 -1.1419E-02
 -5.4817E-04  1.4423E-02 -1.1561E-02
 -1.0061E-03  1.4291E-02 -1.1049E-02
 -1.8684E-03  1.4252E-02 -1.0397E-02
 -2.9895E-03  1.3347E-02 -8.2780E-03
 -2.1766E-03  1.2904E-02 -8.1786E-03
 -3.7657E-03  1.3584E-02 -8.0965E-03
 -3.7228E-03  1.3365E-02 -7.8004E-03
 -4.4554E-03  1.3104E-02 -6.9066E-03
 -4.5952E-03  1.2892E-02 -6.4943E-03
 -5.3729E-03  1.2670E-02 -5.6295E-03
 -3.6496E-03  1.2328E-02 -6.3066E-03
 -3.9858E-03  1.3968E-02 -8.5157E-03
 -4.8147E-03  1.4426E-02 -8.6277E-03
 -3.2419E-03  1.3976E-02 -9.0398E-03
 -3.3376E-03  1.4505E-02 -9.7622E-03
 -2.3994E-03  1.4570E-02 -1.0504E-02
 -2.3545E-03  1.5164E-02 -1.1421E-02
 -1.3979E-03  1.5124E-02 -1.2018E-02
 -3.2203E-03  1.5812E-02 -1.1789E-02
 -3.5119E-03  1.4298E-02 -9.3335E-03
 -2.9003E-03  1.3796E-02 -9.0082E-03
 -4.3752E-03  1.4684E-02 -9.3137E-03
 -4.6871E-03  1.4541E-02 -8.8859E-03
 -5.7719E-03  1.4719E-02 -8.4050E-03
 -6.2751E-03  1.4722E-02 -8.0617E-03
 -6.8785E-03  1.5266E-02 -8.4570E-03
 -6.1065E-03  1.4185E-02 -7.3790E-03
 -4.5322E-03  1.4921E-02 -9.5584E-03
 -4.9998E-03  1.5525E-02 -1.0136E-02
 -3.8568E-03  1.4570E-02 -9.5017E-03
 -3.6757E-03  1.4891E-02 -1.0104E-02
 -3.2209E-03  1.5349E-02 -1.1099E-02
 -3.4450E-03  1.5832E-02 -1.1664E-02
 -2.6309E-03  1.5230E-02 -1.1328E-02
 -2.1344E-03  1.5623E-02 -1.2255E-02
 -2.7404E-03  1.6238E-02 -1.2753E-02
 -2.2332E-03  1.6658E-02 -1.3727E-02
 -1.6381E-03  1.6559E-02 -1.3990E-02
 -1.0900E-03  1.6894E-02 -1.4866E-02
 -1.1318E-03  1.7327E-02 -1.5482E-02
 -1.7214E-03  1.7437E-02 -1.5240E-02
 -2.2721E-03  1.7105E-02 -1.4366E-02
 -1.2327E-03  1.5177E-02 -1.2212E-02
 -1.3012E-03  1.4890E-02 -1.1737E-02
 -3.8573E-04  1.5155E-02 -1.2762E-02
  5.1045E-04  1.4761E-02 -1.2793E-02
  1.2763E-03  1.4660E-02 -1.3171E-02
  8.9488E-04  1.5309E-02 -1.3873E-02
 -1.8204E-04  1.5511E-02 -1.3432E-02
 -3.5315E-04  1.5391E-02 -1.3136E-02
 -4.1898E-04  1.4901E-02 -1.2362E-02
 -4.5461E-04  1.5859E-02 -1.3763E-02
 -5.7045E-04  1.5800E-02 -1.3595E-02
 -1.4634E-03  1.6403E-02 -1.3878E-02
 -2.3884E-03  1.6417E-02 -1.3262E-02
 -3.2392E-03  1.7051E-02 -1.3619E-02
 -3.8417E-03  1.7351E-02 -1.3651E-02
 -3.9380E-03  1.7900E-02 -1.4403E-02
 -4.5014E-03  1.8133E-02 -1.4362E-02
 -3.4978E-03  1.8228E-02 -1.5194E-02
  3.2493E-04  1.5719E-02 -1.4091E-02
  3.9211E-04  1.5588E-02 -1.3943E-02
  1.0190E-03  1.5790E-02 -1.4675E-02
  1.8824E-03  1.5738E-02 -1.5192E-02
  1.7063E-03  1.6425E-02 -1.6094E-02
  7.9010E-04  1.6771E-02 -1.5978E-02
  1.5919E-03  1.6814E-02 -1.6593E-02
  2.7535E-03  1.5468E-02 -1.5390E-02
  2.6077E-03  1.5499E-02 -1.5336E-02
  3.6503E-03  1.5214E-02 -1.5629E-02
  4.5637E-03  1.4952E-02 -1.5869E-02
  5.5083E-03  1.4662E-02 -1.6088E-02
  6.4082E-03  1.4575E-02 -1.6578E-02
  5.6862E-03  1.4002E-02 -1.5227E-02
  6.4368E-03  1.3753E-02 -1.5373E-02
  4.5516E-03  1.5497E-02 -1.6672E-02
  4.9241E-03  1.5366E-02 -1.6732E-02
  3.6790E-03  1.5415E-02 -1.5530E-02
  3.4318E-03  1.5917E-02 -1.5991E-02
  3.6328E-03  1.7006E-02 -1.7669E-02
  2.8491E-03  1.7524E-02 -1.7654E-02
  3.5811E-03  1.6342E-02 -1.6711E-02
  2.5107E-03  1.6530E-02 -1.5979E-02
  2.8557E-03  1.6671E-02 -1.6491E-02
  1.1985E-03  1.6564E-02 -1.4813E-02
  9.9732E-05  1.6703E-02 -1.3988E-02
 -1.4329E-03  1.7001E-02 -1.2981E-02
 -2.4784E-03  1.8372E-02 -1.3893E-02
 -3.8131E-03  1.8644E-02 -1.3033E-02
 -3.7897E-03  1.7650E-02 -1.1692E-02
 -4.8232E-03  1.9739E-02 -1.3600E-02
  7.8060E-04  1.5513E-02 -1.2986E-02
  6.0187E-04  1.5586E-02 -1.2920E-02
  1.6028E-03  1.4413E-02 -1.2239E-02
  2.3274E-03  1.3200E-02 -1.1245E-02
  2.9312E-03  1.2135E-02 -1.0343E-02
  3.6717E-03  1.2962E-02 -1.2162E-02
  3.8799E-03  1.2477E-02 -1.1688E-02
  4.6045E-03  1.3291E-02 -1.3475E-02
  5.9395E-03  1.3096E-02 -1.4440E-02
  6.9411E-03  1.3365E-02 -1.5735E-02
  8.6521E-03  1.2576E-02 -1.6235E-02
  9.2102E-03  1.3091E-02 -1.7457E-02
  9.4219E-03  1.1428E-02 -1.5372E-02
  5.4095E-03  1.3913E-02 -1.5071E-02
  6.1514E-03  1.3489E-02 -1.5176E-02
  4.1077E-03  1.5073E-02 -1.5458E-02
  3.4492E-03  1.5958E-02 -1.6062E-02
  2.1395E-03  1.7261E-02 -1.6638E-02
  2.8472E-03  1.5479E-02 -1.4850E-02
  3.0091E-03  1.5630E-02 -1.5206E-02
  2.1411E-03  1.4907E-02 -1.3413E-02
  1.5893E-03  1.4392E-02 -1.2197E-02
  8.0612E-04  1.3786E-02 -1.0643E-02
 -9.0097E-04  1.4726E-02 -1.0354E-02
 -1.5754E-03  1.3945E-02 -8.6589E-03
 -2.1405E-03  1.3305E-02 -7.2595E-03
  2.9856E-03  1.3390E-02 -1.2114E-02
  2.8674E-03  1.3293E-02 -1.1872E-02
  4.3110E-03  1.2632E-02 -1.2299E-02
  5.6935E-03  1.1621E-02 -1.2191E-02
  7.0170E-03  1.0737E-02 -1.2203E-02
  8.3849E-03  9.5671E-03 -1.1863E-02
  9.4884E-03  8.4779E-03 -1.1390E-02
  1.0616E-02  8.6989E-03 -1.2736E-02
  1.1964E-02  7.4667E-03 -1.2291E-02
  6.3040E-03  1.2159E-02 -1.3493E-02
  6.7239E-03  1.1690E-02 -1.3238E-02
  6.3268E-03  1.3151E-02 -1.4873E-02
  6.8938E-03  1.3791E-02 -1.6276E-02
  6.9972E-03  1.4749E-02 -1.7684E-02
  8.1107E-03  1.4170E-02 -1.7919E-02
  9.8394E-03  1.3536E-02 -1.8648E-02
  1.0746E-02  1.2347E-02 -1.7855E-02
  1.0290E-02  1.4238E-02 -2.0027E-02
  5.8889E-03  1.4436E-02 -1.6231E-02
  6.4812E-03  1.4553E-02 -1.6939E-02
  4.3599E-03  1.4887E-02 -1.5436E-02
  3.2942E-03  1.5482E-02 -1.5266E-02
  1.6055E-03  1.6402E-02 -1.4967E-02
  3.3729E-03  1.4493E-02 -1.3983E-02
  2.5240E-03  1.4840E-02 -1.3675E-02
  4.3641E-03  1.3270E-02 -1.3224E-02
  4.5674E-03  1.2236E-02 -1.1994E-02
  3.4022E-03  1.1857E-02 -1.0397E-02
  3.3334E-03  1.1124E-02 -9.3286E-03
  5.3957E-03  1.5587E-02 -1.4961E-02
  4.1514E-03  1.4573E-02 -1.4118E-02
  3.1533E-03  1.4814E-02 -1.4269E-02
  1.8450E-03  1.3771E-02 -1.3401E-02
  2.2915E-03  1.6178E-02 -1.5306E-02
  1.4867E-03  1.6596E-02 -1.5604E-02
  4.9784E-03  1.3194E-02 -1.3068E-02
  5.4602E-03  1.2728E-02 -1.2721E-02
  5.1957E-03  1.2554E-02 -1.2574E-02
  5.9749E-03  1.1243E-02 -1.1576E-02
  6.8983E-03  1.0987E-02 -1.1410E-02
  5.7258E-03  1.1006E-02 -1.1380E-02
  5.6061E-03  9.8858E-03 -1.0497E-02
  4.8960E-03  1.2013E-02 -1.2138E-02
  4.6212E-03  1.0225E-02 -1.0725E-02
  3.1396E-03  1.0553E-02 -1.0926E-02
  5.1278E-03  9.0064E-03 -9.7884E-03
  3.9498E-03  7.9270E-03 -8.8967E-03
  3.5528E-03  7.6186E-03 -8.6396E-03
  5.1081E-03  7.2246E-03 -8.3899E-03
  2.6846E-03  8.7803E-03 -9.5178E-03
  4.6673E-03  6.6880E-03 -7.9521E-03
  6.1272E-03  6.3742E-03 -7.7617E-03
  3.6359E-03  5.9614E-03 -7.3427E-03
  4.2716E-03  4.7676E-03 -6.4305E-03
  3.0281E-03  4.2977E-03 -6.0144E-03
  2.6606E-03  5.3111E-03 -6.7954E-03
  1.2826E-03  5.9161E-03 -7.2174E-03
  3.7818E-03  5.5266E-03 -7.0072E-03
  4.5741E-03  3.6724E-03 -5.5829E-03
  5.7273E-03  2.8764E-03 -5.0025E-03
  3.4712E-03  3.5681E-03 -5.4590E-03
  3.6140E-03  2.5080E-03 -4.6329E-03
  2.3693E-03  1.4434E-03 -3.7502E-03
  2.6394E-03  7.6894E-04 -3.2314E-03
  3.6591E-03 -3.6596E-04 -2.3800E-03
  3.9002E-03 -9.9886E-04 -1.8927E-03
  3.1000E-03 -4.7158E-04 -2.2758E-03
  3.2931E-03 -1.0374E-03 -1.8393E-03
  2.0908E-03  6.5005E-04 -3.1172E-03
  1.8645E-03  1.2617E-03 -3.5884E-03
  3.3258E-03  2.8919E-03 -4.9230E-03
  2.2187E-03  3.6709E-03 -5.4919E-03
  4.2395E-03  2.1998E-03 -4.4150E-03
  4.1356E-03  2.3797E-03 -4.5521E-03
  5.7481E-03  2.9277E-03 -5.0435E-03
  6.1098E-03  4.2507E-03 -6.0952E-03
  5.5878E-03  3.0510E-03 -5.1342E-03
  3.9541E-03  9.7108E-04 -3.4401E-03
  5.0918E-03  1.2566E-04 -2.8204E-03
  2.4599E-03  7.0161E-04 -3.1717E-03
  2.0785E-03 -6.1062E-04 -2.1278E-03
  4.1638E-04 -1.0350E-03 -1.7314E-03
  1.7603E-04 -8.4776E-04 -1.8691E-03
  1.3998E-03 -1.7169E-03 -1.2340E-03
 -1.6140E-03 -1.1893E-03 -1.5329E-03
  1.9411E-03 -6.0209E-04 -2.1292E-03
  1.1720E-03  2.8694E-04 -2.7973E-03
  2.7525E-03 -1.5627E-03 -1.4066E-03
  2.6676E-03 -1.6570E-03 -1.3294E-03
  4.4090E-03 -1.8352E-03 -1.2560E-03
  4.3459E-03 -1.7649E-03 -1.3088E-03
  5.9225E-03 -2.2717E-03 -9.7141E-04
  5.8715E-03 -2.3831E-03 -8.8207E-04
  7.1855E-03 -2.5672E-03 -7.8781E-04
  1.6592E-03 -2.8667E-03 -3.4192E-04
  2.1618E-03 -3.9554E-03  4.9293E-04
  2.1144E-04 -2.6633E-03 -4.4628E-04
 -8.7816E-04 -3.7298E-03  4.3198E-04
 -2.6529E-03 -3.1807E-03  6.8934E-05
 -3.9599E-03 -4.1923E-03  9.1238E-04
 -4.7557E-03 -4.7191E-03  1.3560E-03
 -6.1190E-03 -5.5656E-03  2.0721E-03
 -6.6751E-03 -5.8850E-03  2.3439E-03
 -5.8679E-03 -5.3666E-03  1.9064E-03
 -4.5197E-03 -4.5291E-03  1.1980E-03
 -2.7073E-04 -4.2745E-03  8.3610E-04
 -5.6986E-04 -3.6898E-03  3.8882E-04
  5.4109E-04 -5.4306E-03  1.7120E-03
  1.2798E-03 -6.0231E-03  2.1486E-03
  2.9641E-03 -6.6422E-03  2.5700E-03
  3.9845E-03 -7.0845E-03  2.8780E-03
  4.5579E-03 -8.2440E-03  3.7658E-03
  4.2130E-03 -6.2768E-03  2.2357E-03
  2.9131E-04 -7.0378E-03  2.9824E-03
 -1.5308E-04 -8.0626E-03  3.8033E-03
 -3.7905E-03 -4.9139E-03  7.2029E-04
 -4.5118E-03 -5.2840E-03  1.3430E-03
 -5.7572E-03 -4.9935E-03  1.2669E-03
 -6.1207E-03 -5.0859E-03  1.4641E-03
 -6.4109E-03 -5.3863E-03  1.9023E-03
 -4.2007E-03 -5.1585E-03  1.1167E-03
 -4.3020E-03 -4.5420E-03  3.7613E-04
 -3.7897E-03 -5.7398E-03  1.7431E-03
 -3.6693E-03 -6.4764E-03  2.6282E-03
 -2.8923E-03 -6.9049E-03  2.9820E-03
 -3.2928E-03 -6.5487E-03  2.6320E-03
 -3.4297E-03 -5.7533E-03  1.6778E-03
 -4.2560E-03 -5.3040E-03  1.3095E-03
 -5.2457E-03 -5.3720E-03  1.6192E-03
 -3.8260E-03 -4.8664E-03  6.6958E-04
 -4.5164E-03 -4.3911E-03  2.3796E-04
 -3.8004E-03 -4.0688E-03 -3.2426E-04
 -3.2518E-03 -3.4756E-03 -1.1841E-03
 -2.6594E-03 -3.1806E-03 -1.6844E-03
 -3.4235E-03 -3.2986E-03 -1.3642E-03
 -5.3607E-03 -4.7370E-03  8.5884E-04
 -6.3268E-03 -4.4250E-03  6.9237E-04
 -4.9912E-03 -5.3732E-03  1.5627E-03
 -5.7419E-03 -5.7473E-03  2.1972E-03
 -5.1269E-03 -6.4549E-03  2.9335E-03
 -4.4527E-03 -6.3674E-03  2.6717E-03
 -5.1124E-03 -5.8758E-03  2.2129E-03
 -4.7115E-03 -5.3382E-03  1.4556E-03
 -6.0212E-03 -6.0225E-03  2.6016E-03
 -6.7041E-03 -5.8941E-03  2.5981E-03
 -7.6390E-03 -5.8254E-03  2.7261E-03
 -6.4772E-03 -6.0884E-03  2.7872E-03
 -7.3563E-03 -6.2422E-03  3.1779E-03
 -6.8784E-03 -6.6268E-03  3.5455E-03
 -6.4951E-03 -7.4383E-03  4.4635E-03
 -6.3489E-03 -7.7909E-03  4.8669E-03
 -5.4212E-03 -7.6130E-03  4.4352E-03
 -8.1715E-03 -5.5630E-03  2.5222E-03
 -9.1812E-03 -5.5682E-03  2.7587E-03
 -7.7384E-03 -4.9675E-03  1.6859E-03
 -8.4536E-03 -4.2710E-03  9.8608E-04
 -7.7708E-03 -3.6623E-03  7.6585E-05
 -8.5273E-03 -2.9316E-03 -6.5627E-04
 -7.2202E-03 -3.7664E-03  8.0054E-05
 -6.4173E-03 -3.2485E-03 -7.4438E-04
 -9.1531E-03 -4.0511E-03  8.7300E-04
 -1.0151E-02 -3.7897E-03  7.7662E-04
 -8.6148E-03 -4.1305E-03  8.4871E-04
 -9.1725E-03 -3.9485E-03  7.5028E-04
 -8.3918E-03 -4.1656E-03  8.4147E-04
 -7.3838E-03 -3.8100E-03  1.7131E-04
 -9.0132E-03 -3.9585E-03  7.2642E-04
 -1.0149E-02 -4.3529E-03  1.4736E-03
 -1.1069E-02 -4.0330E-03  1.2869E-03
 -9.9439E-03 -5.0495E-03  2.2899E-03
 -1.0788E-02 -5.5166E-03  3.0608E-03
 -1.0259E-02 -6.3010E-03  3.9119E-03
 -9.3855E-03 -6.6060E-03  4.0909E-03
 -8.7274E-03 -7.1758E-03  4.6467E-03
 -9.3447E-03 -6.2818E-03  3.6799E-03
 -1.1721E-02 -5.2953E-03  2.9992E-03
 -1.2698E-02 -5.3454E-03  3.2839E-03
 -1.1417E-02 -5.0673E-03  2.6475E-03
 -1.2226E-02 -4.8374E-03  2.5470E-03
 -1.1648E-02 -4.7378E-03  2.2919E-03
 -1.1032E-02 -5.4386E-03  3.0196E-03
 -1.0334E-02 -5.3270E-03  2.7226E-03
 -9.7541E-03 -6.0149E-03  3.4425E-03
 -9.1905E-03 -6.0892E-03  3.4061E-03
 -8.6920E-03 -6.7344E-03  4.0919E-03
 -9.1148E-03 -5.5166E-03  2.6796E-03
 -1.2986E-02 -4.1474E-03  1.8653E-03
 -1.3896E-02 -3.9930E-03  1.8814E-03
 -1.2654E-02 -3.7543E-03  1.3028E-03
 -1.3335E-02 -3.0732E-03  6.1427E-04
 -1.2685E-02 -2.4450E-03 -3.1187E-04
 -1.3316E-02 -1.7449E-03 -1.0354E-03
 -1.2489E-02 -2.3564E-03 -4.6627E-04
 -1.1514E-02 -1.9844E-03 -1.1492E-03
 -1.3872E-02 -3.0023E-03  6.4882E-04
 -1.4878E-02 -2.7951E-03  6.2133E-04
 -1.2197E-02 -3.1525E-03 -1.6430E-03
 -1.0650E-02 -2.9456E-03 -1.8793E-03
 -1.1077E-02 -2.8914E-03 -2.5524E-03
 -1.1523E-02 -2.6532E-03 -4.4621E-03
 -1.2521E-02 -3.2087E-03 -1.5084E-03
 -9.2904E-03 -2.6258E-03 -3.0019E-03
 -7.7230E-03 -2.5091E-03 -2.6236E-03
 -9.9039E-03 -2.5000E-03 -4.2882E-03
 -8.7273E-03 -2.1941E-03 -5.4537E-03
 -7.9653E-03 -2.2035E-03 -4.8304E-03
 -7.8080E-03 -2.0316E-03 -5.8559E-03
 -7.5134E-03 -2.4031E-03 -3.1735E-03
 -6.7717E-03 -2.4150E-03 -2.5492E-03
 -8.0553E-03 -2.7210E-03 -1.4616E-03
 -8.2968E-03 -3.0279E-03  3.9824E-04
 -9.4533E-03 -3.2931E-03  1.3078E-03
 -9.8973E-03 -3.6022E-03  3.0329E-03
 -1.1513E-02 -3.8657E-03  3.5939E-03
 -1.1798E-02 -4.1363E-03  5.1806E-03
 -1.2847E-02 -3.8613E-03  2.5835E-03
 -5.0350E-03 -2.3590E-03 -1.6432E-03
 -4.7889E-03 -2.4908E-03 -5.8781E-04
 -3.8169E-03 -2.1416E-03 -2.1905E-03
 -2.0195E-03 -2.0386E-03 -1.5526E-03
 -7.6503E-04 -1.6703E-03 -3.0745E-03
 -1.1637E-03 -1.4861E-03 -4.5909E-03
 -7.5616E-04 -1.4978E-03 -4.2133E-03
 -9.6740E-04 -1.2859E-03 -5.7754E-03
 -2.3158E-03 -1.3863E-03 -6.1006E-03
 -2.3973E-03 -1.1747E-03 -7.5649E-03
 -3.5683E-03 -1.6982E-03 -4.9515E-03
 -1.8297E-03 -2.1829E-03 -4.5505E-04
 -2.4953E-03 -2.1837E-03 -9.3950E-04
 -8.5062E-04 -2.2884E-03  9.6539E-04
 -6.1528E-04 -2.4403E-03  2.1464E-03
 -1.6040E-03 -2.8080E-03  3.8605E-03
 -7.3273E-04 -2.8677E-03  4.8971E-03
 -3.4943E-03 -2.9593E-03  3.4746E-03
  1.2867E-03 -2.2993E-03  2.6097E-03
  2.3635E-03 -2.1903E-03  2.6778E-03
  1.7262E-03 -2.2887E-03  2.8624E-03
  3.4911E-03 -2.1762E-03  3.4136E-03
  4.1017E-03 -2.0191E-03  2.8199E-03
  5.9065E-03 -1.9123E-03  3.4382E-03
  6.5904E-03 -1.9455E-03  4.1615E-03
  8.2825E-03 -1.8266E-03  4.6168E-03
  8.6304E-03 -1.7222E-03  4.1796E-03
  7.2204E-03 -1.7698E-03  3.4584E-03
  3.4618E-03 -2.4755E-03  5.3788E-03
  2.8926E-03 -2.6622E-03  6.1995E-03
  4.0836E-03 -2.5175E-03  6.1150E-03
  4.1033E-03 -2.7968E-03  7.9831E-03
  5.1898E-03 -2.7505E-03  8.4748E-03
  4.5779E-03 -2.9154E-03  9.1194E-03
  3.4672E-03 -3.1814E-03  1.0068E-02
  6.2093E-03 -2.7220E-03  9.0358E-03
  7.7694E-03 -2.4346E-03  8.2752E-03
  9.1151E-03 -2.4969E-03  9.6784E-03
  8.7144E-03 -2.6163E-03  1.0177E-02
  6.7110E-03 -2.8275E-03  1.0105E-02
  6.1091E-03 -2.7926E-03  9.4303E-03
  7.1779E-03 -2.6252E-03  9.1051E-03
  4.4046E-03 -2.9543E-03  9.2505E-03
  3.6390E-03 -2.9467E-03  8.6365E-03
  4.2726E-03 -2.6042E-03  6.8293E-03
  3.6172E-03 -2.4866E-03  5.5664E-03
  1.6743E-03 -3.1547E-03  8.5725E-03
  6.8633E-04 -3.2987E-03  8.8023E-03
  1.1356E-03 -3.1564E-03  8.1879E-03
 -6.8991E-04 -3.3442E-03  8.0918E-03
 -1.5063E-03 -3.1679E-03  6.3214E-03
 -3.0370E-03 -3.3004E-03  6.0751E-03
 -1.1498E-05 -3.0561E-03  6.0719E-03
 -6.9602E-04 -2.9542E-03  4.3286E-03
  7.0348E-04 -2.4483E-03  3.2836E-03
  6.5000E-04 -2.4748E-03  3.3694E-03
  2.1147E-03 -2.2956E-03  4.5357E-03
  3.8255E-03 -1.7891E-03  3.9800E-03
  5.3024E-03 -1.5583E-03  4.8318E-03
  6.7970E-03 -1.1007E-03  4.2494E-03
  5.2902E-03 -1.7854E-03  6.2777E-03
 -1.4485E-03 -2.9797E-03  3.3003E-03
 -6.8132E-04 -2.7943E-03  3.3206E-03
 -2.9324E-03 -3.2027E-03  2.3867E-03
 -3.8201E-03 -3.2686E-03  1.4049E-03
 -5.5286E-03 -3.8292E-03  2.3129E-03
 -6.2171E-03 -3.8825E-03  1.5657E-03
 -6.8890E-03 -4.1340E-03  2.1225E-03
 -4.2025E-03 -3.0613E-03 -5.3959E-04
 -4.8016E-03 -3.1353E-03 -1.0119E-03
 -3.8692E-03 -2.8072E-03 -1.6504E-03
 -4.1276E-03 -2.5767E-03 -3.5475E-03
 -2.3857E-03 -2.0101E-03 -4.4416E-03
 -1.0484E-03 -1.7893E-03 -3.7462E-03
  2.0204E-05 -1.7526E-03 -2.2889E-03
  1.1673E-03 -1.5862E-03 -1.5438E-03
  1.2512E-03 -1.4535E-03 -2.2667E-03
  2.3699E-03 -1.2973E-03 -1.5014E-03
  2.0620E-04 -1.4835E-03 -3.7298E-03
 -9.3031E-04 -1.6495E-03 -4.4611E-03
 -5.2947E-03 -2.7655E-03 -4.1798E-03
 -5.6442E-03 -3.0056E-03 -3.1845E-03
 -5.9505E-03 -2.6735E-03 -5.8131E-03
 -7.0086E-03 -2.7980E-03 -6.6868E-03
 -8.9579E-03 -3.2921E-03 -6.5896E-03
 -1.0029E-02 -3.4511E-03 -7.2608E-03
 -1.0729E-02 -3.7569E-03 -6.3982E-03
 -1.1494E-02 -3.7497E-03 -7.6578E-03
 -1.1274E-02 -3.4518E-03 -9.2306E-03
 -1.0395E-02 -3.2676E-03 -9.0264E-03
 -6.4985E-03 -2.3725E-03 -8.6239E-03
 -6.9353E-03 -2.3157E-03 -9.6830E-03
 -5.6201E-03 -2.0877E-03 -9.0690E-03
 -5.0042E-03 -1.6628E-03 -1.0834E-02
 -4.7566E-03 -1.5485E-03 -1.1179E-02
 -6.4256E-03 -2.0027E-03 -1.0895E-02
 -3.2894E-03 -1.3734E-03 -9.9826E-03
 -6.1415E-03 -1.7128E-03 -1.2314E-02
 -5.4865E-03 -1.3430E-03 -1.3662E-02
 -7.8420E-03 -2.1665E-03 -1.2083E-02
 -9.0037E-03 -2.2462E-03 -1.3410E-02
 -1.0649E-02 -2.5969E-03 -1.3757E-02
 -1.0406E-02 -2.3832E-03 -1.4751E-02
 -1.0076E-02 -2.4995E-03 -1.3477E-02
 -9.7814E-03 -2.2800E-03 -1.4426E-02
 -9.4098E-03 -2.3871E-03 -1.3145E-02
 -9.5147E-03 -2.4556E-03 -1.2870E-02
 -9.0663E-03 -2.2110E-03 -1.3737E-02
 -1.0353E-02 -2.8943E-03 -1.1368E-02
 -1.1028E-02 -3.1635E-03 -1.0701E-02
 -1.2258E-02 -3.6994E-03 -9.1937E-03
 -1.3495E-02 -3.9461E-03 -9.5629E-03
 -1.3900E-02 -4.2515E-03 -8.2349E-03
 -1.4918E-02 -4.4441E-03 -8.6050E-03
 -1.5542E-02 -4.3319E-03 -1.0319E-02
 -1.5155E-02 -4.0300E-03 -1.1654E-02
 -1.4145E-02 -3.8410E-03 -1.1271E-02
 -9.7872E-03 -2.9290E-03 -1.0247E-02
 -1.0182E-02 -2.9582E-03 -1.0684E-02
 -8.3456E-03 -2.7206E-03 -9.3061E-03
 -7.0613E-03 -2.4763E-03 -8.8463E-03
 -7.4469E-03 -2.8414E-03 -7.1020E-03
 -6.9458E-03 -2.9759E-03 -5.4394E-03
 -5.9005E-03 -2.9019E-03 -4.2599E-03
 -7.4983E-03 -3.1457E-03 -5.2198E-03
 -5.2457E-03 -2.0349E-03 -8.8161E-03
 -4.3806E-03 -2.0368E-03 -7.4324E-03
 -4.6543E-03 -1.6483E-03 -1.0373E-02
 -5.5044E-03 -1.5847E-03 -1.2131E-02
 -3.9875E-03 -1.0259E-03 -1.3332E-02
 -2.8596E-03 -8.8053E-04 -1.2481E-02
 -2.9249E-03 -1.2014E-03 -1.0515E-02
 -1.4844E-03 -9.3540E-04 -9.9469E-03
 -1.7394E-03 -1.0002E-03 -9.9330E-03
 -1.1365E-06 -6.6942E-04 -9.3116E-03
  4.4025E-04 -6.4979E-04 -8.7384E-03
  2.3749E-03 -2.2569E-04 -8.4077E-03
  2.6070E-03 -2.8506E-04 -7.6565E-03
  1.3739E-03 -4.1088E-04 -8.7998E-03
  2.1921E-03  5.3213E-05 -1.0497E-02
  2.0109E-03  2.2131E-04 -1.1869E-02
  3.5116E-03  1.3180E-03 -1.0345E-02
  4.3370E-03  2.0679E-03 -1.1621E-02
  5.4277E-03  2.3760E-03 -1.0706E-02
  4.5352E-03  1.7123E-03 -9.8870E-03
  5.7352E-03  2.0353E-03 -8.8186E-03
  4.9137E-03  1.2921E-03 -7.5611E-03
  6.1048E-03  1.5061E-03 -6.0950E-03
  5.3434E-03  2.8159E-03 -1.2543E-02
  5.2252E-03  3.1782E-03 -1.4149E-02
  6.3700E-03  3.0604E-03 -1.1508E-02
  7.3447E-03  3.7404E-03 -1.2231E-02
  9.0343E-03  4.3157E-03 -1.1186E-02
  9.8188E-03  4.6290E-03 -1.0877E-02
  1.0091E-02  5.1016E-03 -1.2156E-02
  6.3382E-03  3.1622E-03 -1.1957E-02
  6.3378E-03  2.7739E-03 -1.0478E-02
  5.3685E-03  3.0391E-03 -1.3345E-02
  4.3173E-03  2.4865E-03 -1.3253E-02
  3.4224E-03  2.5118E-03 -1.5064E-02
  2.2081E-03  1.9149E-03 -1.5116E-02
  5.7844E-04  9.2917E-04 -1.4483E-02
  1.0405E-04  3.8136E-04 -1.3305E-02
 -2.4686E-04  7.0199E-04 -1.5198E-02
  5.2369E-03  2.7370E-03 -1.2446E-02
  6.5192E-03  3.5190E-03 -1.2969E-02
  4.5839E-03  2.0626E-03 -1.1128E-02
  5.3163E-03  2.1871E-03 -1.0199E-02
  6.5610E-03  2.4161E-03 -8.6877E-03
  7.2027E-03  2.4711E-03 -7.6681E-03
  6.8356E-03  2.5015E-03 -8.4869E-03
  8.0223E-03  2.7421E-03 -7.1302E-03
  9.3589E-03  3.6410E-03 -7.9945E-03
  1.0225E-02  4.3973E-03 -9.2156E-03
  1.1627E-02  4.8426E-03 -8.2274E-03
  1.2735E-02  5.7275E-03 -9.4768E-03
  1.4297E-02  6.2704E-03 -8.5512E-03
  7.2522E-03  2.0644E-03 -6.0240E-03
  6.3017E-03  1.7690E-03 -6.7192E-03
  7.7012E-03  1.8406E-03 -4.3115E-03
  7.0820E-03  1.2103E-03 -3.0964E-03
  7.4163E-03  8.7892E-04 -1.1937E-03
  7.0901E-03  3.6809E-04  1.2736E-04
  8.1960E-03  6.1226E-04  1.3156E-03
  5.7579E-03 -2.6341E-04 -1.8722E-05
  7.8553E-03  1.6546E-03 -3.3076E-03
  9.3445E-03  2.3451E-03 -3.0855E-03
  6.8225E-03  1.2262E-03 -3.6539E-03
  7.3223E-03  1.5556E-03 -3.9514E-03
  5.8266E-03  9.3563E-04 -4.4547E-03
  4.8563E-03  8.8317E-04 -6.1134E-03
  3.4152E-03  2.3580E-04 -6.4078E-03
  5.5415E-03  1.4913E-03 -7.1176E-03
  8.4163E-03  1.7282E-03 -2.5134E-03
  9.3440E-03  2.2920E-03 -2.8841E-03
  8.2911E-03  1.2351E-03 -8.7483E-04
  9.2703E-03  1.3388E-03  6.0558E-04
  8.2701E-03  4.2439E-04  2.1732E-03
  7.3462E-03  8.4847E-06  1.9878E-03
  9.3455E-03  5.0487E-04  3.9264E-03
  1.0916E-02  2.0218E-03  1.1565E-03
  1.2061E-02  2.4348E-03  1.7766E-03
  1.1058E-02  2.1702E-03  8.6225E-04
  1.2583E-02  2.8034E-03  1.3725E-03
  1.2337E-02  2.3411E-03  2.6621E-03
  1.1644E-02  1.5728E-03  4.2609E-03
  1.1236E-02  2.0098E-03  1.8145E-03
  1.3362E-02  3.5973E-03 -1.6016E-04
  1.4800E-02  4.2726E-03  2.1264E-05
  1.2433E-02  3.5296E-03 -1.6812E-03
  1.3080E-02  4.2440E-03 -3.1648E-03
  1.3324E-02  4.2372E-03 -2.6697E-03
  1.4509E-02  4.9300E-03 -3.0405E-03
  1.1819E-02  3.4250E-03 -2.5843E-03
  1.1819E-02  3.1619E-03 -1.6647E-03
  1.1742E-02  2.6030E-03  2.1942E-04
  1.2290E-02  2.4128E-03  1.3889E-03
  1.2356E-02  1.8989E-03  3.2467E-03
  1.2143E-02  1.5379E-03  4.3136E-03
  1.2611E-02  1.8518E-03  3.6457E-03
  1.0280E-02  2.9480E-03 -2.3313E-03
  8.9238E-03  2.7014E-03 -2.7162E-03
  1.0488E-02  3.0435E-03 -2.4738E-03
  9.1049E-03  2.8659E-03 -3.1251E-03
  9.7114E-03  3.0859E-03 -3.3366E-03
  1.0891E-02  3.8040E-03 -4.7631E-03
  1.0027E-02  4.0342E-03 -6.3631E-03
  1.0753E-02  4.4216E-03 -7.0504E-03
  8.6428E-03  3.8350E-03 -6.9392E-03
  7.5405E-03  2.1654E-03 -2.1137E-03
  7.6392E-03  1.7496E-03 -5.6872E-04
  6.0899E-03  2.0469E-03 -3.0330E-03
  4.4696E-03  1.4106E-03 -2.2977E-03
  3.1637E-03  1.4038E-03 -3.4749E-03
  3.5778E-03  1.6606E-03 -3.9922E-03
  3.7496E-03  1.2667E-03 -2.4566E-03
  2.1932E-03  1.6530E-03 -5.2390E-03
  3.9092E-03  1.1837E-03 -2.0194E-03
  4.5843E-03  1.5614E-03 -2.7196E-03
  2.6160E-03  5.6884E-04 -1.0583E-03
  1.9383E-03  2.7145E-04 -6.4148E-04
  2.5577E-03 -8.2221E-05  1.1650E-03
  4.3623E-03  3.7624E-04  1.2212E-03
  2.4883E-03 -4.0146E-04  2.2177E-03
  2.2218E-06 -2.0230E-04 -7.6499E-04
 -8.3275E-04 -2.7445E-04 -1.2805E-03
 -7.1444E-04 -5.0633E-04 -3.6073E-04
 -2.5380E-03 -9.7844E-04 -3.8655E-04
 -3.2269E-03 -8.1145E-04 -1.6041E-03
 -3.8059E-03 -4.8410E-04 -3.2814E-03
 -1.9347E-03 -4.0853E-04 -1.8249E-03
 -2.8794E-03 -1.5748E-03  1.3853E-03
 -1.9052E-03 -1.5472E-03  2.1847E-03
 -4.1619E-03 -2.1018E-03  2.0491E-03
 -4.5939E-03 -2.6998E-03  3.7431E-03
 -5.8171E-03 -3.1967E-03  4.3561E-03
 -5.4994E-03 -3.6389E-03  6.1951E-03
 -6.9855E-03 -4.2148E-03  6.8425E-03
 -7.3944E-03 -4.0491E-03  5.8869E-03
 -6.6104E-03 -3.9113E-03  6.1258E-03
 -7.0988E-03 -3.7695E-03  5.1810E-03
 -5.3295E-03 -3.9048E-03  7.2813E-03
 -5.4203E-03 -2.8979E-03  3.6762E-03
 -6.0952E-03 -2.6939E-03  2.3421E-03
 -5.3378E-03 -3.2829E-03  5.0983E-03
 -6.1015E-03 -3.5030E-03  5.1659E-03
 -5.7022E-03 -3.8944E-03  6.9021E-03
 -6.7086E-03 -4.2492E-03  7.2175E-03
 -6.3818E-03 -3.8039E-03  5.9606E-03
 -4.6780E-03 -3.4683E-03  6.3538E-03
 -4.6443E-03 -3.8961E-03  7.8810E-03
 -8.0141E-03 -3.9021E-03  4.8030E-03
 -8.7982E-03 -3.8483E-03  3.8936E-03
 -8.7262E-03 -4.2908E-03  5.5076E-03
 -1.0529E-02 -4.7082E-03  5.3091E-03
 -1.0933E-02 -5.0958E-03  6.2932E-03
 -1.0339E-02 -5.4693E-03  8.1458E-03
 -9.9656E-03 -5.5862E-03  8.8982E-03
 -1.0251E-02 -5.6469E-03  8.8480E-03
 -1.1113E-02 -4.3364E-03  3.4717E-03
 -1.2468E-02 -4.5290E-03  2.8993E-03
 -1.0069E-02 -3.8003E-03  2.5571E-03
 -1.0456E-02 -3.3950E-03  7.8366E-04
 -9.1253E-03 -2.8706E-03  1.7347E-04
 -8.8994E-03 -3.1203E-03  1.2544E-03
 -7.6864E-03 -2.7236E-03  9.8264E-04
 -9.9200E-03 -3.7057E-03  2.3632E-03
 -1.0594E-02 -3.1127E-03 -3.3061E-04
 -1.1285E-02 -2.8867E-03 -1.7562E-03
 -9.9649E-03 -3.1371E-03  3.3326E-04
 -1.0021E-02 -2.8888E-03 -5.8647E-04
 -9.3144E-03 -3.0309E-03  5.6026E-04
 -7.4861E-03 -2.4841E-03  3.2907E-04
 -7.3082E-03 -2.2147E-03 -4.4966E-04
 -5.7895E-03 -1.8762E-03 -2.3694E-04
 -8.5256E-03 -2.3120E-03 -1.2288E-03
 -1.1802E-02 -3.1594E-03 -1.2778E-03
 -1.2960E-02 -3.7306E-03 -3.4477E-04
 -1.1483E-02 -3.8792E-03  6.8577E-04
 -1.0579E-02 -3.8570E-03  1.0768E-03
 -1.0511E-02 -4.4189E-03  1.9070E-03
 -9.7294E-03 -4.5304E-03  2.4307E-03
 -9.7649E-03 -5.1336E-03  3.2712E-03
 -9.1759E-03 -5.2216E-03  3.6716E-03
 -1.0374E-02 -5.5188E-03  3.5340E-03
 -9.9088E-03 -3.3841E-03  7.1815E-04
 -9.2043E-03 -3.1076E-03  6.5466E-04
 -1.0129E-02 -3.2888E-03  4.7976E-04
 -9.5478E-03 -2.8414E-03  1.1591E-04
 -9.9603E-03 -2.8612E-03 -4.8872E-05
 -9.4906E-03 -2.3593E-03 -5.4244E-04
 -1.0128E-02 -2.1220E-03 -1.1775E-03
 -1.0396E-02 -2.2963E-03 -1.0550E-03
 -1.0360E-02 -1.7641E-03 -1.7943E-03
 -9.3748E-03 -2.2627E-03 -6.2553E-04
 -8.6376E-03 -1.8997E-03 -7.9663E-04
 -1.0069E-02 -2.1791E-03 -1.0687E-03
 -1.0009E-02 -1.6583E-03 -1.7808E-03
 -1.0936E-02 -1.6595E-03 -2.2123E-03
 -1.0908E-02 -1.1085E-03 -2.9820E-03
 -1.1426E-02 -1.7524E-03 -2.3094E-03
 -9.4693E-03 -1.5861E-03 -1.6310E-03
 -8.8619E-03 -1.1442E-03 -1.9750E-03
 -9.6519E-03 -2.0287E-03 -1.0876E-03
 -9.1854E-03 -2.0074E-03 -8.9982E-04
 -9.5627E-03 -2.5610E-03 -2.8951E-04
 -1.0520E-02 -2.6764E-03 -5.7281E-04
 -9.0608E-03 -2.5307E-03 -9.7953E-05
 -8.2023E-03 -1.8671E-03 -6.3954E-04
 -7.6701E-03 -1.4616E-03 -9.6696E-04
 -7.9590E-03 -2.1904E-03 -6.6417E-05
 -7.0318E-03 -2.0856E-03  2.1808E-04
 -6.9280E-03 -2.5348E-03  9.0484E-04
 -7.1262E-03 -3.0819E-03  1.5896E-03
 -6.5334E-03 -3.3868E-03  2.2999E-03
 -6.4802E-03 -3.8105E-03  2.9267E-03
 -6.9497E-03 -4.3495E-03  3.4731E-03
 -6.8617E-03 -4.7068E-03  4.0219E-03
 -7.5108E-03 -4.5299E-03  3.4671E-03
 -6.5351E-03 -1.5014E-03 -3.7979E-04
 -5.7499E-03 -1.2657E-03 -3.4764E-04
 -6.9952E-03 -1.2640E-03 -9.3225E-04
 -6.6005E-03 -7.0524E-04 -1.5416E-03
 -7.2086E-03 -6.0298E-04 -1.9711E-03
 -6.8395E-03 -5.0626E-04 -1.9360E-03
 -7.5989E-03 -5.9249E-04 -2.1685E-03
 -8.2553E-03 -3.1761E-04 -2.8659E-03
 -9.1521E-03 -5.6359E-04 -2.9356E-03
 -6.4396E-03 -2.7324E-04 -2.0802E-03
 -5.7406E-03  1.2191E-04 -2.3149E-03
 -7.0816E-03 -3.4445E-04 -2.2791E-03
 -6.9694E-03  4.0164E-05 -2.7731E-03
 -7.7758E-03 -1.4915E-04 -2.8811E-03
 -8.5290E-03  2.2818E-05 -3.4775E-03
 -9.0621E-03  1.0708E-04 -3.8464E-03
 -9.5202E-03 -4.1537E-04 -3.3183E-03
 -1.0357E-02 -7.2947E-04 -3.2631E-03
 -1.0717E-02 -1.1992E-03 -2.7640E-03
 -1.0837E-02 -5.7067E-04 -3.7132E-03
 -6.1654E-03  7.0903E-05 -2.4410E-03
 -5.6589E-03  5.2176E-04 -2.8448E-03
 -6.0502E-03 -4.1112E-04 -1.7022E-03
 -5.3214E-03 -4.2829E-04 -1.3372E-03
 -5.4525E-03 -1.0235E-03 -5.5281E-04
 -6.1802E-03 -1.2984E-03 -5.0236E-04
 -5.9510E-03 -1.0110E-03 -8.0355E-04
 -6.3189E-03 -1.9279E-03  3.2732E-04
 -4.4294E-03 -1.5678E-04 -1.3060E-03
 -3.8025E-03  1.1314E-04 -1.3964E-03
 -4.3477E-03 -2.2350E-04 -1.1730E-03
 -3.4918E-03  4.5315E-05 -1.1548E-03
 -3.4789E-03 -1.3176E-04 -8.9720E-04
 -2.5874E-03  1.8953E-04 -9.3700E-04
 -4.1927E-03 -1.6760E-05 -1.3943E-03
 -3.2585E-03  6.7877E-04 -1.9458E-03
 -2.5333E-03  9.9060E-04 -2.0499E-03
 -3.9176E-03  8.5019E-04 -2.4975E-03
 -3.8619E-03  1.4276E-03 -3.2918E-03
 -4.7835E-03  1.4292E-03 -3.7250E-03
 -4.8236E-03  1.9245E-03 -4.4474E-03
 -5.0754E-03  2.3307E-03 -5.1422E-03
 -4.6500E-03  2.8440E-03 -5.6727E-03
 -5.7013E-03  2.1345E-03 -5.1560E-03
 -3.5414E-03  1.6884E-03 -3.5126E-03
 -2.9800E-03  2.1671E-03 -3.9302E-03
 -3.6756E-03  3.3852E-03 -4.9787E-03
 -3.4688E-03  3.4761E-03 -5.0464E-03
 -4.8842E-03  2.5165E-03 -4.2103E-03
 -4.5643E-03  2.3902E-03 -4.0209E-03
 -3.6504E-03  1.4203E-03 -2.8083E-03
 -3.2412E-03  1.3373E-03 -2.6527E-03
 -3.7561E-03  2.2357E-03 -3.7239E-03
 -3.3126E-03  2.1506E-03 -3.5605E-03
 -4.6801E-03  3.1959E-03 -4.9274E-03
 -5.0813E-03  3.2702E-03 -5.0721E-03
 -1.5340E-03  3.2598E-03 -4.5046E-03
 -6.6426E-04  3.9470E-03 -5.1259E-03
 -8.4786E-04  2.3080E-03 -3.3477E-03
  9.7662E-04  2.0058E-03 -2.7286E-03
  1.2152E-03  7.0528E-04 -1.2573E-03
  2.2098E-04 -2.8740E-04 -3.1871E-04
 -1.2883E-03 -1.1022E-03  3.4302E-04
 -1.6626E-03 -1.7815E-03  1.0333E-03
 -4.2258E-04 -1.3990E-03  8.0594E-04
  7.3124E-04 -4.9753E-04 -7.0534E-06
  2.5916E-03  2.9115E-03 -3.4740E-03
  3.9469E-03  3.1248E-03 -3.4967E-03
  2.5178E-03  3.4185E-03 -4.0445E-03
  4.0515E-03  4.3131E-03 -4.7905E-03
  3.8205E-03  4.6741E-03 -5.2246E-03
  2.1618E-03  5.3922E-03 -6.2764E-03
  1.9542E-03  5.7616E-03 -6.7162E-03
  2.2702E-03  4.9140E-03 -5.7322E-03
  1.4729E-03  6.7886E-03 -7.9240E-03
  4.1797E-03  5.4897E-03 -6.0676E-03
  5.6681E-03  6.0822E-03 -6.4876E-03
  2.5845E-03  5.7798E-03 -6.6375E-03
  2.3957E-03  6.8637E-03 -7.8621E-03
  4.2877E-04  7.1995E-03 -8.5406E-03
 -1.0874E-04  8.2856E-03 -9.8224E-03
 -2.3061E-03  8.6514E-03 -1.0570E-02
 -3.8352E-03  8.1873E-03 -1.0298E-02
  2.8608E-03  6.6960E-03 -7.6043E-03
  3.7843E-03  7.5436E-03 -8.3941E-03
  2.3571E-03  5.5777E-03 -6.4503E-03
  2.6797E-03  5.3337E-03 -6.1308E-03
  1.0310E-03  4.5261E-03 -5.4987E-03
  9.9772E-04  4.6610E-03 -5.6527E-03
 -6.0731E-04  4.9595E-03 -6.2334E-03
  4.4173E-03  4.7716E-03 -5.2386E-03
  4.9914E-03  4.8129E-03 -5.1942E-03
  5.2989E-03  4.2744E-03 -4.5523E-03
  6.9811E-03  3.7211E-03 -3.6785E-03
  7.7337E-03  3.2061E-03 -2.9928E-03
  8.4570E-03  4.6253E-03 -4.4441E-03
  9.1681E-03  4.2895E-03 -3.9624E-03
  8.9279E-03  5.7810E-03 -5.6445E-03
  8.4711E-03  6.3122E-03 -6.3018E-03
  9.2354E-03  7.6781E-03 -7.6879E-03
  1.0903E-02  7.6512E-03 -7.3969E-03
  1.0332E-02  6.6330E-03 -6.3637E-03
  9.7196E-03  7.1557E-03 -7.0361E-03
  1.0869E-02  7.5431E-03 -7.2830E-03
  7.9125E-03  7.1148E-03 -7.2742E-03
  7.1771E-03  7.5444E-03 -7.8631E-03
  5.1515E-03  7.6799E-03 -8.3300E-03
  4.3030E-03  8.1196E-03 -8.9478E-03
  2.3427E-03  8.2118E-03 -9.3567E-03
  5.2690E-03  9.3778E-03 -1.0184E-02
  7.4330E-03  6.6033E-03 -6.7854E-03
  7.9040E-03  6.9368E-03 -7.0793E-03
  7.1165E-03  5.4084E-03 -5.5176E-03
  7.3545E-03  4.4081E-03 -4.3775E-03
  6.9149E-03  3.1226E-03 -3.0291E-03
  7.1913E-03  2.0776E-03 -1.8336E-03
  4.9606E-03  2.9793E-03 -3.1774E-03
  3.5705E-03  3.1823E-03 -3.6192E-03
  9.3740E-03  4.5644E-03 -4.2333E-03
  9.8542E-03  4.4726E-03 -4.0568E-03
  1.0548E-02  4.8047E-03 -4.3141E-03
  1.2536E-02  4.9772E-03 -4.1927E-03
  1.3113E-02  6.1204E-03 -5.3627E-03
  1.4389E-02  6.1457E-03 -5.1906E-03
  1.2264E-02  5.4974E-03 -5.8990E-03
  1.2912E-02  6.5728E-03 -7.4477E-03
  1.1346E-02  7.5861E-03 -9.0832E-03
  1.1645E-02  8.6813E-03 -1.0690E-02
  1.3075E-02  9.6818E-03 -1.2064E-02
  1.3345E-02  1.0705E-02 -1.3565E-02
  1.2171E-02  1.0724E-02 -1.3689E-02
  1.2398E-02  1.1768E-02 -1.5224E-02
  1.0741E-02  9.7275E-03 -1.2321E-02
  1.0481E-02  8.7230E-03 -1.0846E-02
  1.2745E-02  6.2000E-03 -6.9063E-03
  1.4310E-02  6.4269E-03 -7.1175E-03
  1.0841E-02  5.6365E-03 -6.2212E-03
  1.0518E-02  5.2546E-03 -5.6786E-03
  8.1064E-03  4.8926E-03 -5.3347E-03
  6.8070E-03  6.0065E-03 -7.0983E-03
  4.9184E-03  6.2095E-03 -7.5533E-03
  3.7697E-03  7.2808E-03 -9.2412E-03
  4.5331E-03  8.1645E-03 -1.0495E-02
  3.4424E-03  9.2403E-03 -1.2185E-02
  6.3980E-03  7.9792E-03 -1.0069E-02
  7.5251E-03  6.8935E-03 -8.3610E-03
  1.2013E-02  4.2757E-03 -4.1002E-03
  1.2386E-02  4.1876E-03 -3.9388E-03
  1.2837E-02  3.5212E-03 -2.9101E-03
  1.4377E-02  2.6201E-03 -1.4439E-03
  1.4699E-02  1.6194E-03  7.2123E-05
  1.2698E-02  9.4427E-04  9.1563E-04
  1.6602E-02  3.2917E-03 -2.2639E-03
  1.7685E-02  3.0038E-03 -1.7477E-03
  1.7298E-02  4.1838E-03 -3.5359E-03
  1.9415E-02  4.8736E-03 -4.3918E-03
  2.0049E-02  5.7493E-03 -5.6444E-03
  2.1836E-02  5.2637E-03 -4.7770E-03
  2.2856E-02  6.2631E-03 -6.1825E-03
  2.4456E-02  5.7344E-03 -5.2658E-03
  2.5198E-02  6.6363E-03 -6.5488E-03
  1.9331E-02  5.5701E-03 -5.4357E-03
  2.0939E-02  5.6682E-03 -5.4518E-03
  1.7421E-02  6.0268E-03 -6.2702E-03
  1.7099E-02  6.6945E-03 -7.2904E-03
  1.4860E-02  7.2416E-03 -8.2861E-03
  1.4813E-02  8.3782E-03 -9.9823E-03
  1.6295E-02  9.4030E-03 -1.1388E-02
  1.7762E-02  9.8969E-03 -1.2005E-02
  1.6040E-02  9.6954E-03 -1.1844E-02
  1.7199E-02  5.7999E-03 -5.9503E-03
  1.8222E-02  6.0936E-03 -6.3049E-03
  1.6137E-02  4.7041E-03 -4.4046E-03
  1.6094E-02  3.7605E-03 -3.0031E-03
  1.4706E-02  2.6246E-03 -1.4240E-03
  1.8424E-02  3.4421E-03 -2.3405E-03
  1.9017E-02  3.3784E-03 -2.1977E-03
  1.9742E-02  3.2637E-03 -1.9684E-03
  2.2065E-02  2.9700E-03 -1.3431E-03
  2.3050E-02  2.6286E-03 -7.5514E-04
  2.2328E-02  1.3092E-03  1.1510E-03
  2.2868E-02  1.0810E-03  1.5345E-03
  2.1513E-02  4.1666E-04  2.4141E-03
  2.4637E-02  1.5490E-03  9.8067E-04
  2.3422E-02  4.0619E-03 -2.8593E-03
  2.5035E-02  3.8994E-03 -2.4868E-03
  2.2725E-02  5.1718E-03 -4.5682E-03
  2.3847E-02  6.2663E-03 -6.1071E-03
  2.3228E-02  7.3953E-03 -7.8383E-03
  2.3222E-02  6.3829E-03 -6.3313E-03
  2.4154E-02  7.1787E-03 -7.4408E-03
  2.1589E-02  5.6142E-03 -5.3187E-03
  2.0867E-02  5.6402E-03 -5.4159E-03
  1.9230E-02  6.5971E-03 -6.9730E-03
  1.8690E-02  6.7975E-03 -7.3152E-03
  1.8373E-02  7.1536E-03 -7.8709E-03
  1.6790E-02  8.1066E-03 -9.4180E-03
  1.6931E-02  8.9877E-03 -1.0718E-02
  1.8952E-02  9.9035E-03 -1.1919E-02
  2.0154E-02  1.0002E-02 -1.1968E-02
  1.9406E-02  1.0523E-02 -1.2804E-02
  1.4378E-02  7.6279E-03 -8.9003E-03
  1.2985E-02  8.3267E-03 -1.0053E-02
  1.4524E-02  6.2169E-03 -7.9863E-03
  1.2124E-02  5.6443E-03 -7.2538E-03
  1.1409E-02  6.9760E-03 -7.9776E-03
  1.3277E-02  6.4388E-03 -7.9314E-03
  8.9309E-03  6.5798E-03 -7.3436E-03
  1.2517E-02  3.2736E-03 -5.8285E-03
  1.4610E-02  2.2907E-03 -5.5379E-03
  1.0496E-02  2.3056E-03 -4.9071E-03
  1.0673E-02  2.0969E-05 -3.5022E-03
  8.9805E-03 -1.3216E-03 -2.3971E-03
  9.7863E-03 -1.6293E-03 -2.3295E-03
  8.4944E-03  1.0173E-04 -3.2139E-03
  6.0598E-03 -6.2620E-04 -2.3786E-03
  4.6657E-03  1.0324E-03 -3.2017E-03
  9.8717E-03 -6.6757E-05 -3.3225E-03
  7.9799E-03  9.8607E-04 -3.6883E-03
  1.1342E-02 -1.2692E-03 -2.7973E-03
  1.0723E-02 -1.4368E-03 -2.5960E-03
  1.2957E-02 -7.7436E-04 -3.3588E-03
  1.2847E-02 -1.4386E-03 -2.9253E-03
  1.4257E-02 -3.2760E-03 -1.9926E-03
  1.4064E-02 -4.0265E-03 -1.4920E-03
  1.2463E-02 -2.9513E-03 -1.9171E-03
  1.2360E-02 -3.8238E-03 -1.3539E-03
  1.1023E-02 -1.0940E-03 -2.8576E-03
  1.1230E-02 -3.3488E-04 -3.3657E-03
  1.0160E-02 -3.7640E-03 -1.0491E-03
  1.1344E-02 -5.2495E-03 -3.0200E-04
  8.3318E-03 -4.1096E-03 -5.4804E-04
  7.7788E-03 -6.3305E-03  9.3050E-04
  5.8705E-03 -7.1221E-03  1.7238E-03
  6.8162E-03 -6.5044E-03  1.1893E-03
  5.4550E-03 -5.0265E-03  4.7449E-04
  7.6124E-03 -8.2582E-03  2.1651E-03
  6.7833E-03 -8.6079E-03  2.5134E-03
  8.9851E-03 -9.4938E-03  2.7262E-03
  8.2381E-03 -1.0010E-02  3.1662E-03
  9.7726E-03 -8.9006E-03  2.2318E-03
  1.2595E-02 -9.5819E-03  2.2198E-03
  1.3989E-02 -8.3212E-03  1.2124E-03
  4.7469E-03 -1.0198E-02  3.8274E-03
  5.0819E-03 -1.1898E-02  4.8409E-03
  2.6921E-03 -9.6789E-03  3.8215E-03
  5.2682E-04 -1.0967E-02  4.9661E-03
 -1.8744E-03 -9.4969E-03  4.4179E-03
 -1.9084E-03 -9.2127E-03  4.2450E-03
 -4.2716E-03 -1.0385E-02  5.3475E-03
  1.2782E-04 -1.1922E-02  5.6267E-03
 -1.6136E-05 -1.0760E-02  4.9209E-03
 -2.7307E-05 -1.4042E-02  6.9805E-03
 -4.2486E-04 -1.5064E-02  7.6831E-03
  2.8003E-04 -1.7517E-02  9.1113E-03
  2.6797E-04 -1.8642E-02  9.8188E-03
 -1.0386E-04 -2.0601E-02  1.1105E-02
  6.8044E-04 -1.7612E-02  9.1084E-03
 -3.1843E-03 -1.4578E-02  7.8075E-03
 -4.7925E-03 -1.5410E-02  8.5791E-03
 -3.7163E-03 -1.3124E-02  6.9790E-03
 -6.2950E-03 -1.2541E-02  7.0143E-03
 -7.3138E-03 -1.4127E-02  8.1673E-03
 -9.4215E-03 -1.3772E-02  8.2726E-03
 -5.8040E-03 -1.5871E-02  9.0256E-03
 -6.5652E-03 -1.7529E-02  1.0184E-02
 -4.2863E-03 -1.8516E-02  1.0448E-02
 -2.8908E-03 -1.6753E-02  9.1256E-03
 -2.6076E-03 -1.9714E-02  1.0938E-02
 -7.7520E-03 -1.9356E-02  1.1514E-02
 -8.0853E-03 -2.1059E-02  1.2634E-02
 -8.2160E-03 -1.9063E-02  1.1402E-02
 -9.3615E-03 -2.0673E-02  1.2590E-02
 -8.3085E-03 -2.0751E-02  1.2475E-02
 -5.8093E-03 -2.1871E-02  1.2789E-02
 -5.2926E-03 -2.1926E-02  1.2743E-02
 -2.7425E-03 -2.2975E-02  1.3004E-02
 -2.5149E-03 -2.3204E-02  1.3112E-02
 -1.2172E-02 -2.0119E-02  1.2680E-02
 -1.3148E-02 -1.8307E-02  1.1696E-02
 -1.3401E-02 -2.2145E-02  1.6915E-02
 -1.2522E-02 -2.4436E-02  1.8512E-02
 -1.4003E-02 -2.5177E-02  1.9828E-02
 -1.6613E-02 -2.3594E-02  1.9629E-02
 -1.6043E-02 -2.1497E-02  1.7545E-02
 -1.6250E-02 -2.0124E-02  1.6442E-02
 -1.4623E-02 -2.0572E-02  1.6096E-02
 -1.8253E-02 -1.8472E-02  1.5909E-02
 -1.8708E-02 -1.7022E-02  1.4851E-02
 -2.1380E-02 -1.5508E-02  1.4740E-02
 -2.1441E-02 -1.3991E-02  1.3447E-02
 -2.2150E-02 -1.4303E-02  1.4039E-02
 -1.8299E-02 -1.8191E-02  1.5684E-02
 -1.7188E-02 -1.7598E-02  1.4665E-02
 -1.9050E-02 -1.9937E-02  1.7546E-02
 -1.8756E-02 -2.1218E-02  1.8528E-02
 -2.0299E-02 -2.2774E-02  2.0582E-02
 -1.5996E-02 -2.2343E-02  1.8260E-02
 -1.5243E-02 -2.2881E-02  1.8388E-02
 -1.4481E-02 -2.2785E-02  1.7960E-02
 -1.1833E-02 -2.3822E-02  1.7666E-02
 -1.0585E-02 -2.5026E-02  1.8151E-02
 -8.2694E-03 -2.6761E-02  1.8615E-02
 -7.3332E-03 -2.8314E-02  1.9545E-02
 -5.0538E-03 -2.9316E-02  1.9387E-02
 -8.8598E-03 -2.8546E-02  2.0437E-02
 -1.0493E-02 -2.2225E-02  1.5669E-02
 -9.0644E-03 -2.2573E-02  1.5326E-02
 -1.1063E-02 -2.0419E-02  1.4353E-02
 -9.8914E-03 -1.8752E-02  1.2372E-02
 -1.0955E-02 -1.6805E-02  1.1156E-02
 -1.0504E-02 -1.7294E-02  1.1378E-02
 -9.7138E-03 -1.5133E-02  9.1383E-03
 -1.0384E-02 -1.8161E-02  1.2079E-02
 -8.6513E-03 -1.7991E-02  1.1148E-02
 -1.2759E-02 -1.7881E-02  1.2909E-02
 -1.3557E-02 -1.7360E-02  1.2816E-02
 -1.6357E-02 -1.7246E-02  1.3983E-02
 -1.7592E-02 -1.6401E-02  1.3805E-02
 -1.8358E-02 -1.8109E-02  1.5640E-02
 -2.1084E-02 -1.7610E-02  1.6437E-02
 -2.2185E-02 -1.7298E-02  1.6664E-02
 -2.4683E-02 -1.6851E-02  1.7405E-02
 -2.0800E-02 -1.7429E-02  1.6152E-02
 -1.1958E-02 -1.9039E-02  1.3556E-02
 -1.1015E-02 -1.8561E-02  1.2713E-02
 -1.1560E-02 -2.1014E-02  1.5096E-02
 -1.0022E-02 -2.2740E-02  1.5905E-02
 -9.9215E-03 -2.4799E-02  1.7653E-02
 -7.3851E-03 -2.2471E-02  1.4477E-02
 -6.3270E-03 -2.2649E-02  1.4154E-02
 -6.3304E-03 -2.2020E-02  1.3608E-02
 -3.8078E-03 -2.1711E-02  1.2198E-02
 -3.0111E-03 -2.1242E-02  1.1429E-02
 -2.1545E-03 -2.3164E-02  1.2716E-02
 -2.1327E-03 -2.2890E-02  1.2468E-02
 -1.4836E-03 -2.4927E-02  1.3949E-02
 -3.6260E-03 -1.9945E-02  1.0577E-02
 -1.7939E-03 -2.0176E-02  9.9500E-03
 -5.5085E-03 -1.8187E-02  9.8971E-03
 -5.5479E-03 -1.6399E-02  8.3571E-03
 -7.8630E-03 -1.4637E-02  7.8692E-03
 -7.3541E-03 -1.3619E-02  6.7518E-03
 -4.7486E-03 -1.3218E-02  5.2247E-03
 -9.3504E-03 -1.1605E-02  5.9008E-03
 -5.4027E-03 -1.6868E-02  8.7001E-03
 -4.2122E-03 -1.6028E-02  7.4301E-03
 -6.6331E-03 -1.8196E-02  1.0413E-02
 -6.5565E-03 -1.8751E-02  1.0863E-02
 -8.5117E-03 -1.9922E-02  1.2766E-02
 -1.1190E-02 -1.8538E-02  1.2772E-02
 -1.3084E-02 -1.9474E-02  1.4444E-02
 -1.4464E-02 -2.0257E-02  1.5751E-02
 -1.3203E-02 -1.9405E-02  1.4438E-02
 -3.9254E-03 -2.0057E-02  1.0810E-02
 -3.0726E-03 -1.9883E-02  1.0273E-02
 -3.2404E-03 -2.0967E-02  1.0438E-02
 -5.2142E-05 -2.1644E-02  1.1031E-02
  9.1920E-04 -2.4368E-02  1.3082E-02
 -8.0395E-04 -2.6670E-02  1.4745E-02
 -2.1970E-03 -2.8766E-02  1.6263E-02
  3.7820E-04 -2.9937E-02  1.7205E-02
 -1.1312E-03 -3.1735E-02  1.8499E-02
  2.5843E-03 -1.9608E-02  9.5918E-03
  5.3608E-03 -1.9761E-02  9.7830E-03
  1.7170E-03 -1.7731E-02  8.1729E-03
  3.9924E-03 -1.5661E-02  6.6984E-03
  3.6938E-03 -1.5103E-02  6.2752E-03
  5.1108E-03 -1.2410E-02  4.3133E-03
  5.3372E-03 -1.7236E-02  7.9062E-03
  4.8757E-03 -1.6918E-02  7.6571E-03
  3.2989E-03 -1.3136E-02  4.8020E-03
  5.5424E-03 -1.1764E-02  3.8458E-03
  1.7384E-04 -1.2611E-02  4.3246E-03
 -9.1641E-04 -1.0207E-02  2.5079E-03
 -3.9898E-03 -9.3187E-03  1.7618E-03
 -3.4402E-03 -9.0323E-03  1.5644E-03
 -1.1036E-03 -6.7963E-03 -3.1747E-05
 -6.6073E-03 -8.6744E-03  1.2098E-03
 -1.5456E-03 -1.0224E-02  2.5028E-03
 -6.8272E-04 -8.3345E-03  1.1230E-03
 -3.1467E-03 -1.2302E-02  4.0023E-03
 -3.9684E-03 -1.2474E-02  4.1073E-03
 -6.9017E-03 -1.0755E-02  2.7479E-03
 -6.4133E-03 -8.4575E-03  1.0540E-03
 -9.6926E-03 -1.1669E-02  3.3487E-03
