 -4.2381E-03  1.3680E-03  1.2564E-04
 -4.0873E-03  1.6386E-03 -8.1979E-04
 -3.0678E-03  2.0280E-03 -2.6299E-03
 -2.8577E-03  2.3449E-03 -3.7557E-03
 -4.9878E-03  2.8206E-03 -4.0759E-03
 -5.3032E-03  3.5824E-03 -6.3228E-03
 -3.0384E-03  1.0869E-03  3.4795E-04
 -1.5512E-03  6.5340E-04  8.9399E-04
 -3.8788E-03  1.0780E-03  8.4678E-04
 -3.0159E-03  5.7322E-04  1.9695E-03
 -4.1178E-03  2.1824E-04  3.7161E-03
 -3.8232E-03 -2.4501E-04  5.0249E-03
 -5.3223E-03 -4.2653E-04  6.4421E-03
 -4.9584E-03 -9.2075E-04  7.8106E-03
 -5.4419E-03 -1.3740E-03  9.5235E-03
 -5.0141E-03 -1.8050E-03  1.0655E-02
 -6.3316E-03 -1.3987E-03  1.0100E-02
 -2.8922E-03  8.7420E-04  9.4268E-04
 -4.2769E-03  1.2480E-03  5.2904E-04
 -1.2122E-03  6.9808E-04  5.6196E-04
 -8.8711E-04  9.7144E-04 -4.8981E-04
  2.0578E-05  1.3773E-03 -2.2894E-03
  6.5178E-04  1.6091E-03 -3.3804E-03
 -1.2947E-03  1.9253E-03 -3.2961E-03
 -3.1708E-04  2.1916E-03 -4.6909E-03
  3.5208E-04  4.6268E-04  4.3469E-04
  1.5688E-03 -4.0662E-05  1.3545E-03
 -9.1013E-05  5.7726E-04  3.1834E-04
  1.0101E-03  1.6109E-04  1.0256E-03
 -2.1271E-04  3.1565E-05  2.1226E-03
 -7.9610E-04 -4.3275E-04  3.9266E-03
 -2.1072E-03 -5.3499E-04  4.9862E-03
  8.0934E-04 -2.2728E-04  2.3736E-03
  1.7655E-03  5.7713E-04 -7.2114E-04
  7.0799E-04  1.1343E-03 -1.9014E-03
  3.5798E-03  3.2478E-04 -9.3453E-04
  4.4751E-03  6.7314E-04 -2.5443E-03
  6.0644E-03  6.1108E-04 -3.2371E-03
  6.9620E-03  1.0419E-03 -5.1106E-03
  8.4062E-03  9.0976E-04 -5.4990E-03
  5.5530E-03  1.7302E-03 -6.5113E-03
  5.2099E-03  4.0516E-04 -2.1034E-03
  6.4357E-03 -1.3639E-04 -1.0670E-03
  4.4378E-03  7.7834E-04 -2.8581E-03
  5.0317E-03  5.7561E-04 -2.5458E-03
  3.3737E-03  7.5632E-04 -2.1920E-03
  1.8858E-03  5.5989E-04 -7.3369E-04
  2.6486E-03 -1.3729E-04  1.0571E-03
  5.1098E-04  8.2640E-04 -8.1148E-04
  6.1743E-03  8.7917E-04 -4.1516E-03
  5.9090E-03  1.4036E-03 -5.6716E-03
  7.3954E-03  5.5905E-04 -3.8171E-03
  8.5057E-03  8.1706E-04 -5.2599E-03
  9.9088E-03  3.6485E-04 -4.6071E-03
  1.0709E-02 -2.1006E-04 -3.2264E-03
  1.0227E-02  6.3009E-04 -5.6294E-03
  1.1539E-02  2.5845E-04 -5.1820E-03
  1.1447E-02  6.8273E-04 -6.4803E-03
  1.3457E-02 -5.0845E-05 -5.2720E-03
  1.3817E-02  1.5239E-04 -6.1205E-03
  1.4664E-02 -5.8970E-04 -4.2339E-03
  1.6563E-02 -9.0418E-04 -4.2967E-03
  1.7437E-02 -1.5141E-03 -2.8459E-03
  1.6167E-02 -1.3775E-03 -2.5692E-03
  1.4319E-02 -1.0031E-03 -2.7252E-03
  1.7463E-02 -4.7683E-04 -6.1605E-03
  1.7474E-02 -2.8551E-04 -6.7756E-03
  1.8123E-02 -3.0405E-04 -7.0802E-03
  1.8990E-02  9.7996E-05 -8.8447E-03
  1.7835E-02  7.7562E-04 -1.0354E-02
  1.8554E-02  1.1216E-03 -1.1857E-02
  1.7740E-02  4.1332E-03 -9.0266E-03
  1.6166E-02  5.2675E-03 -1.0789E-02
  1.3367E-02  5.4123E-03 -9.8515E-03
  1.6908E-02  5.5121E-03 -1.1653E-02
  1.6110E-02  6.5115E-03 -1.3469E-02
  1.8378E-02  4.6029E-03 -1.0333E-02
  1.9166E-02  4.7470E-03 -1.0999E-02
  1.7101E-02  5.0567E-03 -1.0749E-02
  1.6847E-02  5.8771E-03 -1.2419E-02
  1.5658E-02  4.4103E-03 -8.6974E-03
  1.3656E-02  4.6580E-03 -8.3402E-03
  1.1750E-02  4.0846E-03 -6.2404E-03
  1.2972E-02  2.7986E-03 -3.9904E-03
  1.1022E-02  2.2487E-03 -1.9220E-03
  1.2242E-02  9.3420E-04  3.9090E-04
  1.3627E-02  2.4346E-04  1.2732E-03
  1.4884E-02  4.2364E-03 -7.9730E-03
  1.3798E-02  4.6574E-03 -8.4027E-03
  1.7196E-02  3.4171E-03 -7.2256E-03
  1.8622E-02  2.9439E-03 -6.8346E-03
  1.9112E-02  3.8666E-03 -9.0605E-03
  1.9361E-02  3.7601E-03 -8.9406E-03
  1.9101E-02  4.8088E-03 -1.1105E-02
  1.9580E-02  5.7587E-03 -1.3385E-02
  1.9460E-02  6.7723E-03 -1.5535E-02
  2.1192E-02  6.2850E-03 -1.5251E-02
  1.6881E-02  7.3973E-03 -1.5740E-02
  1.7789E-02  6.2795E-03 -1.3716E-02
  1.8507E-02  6.6808E-03 -1.4910E-02
  1.5504E-02  6.2240E-03 -1.2573E-02
  1.3697E-02  6.7340E-03 -1.2873E-02
  1.1163E-02  7.4811E-03 -1.3364E-02
  1.0008E-02  8.7405E-03 -1.5586E-02
  1.1632E-02  9.4781E-03 -1.7917E-02
  1.2457E-02  9.8267E-03 -1.9044E-02
  1.2042E-02  9.7720E-03 -1.8739E-02
  1.3408E-02  5.8459E-03 -1.0813E-02
  1.2033E-02  6.1658E-03 -1.0893E-02
  1.4881E-02  4.7415E-03 -9.0699E-03
  1.4754E-02  3.8126E-03 -6.9928E-03
  1.6320E-02  2.6525E-03 -5.1711E-03
  1.5500E-02  3.8763E-03 -7.4653E-03
  1.4087E-02  3.8063E-03 -6.6808E-03
  1.7717E-02  3.9825E-03 -8.6883E-03
  1.8520E-02  4.0662E-03 -9.2296E-03
  2.0973E-02  4.3017E-03 -1.0839E-02
  2.3364E-02  3.2422E-03 -9.6053E-03
  2.5588E-02  3.5826E-03 -1.1341E-02
  2.7789E-02  2.9942E-03 -1.1046E-02
  2.5333E-02  4.3730E-03 -1.2946E-02
  1.6504E-02  5.0402E-03 -1.0446E-02
  1.6043E-02  4.9217E-03 -9.9816E-03
  1.5315E-02  6.0128E-03 -1.2029E-02
  1.3336E-02  7.0064E-03 -1.3304E-02
  1.2388E-02  8.0460E-03 -1.5141E-02
  9.8314E-03  8.9642E-03 -1.5994E-02
  7.6974E-03  9.1311E-03 -1.5402E-02
  5.2996E-03  9.9276E-03 -1.6061E-02
  5.0154E-03  1.0570E-02 -1.7330E-02
  7.1357E-03  1.0419E-02 -1.7950E-02
  9.5249E-03  9.6201E-03 -1.7283E-02
  1.1149E-02  6.6603E-03 -1.1573E-02
  1.0375E-02  6.8329E-03 -1.1602E-02
  1.0212E-02  6.1400E-03 -1.0022E-02
  8.1670E-03  5.7653E-03 -8.2922E-03
  7.4638E-03  5.2472E-03 -6.8507E-03
  5.4305E-03  4.7534E-03 -4.8669E-03
  6.4243E-03  6.2113E-03 -8.4823E-03
  6.1168E-03  5.7667E-03 -7.3777E-03
  8.8436E-03  4.9159E-03 -6.7477E-03
  7.3841E-03  5.0918E-03 -6.4772E-03
  8.6091E-03  7.4523E-03 -2.4528E-03
  9.4172E-03  6.5487E-03 -7.2583E-04
  1.1740E-02  6.2566E-03  1.6091E-04
  1.1642E-02  5.6587E-03  1.2027E-03
  1.4541E-02  5.7352E-03  1.5294E-03
  1.5493E-02  4.5218E-03  3.8270E-03
  9.7015E-03  6.9607E-03 -1.4091E-03
  8.8007E-03  6.3632E-03 -4.9594E-04
  1.0843E-02  8.0181E-03 -3.0976E-03
  1.1278E-02  8.5324E-03 -3.9379E-03
  1.2914E-02  9.6640E-03 -5.6786E-03
  1.3573E-02  1.0254E-02 -6.6169E-03
  1.6157E-02  1.0707E-02 -7.0074E-03
  1.7011E-02  1.0853E-02 -7.1285E-03
  1.7331E-02  1.0913E-02 -7.1841E-03
  9.0933E-03  8.7346E-03 -4.6435E-03
  9.0438E-03  8.6976E-03 -4.5861E-03
  7.2654E-03  8.9312E-03 -5.2826E-03
  5.1602E-03  9.1431E-03 -5.9928E-03
  3.8282E-03  9.9008E-03 -7.5451E-03
  2.3784E-03  1.0664E-02 -9.1268E-03
  3.9328E-03  1.1498E-02 -1.0354E-02
  2.5184E-03  1.2258E-02 -1.1924E-02
  8.4697E-04  1.1559E-02 -1.0954E-02
  3.5878E-03  8.0180E-03 -4.2534E-03
  2.4931E-03  7.9500E-03 -4.3075E-03
  3.5483E-03  7.1195E-03 -2.6705E-03
  2.0708E-03  6.0195E-03 -9.6030E-04
  4.8739E-04  5.7132E-03 -6.7082E-04
 -7.8575E-04  6.7197E-03 -2.6538E-03
  2.1393E-04  7.5706E-03 -3.9996E-03
 -7.2121E-04  8.6056E-03 -5.9792E-03
 -2.7016E-03  8.8005E-03 -6.6395E-03
 -3.4825E-03  9.8687E-03 -8.6531E-03
 -3.7768E-03  7.9532E-03 -5.3121E-03
 -2.8107E-03  6.9163E-03 -3.3241E-03
  3.3409E-03  4.9984E-03  1.0480E-03
  2.2438E-03  4.1086E-03  2.4471E-03
  5.6351E-03  5.1266E-03  1.1869E-03
  6.8692E-03  4.1815E-03  3.0550E-03
  6.2774E-03  3.1637E-03  4.7609E-03
  5.7245E-03  2.1818E-03  6.4096E-03
  6.5232E-03  3.3985E-03  4.3848E-03
  6.0059E-03  2.5294E-03  5.8396E-03
  3.6573E-03  2.6485E-03  5.2547E-03
  1.6707E-03  2.6812E-03  4.8804E-03
  3.8563E-03  3.7655E-03  3.3108E-03
  1.5870E-03  4.0737E-03  2.4041E-03
  8.0212E-03  2.7089E-03  5.8431E-03
  9.2310E-03  3.6541E-03  4.3642E-03
  8.4778E-03  1.7860E-03  7.5483E-03
  7.6113E-03  5.6590E-04  9.5682E-03
  8.8303E-03 -9.8839E-05  1.0938E-02
  1.1111E-02  6.5730E-04  9.9641E-03
  1.0369E-02  1.8562E-03  7.7253E-03
  9.6345E-03  2.0710E-03  7.2284E-03
  7.5966E-03  1.8530E-03  7.2894E-03
  1.1355E-02  2.4252E-03  6.8761E-03
  1.0968E-02  2.6398E-03  6.4348E-03
  1.2650E-02  3.6731E-03  4.8753E-03
  1.2443E-02  3.8916E-03  4.4559E-03
  1.4324E-02  4.8210E-03  3.1119E-03
  1.4902E-02  4.7421E-03  3.3435E-03
  1.5243E-02  5.6011E-03  1.8784E-03
  1.1412E-02  1.5657E-03  8.4054E-03
  1.3282E-02  1.1865E-03  9.3740E-03
  9.6636E-03  1.0626E-03  9.0167E-03
  9.8396E-03  3.2250E-05  1.0867E-02
  7.6965E-03 -8.9440E-04  1.2165E-02
  7.8024E-03 -1.9365E-03  1.4025E-02
  7.4747E-03 -1.2513E-03  1.2761E-02
  5.0965E-03 -1.9030E-03  1.3534E-02
  9.7417E-03  4.1171E-04  1.0180E-02
  8.3393E-03  1.0472E-03  8.8329E-03
  1.1276E-02  6.1069E-05  1.1045E-02
  1.1240E-02  3.3300E-04  1.0558E-02
  1.3173E-02  1.3123E-03  9.1343E-03
  1.5187E-02  8.7278E-04  1.0232E-02
  1.1582E-02 -8.3013E-04  1.2670E-02
  1.2744E-02 -1.4908E-03  1.4024E-02
 -5.8209E-04  1.0436E-02  9.6017E-03
 -1.3266E-03  1.0476E-02  6.6443E-03
 -2.2146E-03  9.2893E-03  1.3410E-03
 -7.4580E-04  4.7839E-03  8.0617E-04
 -3.8312E-03  1.2653E-02 -3.6566E-04
 -2.6411E-03  1.4715E-02  7.4208E-03
 -2.6319E-03  1.4459E-02  7.0894E-03
 -3.6976E-03  1.8576E-02  8.6988E-03
 -4.9654E-03  2.2696E-02  9.4920E-03
 -3.8221E-03  2.2433E-02  1.3744E-02
 -4.3088E-03  2.3797E-02  1.3735E-02
 -2.2521E-03  2.0508E-02  1.7333E-02
 -1.0440E-03  2.0123E-02  2.1671E-02
  4.5906E-04  1.8561E-02  2.5510E-02
 -3.5260E-04  2.2327E-02  2.7643E-02
  5.4890E-04  2.1157E-02  2.9609E-02
 -1.8559E-03  2.6419E-02  2.7442E-02
 -2.5002E-05  1.6733E-02  2.0920E-02
  1.1494E-04  1.7476E-02  2.2556E-02
  7.3064E-04  1.2928E-02  1.8504E-02
  1.8089E-03  9.1311E-03  1.7408E-02
  2.4380E-03  5.4519E-03  1.4661E-02
  4.0091E-03  9.1994E-04  1.4503E-02
  4.5621E-03 -2.5065E-03  1.1812E-02
  2.4875E-03 -7.0389E-04  6.0038E-03
  6.4572E-04  1.0439E-02  1.4579E-02
  1.3626E-03  9.0918E-03  1.5544E-02
 -1.1143E-03  1.2897E-02  1.0988E-02
 -2.4207E-03  1.4511E-02  8.0205E-03
 -4.3488E-03  1.7447E-02  4.4368E-03
 -4.7620E-03  1.5229E-02 -4.2870E-04
 -4.7370E-03  1.3618E-02 -2.6461E-03
 -6.7051E-03  1.8682E-02 -3.3286E-03
 -2.6948E-03  1.7387E-02  1.1048E-02
 -2.2473E-03  1.6324E-02  1.1332E-02
 -3.3969E-03  2.0993E-02  1.3394E-02
 -3.7156E-03  2.4081E-02  1.6547E-02
 -4.5110E-03  2.7844E-02  1.8741E-02
 -6.4922E-03  3.0905E-02  1.5121E-02
 -7.4658E-03  3.5185E-02  1.7337E-02
 -6.7860E-03  3.4376E-02  1.8927E-02
 -7.4487E-03  3.4362E-02  1.6223E-02
 -6.7359E-03  3.3582E-02  1.7986E-02
 -8.8316E-03  3.5149E-02  1.1754E-02
 -1.9404E-03  2.1720E-02  2.0339E-02
 -2.0991E-03  2.3646E-02  2.2468E-02
 -2.6870E-04  1.7500E-02  2.1036E-02
  1.4995E-03  1.4934E-02  2.4506E-02
  3.0661E-03  1.2358E-02  2.7142E-02
  2.1654E-03  1.1611E-02  2.2420E-02
  3.3734E-03  9.9693E-03  2.4950E-02
  1.4398E-03  1.0477E-02  1.7850E-02
  1.9692E-03  7.3521E-03  1.5497E-02
  1.5336E-03  5.3624E-03  1.0870E-02
  8.5827E-04  9.9205E-03  1.4694E-02
  1.6208E-03  8.2187E-03  1.5333E-02
 -9.5799E-04  1.4031E-02  1.3254E-02
 -2.2518E-03  1.7018E-02  1.2312E-02
 -4.1673E-03  2.1538E-02  1.1058E-02
 -5.1909E-03  2.1004E-02  6.1445E-03
 -5.3590E-03  2.5263E-02  1.1591E-02
 -1.3926E-03  1.7588E-02  1.6611E-02
 -8.9417E-04  1.6112E-02  1.6506E-02
 -1.1601E-03  1.9572E-02  2.0408E-02
 -3.2838E-04  2.0369E-02  2.4923E-02
  2.6984E-04  2.1344E-02  2.8749E-02
  1.6769E-03  2.0861E-02  3.3752E-02
  2.5078E-03  2.0810E-02  3.7043E-02
  3.7266E-03  1.6608E-02  3.5934E-02
  4.4567E-03  1.6541E-02  3.8794E-02
  1.3908E-03  1.6278E-02  2.5998E-02
  1.3709E-03  1.6570E-02  2.6339E-02
  6.9942E-03  9.0585E-03  2.6161E-02
  1.1671E-02  3.3448E-03  2.5756E-02
  1.6143E-02  1.6290E-03  2.9342E-02
  1.9030E-02  4.0452E-03  3.5397E-02
  1.0034E-02 -8.6384E-04  1.9312E-02
  1.1263E-02 -4.1481E-03  1.7314E-02
  7.1900E-03 -6.2823E-04  1.6123E-02
  5.2279E-03 -4.2921E-03  9.8637E-03
  9.0642E-03 -1.0480E-02  7.9386E-03
  1.1845E-02 -1.4334E-02  7.2135E-03
  9.3189E-03 -1.1310E-02  7.3660E-03
  1.2622E-02 -1.6912E-02  5.4172E-03
  1.5295E-02 -1.6430E-02  9.1614E-03
  1.1781E-02 -1.1126E-02  1.0539E-02
  8.5307E-03 -1.8280E-02 -9.7974E-04
  3.7171E-03 -1.4478E-02 -2.7675E-03
  1.0363E-02 -2.3625E-02 -4.4347E-03
  6.6903E-03 -2.5248E-02 -1.0597E-02
  9.8363E-03 -3.1435E-02 -1.3356E-02
  6.4640E-03 -3.3258E-02 -1.9368E-02
  2.7531E-03 -3.3779E-02 -2.4407E-02
 -5.6637E-04 -3.4566E-02 -2.9256E-02
  3.1694E-03 -3.3471E-02 -2.3577E-02
  2.3437E-03 -2.1044E-02 -1.1394E-02
 -2.4233E-03 -1.8576E-02 -1.4540E-02
  3.9570E-03 -2.0083E-02 -8.4229E-03
  1.1814E-04 -1.6176E-02 -8.9206E-03
  3.0185E-03 -1.6489E-02 -5.7460E-03
  5.1594E-03 -2.1811E-02 -8.8022E-03
  8.3217E-03 -2.7290E-02 -1.0790E-02
  5.9128E-04 -2.1533E-02 -1.4031E-02
 -3.3867E-03 -9.9241E-03 -6.5268E-03
 -8.2272E-03 -6.8638E-03 -9.1336E-03
 -9.4321E-04 -8.1322E-03 -1.6715E-03
 -3.7713E-03 -2.2830E-03  1.1134E-03
 -8.3681E-03 -8.2845E-04 -2.9020E-03
 -1.2540E-02  4.0302E-03 -2.7928E-03
 -7.5097E-03 -5.1428E-03 -6.4405E-03
 -1.1526E-02 -4.5569E-03 -1.0676E-02
 -9.0762E-03 -9.8671E-03 -1.3346E-02
 -3.7840E-03 -1.1673E-02 -8.8622E-03
 -4.5525E-03 -8.8289E-03 -6.7748E-03
 -7.0430E-03 -2.3766E-03 -2.9419E-03
 -8.1571E-03  1.9668E-04 -1.5594E-03
 -1.5939E-02 -4.0685E-03 -1.5493E-02
 -2.0664E-02 -3.7908E-04 -1.7293E-02
 -1.4371E-02 -7.7201E-03 -1.7471E-02
 -1.8190E-02 -7.6823E-03 -2.2049E-02
 -1.5266E-02 -1.2173E-02 -2.3276E-02
 -1.3231E-02 -1.8278E-02 -2.7291E-02
 -9.7077E-03 -2.2793E-02 -2.7821E-02
 -4.4965E-03 -2.5879E-02 -2.4793E-02
 -1.1642E-02 -2.3582E-02 -3.0997E-02
 -2.1742E-02 -1.7567E-03 -2.0058E-02
 -2.6616E-02  6.4810E-04 -2.3400E-02
 -1.9278E-02  6.7262E-04 -1.4502E-02
 -2.2082E-02  6.3578E-03 -1.1862E-02
 -1.8124E-02  7.0292E-03 -6.3629E-03
 -2.5338E-02  1.1452E-02 -1.0394E-02
 -2.9291E-02  1.6043E-02 -1.0305E-02
 -2.3577E-02  1.0740E-02 -9.0214E-03
 -2.6454E-02  1.5306E-02 -7.6555E-03
 -2.3267E-02  1.3786E-02 -5.4145E-03
 -2.6281E-02  1.8099E-02 -4.4845E-03
 -2.2877E-02  1.6532E-02 -2.0305E-03
 -2.6211E-02  1.9705E-02 -2.6958E-03
 -2.8738E-02  1.6872E-02 -8.7564E-03
 -3.1911E-02  1.6390E-02 -1.3105E-02
 -3.5923E-02  2.1336E-02 -1.2709E-02
 -3.7144E-02  1.1023E-02 -2.2647E-02
 -4.4185E-02  1.1184E-02 -2.9920E-02
 -4.1824E-02  4.4036E-03 -3.7723E-02
 -3.9233E-02  1.3989E-03 -3.9530E-02
 -3.2178E-02 -3.5059E-03 -3.9465E-02
 -4.4246E-02  3.8956E-03 -4.1083E-02
 -4.9115E-02  1.4558E-02 -3.0047E-02
 -5.6342E-02  1.8527E-02 -3.1722E-02
 -4.5181E-02  1.2864E-02 -2.8427E-02
 -4.9240E-02  1.5799E-02 -2.8292E-02
 -4.3188E-02  1.2932E-02 -2.6196E-02
 -4.6597E-02  1.7394E-02 -2.3041E-02
 -4.0874E-02  6.3492E-03 -3.3747E-02
 -3.4699E-02  3.0159E-03 -3.2228E-02
 -5.4122E-02  2.3064E-02 -2.2445E-02
 -6.1141E-02  2.6445E-02 -2.4791E-02
 -5.0340E-02  2.5374E-02 -1.4889E-02
 -5.4250E-02  3.2211E-02 -8.6546E-03
 -4.8586E-02  3.3268E-02 -9.9780E-04
 -4.2152E-02  3.2110E-02  4.1093E-03
 -3.7322E-02  3.4434E-02  1.2805E-02
 -4.5472E-02  4.3015E-02  1.7167E-02
 -6.1203E-02  3.5277E-02 -1.1412E-02
 -6.7745E-02  4.0358E-02 -1.0661E-02
 -5.9487E-02  3.2361E-02 -1.4018E-02
 -6.5346E-02  3.4563E-02 -1.6922E-02
 -6.1531E-02  3.0164E-02 -1.9546E-02
 -5.6215E-02  3.1150E-02 -1.2369E-02
 -5.4342E-02  2.8968E-02 -1.3691E-02
 -5.3922E-02  3.4067E-02 -5.4787E-03
 -7.2548E-02  3.4973E-02 -2.3988E-02
 -7.9174E-02  3.9114E-02 -2.4759E-02
 -7.1208E-02  3.0600E-02 -2.9215E-02
 -7.7637E-02  3.0513E-02 -3.6211E-02
 -7.4339E-02  2.3789E-02 -4.2928E-02
 -8.1753E-02  3.5034E-02 -3.3724E-02
 -8.7133E-02  3.5438E-02 -3.8854E-02
 -7.9096E-02  3.8341E-02 -2.5851E-02
 -8.2425E-02  4.2832E-02 -2.2569E-02
 -8.0459E-02  3.9410E-02 -2.5681E-02
 -8.5077E-02  4.2095E-02 -2.6523E-02
 -7.3842E-02  3.3358E-02 -2.7828E-02
 -7.1063E-02  2.9376E-02 -3.0923E-02
 -6.7554E-02  2.2423E-02 -3.7763E-02
 -7.3755E-02  2.1324E-02 -4.6056E-02
 -6.9868E-02  1.4406E-02 -5.2440E-02
 -6.4795E-02  1.2465E-02 -4.9978E-02
 -6.0296E-02  5.5215E-03 -5.5745E-02
 -6.4815E-02  2.9643E-02 -2.3846E-02
 -6.0964E-02  3.0934E-02 -1.7768E-02
 -6.3818E-02  2.8408E-02 -2.4661E-02
 -5.8226E-02  2.8692E-02 -1.8258E-02
 -6.1570E-02  3.1102E-02 -1.8159E-02
 -5.8698E-02  3.4048E-02 -1.0607E-02
 -6.4762E-02  3.7587E-02 -1.1695E-02
 -5.7611E-02  3.8481E-02 -2.6966E-03
 -5.0130E-02  2.2135E-02 -1.9597E-02
 -4.9590E-02  1.7218E-02 -2.6507E-02
 -4.3918E-02  2.2167E-02 -1.2915E-02
 -3.5678E-02  1.6331E-02 -1.3001E-02
 -2.9856E-02  1.7710E-02 -4.6855E-03
 -3.2412E-02  2.1017E-02 -2.3792E-03
 -2.1255E-02  1.1488E-02 -4.9739E-03
 -3.3109E-02  1.3381E-02 -1.4748E-02
 -3.3685E-02  1.6530E-02 -1.0570E-02
 -3.0025E-02  7.2757E-03 -2.0752E-02
 -2.7438E-02  4.0798E-03 -2.2855E-02
 -2.7158E-02 -1.7767E-03 -3.1472E-02
 -3.5552E-02  3.1988E-04 -3.7243E-02
 -2.2648E-02 -5.5308E-03 -3.2372E-02
 -1.9420E-02  2.3987E-03 -1.6853E-02
 -1.4429E-02  1.5511E-03 -1.2814E-02
 -1.4778E-02 -1.7760E-03 -1.0999E-02
 -1.2479E-02 -2.9219E-03 -8.9852E-03
 -1.2597E-02 -3.9563E-03 -1.0407E-02
 -1.4636E-02 -1.5013E-03 -1.0458E-02
 -1.5141E-02 -2.1832E-03 -1.2026E-02
 -1.5696E-02  1.0687E-03 -8.9241E-03
 -1.0139E-02 -5.5423E-03 -8.6884E-03
 -8.1011E-03 -5.9893E-03 -6.2187E-03
 -1.0491E-02 -7.2792E-03 -1.1303E-02
 -8.4736E-03 -9.9652E-03 -1.1562E-02
 -9.5258E-03 -1.1476E-02 -1.4937E-02
 -1.0443E-02 -1.2350E-02 -1.7344E-02
 -1.3032E-02 -9.7972E-03 -1.8091E-02
 -1.3239E-02 -9.6127E-03 -1.8174E-02
 -1.4871E-02 -8.0202E-03 -1.8665E-02
 -7.2970E-03 -9.5234E-03 -9.2920E-03
 -4.9443E-03 -1.1120E-02 -7.7424E-03
 -8.9374E-03 -7.3069E-03 -9.0422E-03
 -8.0850E-03 -6.5980E-03 -6.9287E-03
 -1.0316E-02 -4.5794E-03 -7.7890E-03
 -9.7265E-03 -4.7969E-03 -7.1813E-03
 -8.4445E-03 -3.5060E-03 -3.7320E-03
 -1.2216E-02 -3.1775E-03 -8.9053E-03
 -6.9952E-03 -5.1670E-03 -3.5943E-03
 -5.1124E-03 -5.6742E-03 -1.4254E-03
 -8.1131E-03 -3.4547E-03 -3.1807E-03
 -7.1144E-03 -2.1076E-03 -8.1771E-05
 -8.7215E-03 -3.7504E-05  4.0651E-05
 -1.1459E-02  2.0491E-03 -1.4854E-03
 -7.7571E-03  1.6011E-03  3.4404E-03
 -4.4155E-03 -4.3760E-03  1.1688E-03
 -2.7686E-03 -4.1772E-03  3.8404E-03
 -3.9243E-03 -6.5179E-03 -6.8813E-04
 -1.3379E-03 -8.7564E-03  4.3226E-04
 -1.2103E-03 -1.0785E-02 -1.8249E-03
  1.3598E-03 -1.3863E-02 -1.7407E-03
 -1.3519E-03 -9.6941E-03 -7.1877E-04
 -3.8291E-03 -6.7439E-03 -8.2017E-04
  6.1636E-04 -1.0511E-02  1.2034E-03
  2.8517E-03 -1.1450E-02  3.3712E-03
 -2.6131E-04 -1.0868E-02 -5.2316E-04
  1.3313E-03 -1.2448E-02 -7.6302E-05
 -1.1225E-04 -1.2873E-02 -2.7210E-03
  2.1184E-03 -1.0791E-02  3.0829E-03
  4.2985E-03 -1.2140E-02  4.6761E-03
  3.5050E-04 -7.8807E-03  3.9814E-03
  9.0623E-04 -6.0967E-03  6.9527E-03
 -1.5096E-03 -2.9417E-03  7.1889E-03
 -3.7277E-03 -2.1387E-03  4.8818E-03
 -2.8394E-03 -3.5085E-03  4.5420E-03
 -5.5579E-03  1.1526E-03  6.1472E-03
  2.7143E-03 -6.0920E-03  9.6285E-03
  4.2258E-03 -5.8832E-03  1.2112E-02
  2.5450E-03 -6.2954E-03  9.1331E-03
  4.1952E-03 -6.2978E-03  1.1567E-02
  3.2260E-03 -5.7877E-03  1.0751E-02
  5.7658E-04 -2.8075E-03  1.0431E-02
  5.1174E-03 -6.0553E-03  1.3221E-02
  6.8913E-03 -9.2032E-03  1.2045E-02
  8.7577E-03 -9.3180E-03  1.4663E-02
  7.1232E-03 -1.1569E-02  9.5358E-03
  9.6667E-03 -1.4460E-02  9.8059E-03
  9.4134E-03 -1.6827E-02  6.5783E-03
  1.1743E-02 -1.9674E-02  6.5866E-03
  1.1022E-02 -2.1481E-02  3.3431E-03
  9.6221E-03 -2.1923E-02  7.4298E-04
  8.5796E-03 -2.3379E-02 -2.5519E-03
  1.0940E-02 -1.4670E-02  1.1434E-02
  1.3235E-02 -1.5823E-02  1.3432E-02
  9.4004E-03 -1.3469E-02  1.0607E-02
  1.0267E-02 -1.3368E-02  1.2009E-02
  8.0218E-03 -1.1926E-02  1.0432E-02
  8.4720E-03 -1.1186E-02  1.1989E-02
  6.1482E-03 -9.6545E-03  1.0404E-02
  5.3085E-03 -7.2817E-03  1.2025E-02
  5.1737E-03 -1.0840E-02  7.5353E-03
  1.1110E-02 -1.1505E-02  1.5500E-02
  1.3324E-02 -1.2520E-02  1.7545E-02
  7.4774E-03 -9.1886E-03  2.0504E-02
  8.9916E-03 -7.4650E-03  1.9589E-02
  9.5271E-03 -5.3520E-03  1.7244E-02
  1.1139E-02 -3.4490E-03  1.6179E-02
  1.3974E-02 -2.8693E-03  1.8025E-02
  1.5487E-02 -1.1809E-03  1.7156E-02
  1.5253E-02 -1.4631E-03  1.7319E-02
  1.6700E-02  1.7681E-04  1.6454E-02
  1.3620E-02 -3.3828E-03  1.8387E-02
  7.7883E-03 -7.7951E-03  1.8919E-02
  9.0212E-03 -7.7217E-03  1.9962E-02
  5.4034E-03 -8.1408E-03  1.7175E-02
  4.2162E-03 -8.3531E-03  1.6361E-02
  1.8118E-03 -8.1890E-03  1.3914E-02
  2.5562E-03 -6.1347E-03  1.1841E-02
 -4.5927E-04 -1.0155E-02  1.4453E-02
 -2.8319E-03 -1.0063E-02  1.2132E-02
  3.5674E-03 -1.0348E-02  1.8441E-02
  2.3913E-03 -1.0823E-02  1.7992E-02
  4.2107E-03 -1.1574E-02  2.0686E-02
  3.8326E-03 -1.3501E-02  2.2926E-02
  3.3000E-03 -1.5140E-02  2.4636E-02
  6.3370E-03 -1.2866E-02  2.4392E-02
  6.3872E-03 -1.4164E-02  2.6184E-02
  8.4424E-03 -1.0899E-02  2.3698E-02
  1.0864E-02 -1.0106E-02  2.4874E-02
  1.3084E-02 -8.0364E-03  2.4147E-02
  1.3724E-02 -8.4013E-03  2.5231E-02
  1.5979E-02 -6.3896E-03  2.4614E-02
  1.7405E-02 -4.6768E-03  2.3632E-02
  1.6438E-02 -6.3839E-03  2.5032E-02
  1.0295E-02 -9.8671E-03  2.4026E-02
  8.5941E-03 -9.5115E-03  2.1972E-02
  1.1667E-02 -1.0154E-02  2.5681E-02
  1.1265E-02 -1.0124E-02  2.5269E-02
  1.2711E-02 -1.1001E-02  2.7788E-02
  1.1862E-02 -1.3279E-02  3.0064E-02
  1.4100E-02 -1.3384E-02  3.2277E-02
  1.4686E-02 -1.4585E-02  3.4434E-02
  1.5255E-02 -1.2290E-02  3.1877E-02
  1.1925E-02 -8.0037E-03  2.3030E-02
  1.0965E-02 -7.9494E-03  2.2068E-02
  1.3548E-02 -6.2659E-03  2.2196E-02
  1.4286E-02 -4.1375E-03  2.0019E-02
  1.6809E-02 -2.3560E-03  1.9960E-02
  1.6452E-02 -2.1112E-03  1.9300E-02
  1.8119E-02 -3.8757E-04  1.8527E-02
  1.4579E-02 -3.5910E-03  1.9555E-02
  1.1973E-02 -3.8425E-03  1.7481E-02
  1.2030E-02 -2.3432E-03  1.5518E-02
  9.9157E-03 -5.3308E-03  1.7576E-02
  7.5300E-03 -5.3145E-03  1.5345E-02
  6.5487E-03 -5.8421E-03  1.5145E-02
  8.7957E-03 -4.0001E-03  1.4750E-02
  5.4076E-03 -6.9926E-03  1.5635E-02
  3.0665E-03 -7.7991E-03  1.4551E-02
  6.2202E-03 -7.5633E-03  1.7155E-02
  4.3576E-03 -9.1792E-03  1.7602E-02
  5.7938E-03 -9.8923E-03  1.9891E-02
  4.1052E-03 -1.1649E-02  2.0689E-02
  5.6826E-03 -1.2434E-02  2.3204E-02
  5.0438E-03 -1.4525E-02  2.5425E-02
  5.8540E-03 -1.4860E-02  2.6626E-02
  5.1489E-03 -1.6828E-02  2.8617E-02
  7.3868E-03 -1.3234E-02  2.5858E-02
  2.9427E-03 -8.3707E-03  1.5205E-02
  8.1347E-04 -9.6564E-03  1.4962E-02
  4.0796E-03 -6.2494E-03  1.3406E-02
  2.9033E-03 -5.2840E-03  1.1019E-02
  4.9990E-03 -3.3573E-03  1.0370E-02
  6.2645E-03 -3.9543E-03  1.2344E-02
  8.7902E-03 -3.2316E-03  1.3711E-02
  5.0029E-03 -5.0148E-03  1.2601E-02
  1.4766E-03 -4.5756E-03  8.7453E-03
  1.5627E-04 -3.9383E-03  6.6659E-03
  1.7889E-03 -4.6625E-03  9.1515E-03
  5.4866E-04 -4.0428E-03  7.1698E-03
  2.6830E-03 -2.5576E-03  7.1496E-03
  4.6763E-03 -2.6066E-03  9.0615E-03
  2.3726E-03  2.3020E-04  6.2187E-03
  3.4187E-03  4.9242E-04  6.2160E-03
  3.5491E-03 -1.5468E-04  7.3114E-03
  2.2836E-03 -6.3396E-04  7.5758E-03
  1.6299E-03 -1.3346E-03  8.4428E-03
  5.1076E-04 -1.7884E-03  8.7249E-03
  1.4880E-05 -1.5498E-03  8.1412E-03
  6.5002E-04 -8.5267E-04  7.2726E-03
  1.7788E-03 -3.9878E-04  6.9941E-03
  3.2274E-03  1.0959E-03  5.1665E-03
  2.1535E-03  1.1836E-03  4.5941E-03
  4.2842E-03  1.5217E-03  4.9044E-03
  4.2666E-03  2.1165E-03  3.9386E-03
  5.2330E-03  2.8543E-03  3.1374E-03
  5.4571E-03  3.5503E-03  2.1055E-03
  6.4733E-03  4.1765E-03  1.5040E-03
  4.2115E-03  3.7466E-03  1.2890E-03
  4.6587E-03  1.9062E-03  4.4349E-03
  5.7649E-03  1.9064E-03  4.8787E-03
  3.6989E-03  1.6712E-03  4.4284E-03
  3.8692E-03  1.4500E-03  4.8533E-03
  2.6314E-03  8.4289E-04  5.3350E-03
  2.6088E-03  3.9526E-04  6.0474E-03
  1.3320E-03 -2.2015E-04  6.5268E-03
  3.7547E-03  9.7805E-05  6.9869E-03
  4.1387E-03  2.1577E-03  3.8208E-03
  3.3368E-03  2.4888E-03  2.9653E-03
  5.3050E-03  2.3982E-03  3.9014E-03
  5.7537E-03  3.0817E-03  2.9799E-03
  7.1833E-03  3.4501E-03  2.9599E-03
  7.8890E-03  4.0996E-03  2.1963E-03
  8.7158E-03  4.0241E-03  2.6499E-03
  7.6683E-03  4.6944E-03  1.1491E-03
  5.5986E-03  2.9521E-03  3.1265E-03
  6.2337E-03  2.6167E-03  3.9220E-03
  4.7280E-03  3.1958E-03  2.3842E-03
  4.5365E-03  3.1110E-03  2.4440E-03
  3.9438E-03  2.3454E-03  3.4401E-03
  4.2781E-03  2.2053E-03  3.8000E-03
  3.1281E-03  1.8335E-03  3.9377E-03
  2.4762E-03  1.0910E-03  4.8728E-03
  3.2656E-03  5.6746E-04  6.0335E-03
  2.6018E-03 -1.9572E-04  6.9972E-03
  1.7779E-03 -7.4782E-04  7.5563E-03
  1.0609E-03 -1.4212E-03  8.3539E-03
  1.1603E-03 -1.5508E-03  8.6028E-03
  1.9770E-03 -1.0162E-03  8.0688E-03
  2.6978E-03 -3.4096E-04  7.2698E-03
  1.2491E-03  8.1415E-04  4.8264E-03
  1.2988E-03  8.5419E-04  4.7818E-03
  1.4391E-04  4.7588E-04  4.9280E-03
 -1.0742E-03  1.5185E-04  4.9612E-03
 -2.0539E-03  1.2193E-04  4.6162E-03
 -1.5127E-03 -1.4361E-04  5.2614E-03
 -7.9273E-05  3.1736E-04  5.0939E-03
  1.9065E-04  9.5444E-04  4.1754E-03
  2.7390E-04  1.5746E-03  3.2092E-03
  3.6639E-04  7.9365E-04  4.5051E-03
  5.6435E-04  1.3318E-03  3.7171E-03
  1.7757E-03  1.3694E-03  4.1429E-03
  2.9821E-03  1.7461E-03  4.0199E-03
  4.1355E-03  1.7001E-03  4.5572E-03
  4.8997E-03  1.3895E-03  5.3645E-03
  5.0230E-03  7.1992E-04  6.4933E-03
  5.7370E-03  4.8353E-04  7.1610E-03
  4.4688E-03  2.9605E-04  6.9541E-03
 -5.9179E-04  1.1547E-03  3.5384E-03
 -6.4460E-04  1.5977E-03  2.8032E-03
 -1.5263E-03  5.0977E-04  4.2028E-03
 -2.6436E-03  2.8552E-04  4.1157E-03
 -2.3773E-03 -1.7929E-04  4.9719E-03
 -1.1319E-03  2.2324E-04  4.8230E-03
 -2.2536E-03 -8.4455E-04  6.0938E-03
 -3.8311E-03 -2.0244E-04  4.4255E-03
 -3.6779E-03 -5.0687E-04  4.9777E-03
 -5.0029E-03 -2.8545E-04  4.0889E-03
 -6.2412E-03 -7.6231E-04  4.3604E-03
 -7.4662E-03 -7.3869E-04  3.8306E-03
 -8.6828E-03 -1.3935E-03  4.3976E-03
 -7.6996E-03  2.3402E-06  2.5425E-03
 -8.6599E-03  1.5960E-04  1.9034E-03
 -6.2384E-03 -1.5569E-03  5.6423E-03
 -6.7700E-03 -1.9542E-03  6.0693E-03
 -7.4477E-03 -2.0389E-03  5.5478E-03
 -7.5607E-03 -1.8079E-03  5.3359E-03
 -7.7957E-03 -2.6111E-03  5.9693E-03
 -7.1019E-03 -3.1011E-03  6.4934E-03
 -7.3318E-03 -2.8983E-03  6.2859E-03
 -6.4265E-03 -3.0376E-03  6.5513E-03
 -6.4940E-03 -3.6221E-03  7.0293E-03
 -5.5737E-03 -2.5163E-03  6.2554E-03
 -4.6594E-03 -2.5822E-03  6.4610E-03
 -3.7394E-03 -2.0403E-03  6.1588E-03
 -3.2387E-03 -2.4102E-03  6.5507E-03
 -2.5008E-03 -1.8196E-03  6.1779E-03
 -2.4826E-03 -1.0468E-03  5.5344E-03
 -1.9833E-03 -2.0490E-03  6.4550E-03
 -4.8519E-03 -2.3590E-03  6.2425E-03
 -4.5363E-03 -2.7530E-03  6.6241E-03
 -5.3991E-03 -1.7371E-03  5.6322E-03
 -5.6481E-03 -1.4549E-03  5.3551E-03
 -6.1135E-03 -6.4800E-04  4.6035E-03
 -6.3978E-03 -2.0682E-03  5.7450E-03
 -6.3047E-03 -2.2054E-03  5.8751E-03
 -7.1574E-03 -2.4282E-03  5.9213E-03
 -7.9303E-03 -3.0135E-03  6.2838E-03
 -8.7971E-03 -3.2239E-03  6.3173E-03
 -9.8233E-03 -3.4410E-03  6.3301E-03
 -1.0159E-02 -4.1708E-03  6.8855E-03
 -1.0274E-02 -2.8820E-03  5.7882E-03
 -7.4516E-03 -3.7640E-03  6.9905E-03
 -7.7422E-03 -4.1031E-03  7.2264E-03
 -6.7040E-03 -4.0102E-03  7.3194E-03
 -6.1647E-03 -4.7181E-03  8.0004E-03
 -5.4845E-03 -4.9354E-03  8.2941E-03
 -5.5200E-03 -4.5726E-03  7.9847E-03
 -5.4539E-03 -5.1191E-03  8.4528E-03
 -5.0356E-03 -3.8394E-03  7.4510E-03
 -4.4355E-03 -3.6595E-03  7.3991E-03
 -3.9364E-03 -2.7925E-03  6.7558E-03
 -2.9190E-03 -2.6936E-03  6.8404E-03
 -2.5266E-03 -1.6483E-03  6.0304E-03
 -1.8559E-03 -1.4824E-03  6.0019E-03
 -5.1536E-03 -3.7735E-03  7.3764E-03
 -4.8633E-03 -4.0761E-03  7.6774E-03
 -6.0898E-03 -3.5279E-03  7.0170E-03
 -6.8114E-03 -3.6032E-03  6.9613E-03
 -7.7827E-03 -3.1754E-03  6.4435E-03
 -8.4745E-03 -3.1499E-03  6.3084E-03
 -9.2643E-03 -2.5327E-03  5.6622E-03
 -1.0186E-02 -2.8094E-03  5.7420E-03
 -1.1060E-02 -2.3230E-03  5.1912E-03
 -7.1274E-03 -4.4841E-03  7.6463E-03
 -7.1778E-03 -4.7121E-03  7.8288E-03
 -7.3258E-03 -4.9679E-03  8.0184E-03
 -7.6565E-03 -5.8309E-03  8.6861E-03
 -7.9765E-03 -6.1781E-03  8.9240E-03
 -8.8741E-03 -5.7951E-03  8.4559E-03
 -9.9297E-03 -6.1163E-03  8.5510E-03
 -1.0433E-02 -5.6527E-03  8.0804E-03
 -1.0258E-02 -6.8346E-03  9.0980E-03
 -6.8365E-03 -6.3015E-03  9.2148E-03
 -7.0899E-03 -6.9185E-03  9.6893E-03
 -5.8524E-03 -6.0265E-03  9.1465E-03
 -4.9995E-03 -6.4155E-03  9.6122E-03
 -4.0198E-03 -6.2543E-03  9.6386E-03
 -4.7844E-03 -6.1448E-03  9.4211E-03
 -4.0747E-03 -6.4085E-03  9.7585E-03
 -5.3829E-03 -5.6076E-03  8.8733E-03
 -5.2693E-03 -5.3087E-03  8.6418E-03
 -4.4685E-03 -4.5848E-03  8.1679E-03
 -4.2145E-03 -4.3552E-03  8.0176E-03
 -6.3888E-03 -4.0317E-03  1.3221E-02
 -5.1120E-03 -3.6266E-03  1.1723E-02
 -3.3728E-03 -4.1950E-03  1.2004E-02
 -2.0254E-03 -3.7847E-03  1.0459E-02
 -2.5421E-03 -5.1242E-03  1.3502E-02
 -9.8322E-04 -5.7735E-03  1.4045E-02
 -5.9015E-03 -2.6962E-03  1.0201E-02
 -5.7401E-03 -2.5849E-03  9.8873E-03
 -6.8021E-03 -2.0292E-03  9.2830E-03
 -7.5784E-03 -1.1333E-03  7.8260E-03
 -9.2609E-03 -5.6098E-04  7.5073E-03
 -8.8270E-03 -4.7419E-04  7.1035E-03
 -9.1500E-03  3.3856E-04  5.5852E-03
 -8.1617E-03 -1.1371E-03  8.1348E-03
 -6.1720E-03 -7.4989E-04  6.3058E-03
 -4.8139E-03 -1.1217E-03  6.3762E-03
 -6.4720E-03 -2.4952E-05  4.9576E-03
 -5.2309E-03  4.1742E-04  3.4003E-03
 -3.9587E-03  2.1704E-04  3.1596E-03
 -5.0141E-03  4.9961E-04  3.1181E-03
 -2.7071E-03 -7.4670E-04  4.5121E-03
 -6.3170E-03  1.3991E-03  1.9253E-03
 -7.6515E-03  1.7584E-03  1.8686E-03
 -5.7425E-03  1.8462E-03  7.0207E-04
 -6.7473E-03  2.7889E-03 -7.3413E-04
 -6.1717E-03  3.1295E-03 -1.7372E-03
 -6.4095E-03  2.6956E-03 -7.1488E-04
 -5.0327E-03  2.1291E-03 -2.5068E-04
 -7.9914E-03  2.9062E-03 -3.3575E-04
 -6.4663E-03  3.2699E-03 -1.8763E-03
 -7.7108E-03  3.9505E-03 -2.6454E-03
 -4.8057E-03  2.9598E-03 -2.0900E-03
 -4.3789E-03  3.4011E-03 -3.2249E-03
 -3.3567E-03  3.9305E-03 -4.8497E-03
 -4.3963E-03  4.6577E-03 -5.8211E-03
 -5.4591E-03  5.5021E-03 -7.0236E-03
 -6.4405E-03  6.1893E-03 -7.9422E-03
 -6.3351E-03  6.0129E-03 -7.6308E-03
 -7.2721E-03  6.6544E-03 -8.4774E-03
 -5.2870E-03  5.1795E-03 -6.4436E-03
 -4.3249E-03  4.5088E-03 -5.5494E-03
 -3.2487E-03  2.8174E-03 -2.5977E-03
 -1.9733E-03  2.1252E-03 -1.8205E-03
 -3.6334E-03  3.1703E-03 -3.1309E-03
 -2.6782E-03  2.7321E-03 -2.7152E-03
 -3.8912E-03  2.4999E-03 -1.6080E-03
 -4.5995E-03  1.8951E-03  1.1116E-05
 -2.8464E-03  2.0746E-03 -1.2652E-03
 -2.2486E-03  3.4514E-03 -4.4280E-03
 -3.4649E-03  4.1544E-03 -5.2581E-03
 -5.1597E-04  3.2993E-03 -5.0062E-03
  1.0235E-04  3.9353E-03 -6.6437E-03
  1.3442E-03  4.0943E-03 -7.6139E-03
  6.8111E-04  4.2816E-03 -7.6602E-03
 -9.8383E-04  5.1460E-03 -8.5935E-03
  2.1947E-03  4.3188E-03 -8.5179E-03
  1.1306E-03  3.5795E-03 -6.4363E-03
  2.2291E-03  2.8128E-03 -5.4135E-03
  7.1359E-04  4.1268E-03 -7.3560E-03
  1.6514E-03  3.8541E-03 -7.2743E-03
  3.3126E-04  4.0653E-03 -7.0313E-03
  1.3054E-03  3.6763E-03 -6.7273E-03
  1.7589E-04  4.0488E-03 -6.9170E-03
  9.6764E-04  3.8330E-03 -6.8778E-03
 -1.4677E-03  4.5552E-03 -7.1191E-03
  2.7756E-03  4.3799E-03 -8.9443E-03
  2.0556E-03  5.1839E-03 -1.0240E-02
  4.5473E-03  3.9216E-03 -8.9079E-03
  5.7760E-03  4.3414E-03 -1.0412E-02
  7.5566E-03  3.7462E-03 -1.0096E-02
  8.7076E-03  4.2100E-03 -1.1652E-02
  1.0138E-02  4.1689E-03 -1.2304E-02
  1.1362E-02  4.5201E-03 -1.3663E-02
  1.1135E-02  4.9168E-03 -1.4369E-02
  9.6886E-03  4.9663E-03 -1.3725E-02
  8.4910E-03  4.6142E-03 -1.2378E-02
  5.9719E-03  4.4590E-03 -1.0757E-02
  6.8938E-03  3.8353E-03 -9.9392E-03
  5.1444E-03  5.2747E-03 -1.2021E-02
  5.1347E-03  5.4681E-03 -1.2417E-02
  3.2548E-03  6.1617E-03 -1.2885E-02
  2.9576E-03  6.3100E-03 -1.3040E-02
  2.3804E-03  7.0876E-03 -1.4354E-02
  3.2970E-03  5.6531E-03 -1.1853E-02
  6.5504E-03  5.7654E-03 -1.3764E-02
  6.6443E-03  6.4386E-03 -1.5208E-02
  1.7319E-02 -2.1858E-03 -4.5374E-03
  1.7296E-02 -3.5194E-03 -4.5113E-03
  1.7122E-02 -4.6360E-03 -5.6226E-03
  1.6929E-02 -4.0260E-03 -7.1277E-03
  1.7120E-02 -5.9936E-03 -5.4360E-03
  1.7484E-02 -4.1886E-03 -3.0319E-03
  1.7531E-02 -4.5412E-03 -2.6322E-03
  1.7595E-02 -4.3316E-03 -2.1913E-03
  1.7538E-02 -3.9098E-03 -2.6711E-03
  1.7729E-02 -3.8470E-03 -1.2863E-03
  1.7814E-02 -5.1120E-03 -4.7388E-04
  1.7782E-02 -4.9325E-03 -7.3556E-04
  1.7775E-02 -6.3536E-03 -5.7698E-04
  1.7644E-02 -7.3768E-03 -1.3843E-03
  1.7923E-02 -6.4294E-03  5.2123E-04
  1.7935E-02 -7.7163E-03  8.0340E-04
  1.8140E-02 -7.6642E-03  2.2974E-03
  1.8171E-02 -6.6547E-03  2.3752E-03
  1.8334E-02 -6.5572E-03  3.5543E-03
  1.8034E-02 -5.9841E-03  1.2679E-03
  1.7887E-02 -9.1061E-03  6.5323E-04
  1.7777E-02 -1.0121E-02 -4.4616E-06
  1.7973E-02 -9.1684E-03  1.2955E-03
  1.7938E-02 -1.0480E-02  1.2339E-03
  1.8060E-02 -1.0334E-02  2.1050E-03
  1.8276E-02 -1.0507E-02  3.7165E-03
  1.8303E-02 -1.1833E-02  4.1138E-03
  1.8407E-02 -1.1629E-02  4.8438E-03
  1.8222E-02 -1.3062E-02  3.6959E-03
  1.7723E-02 -1.0889E-02 -2.8055E-04
  1.7648E-02 -1.2154E-02 -6.4481E-04
  1.7624E-02 -9.8156E-03 -1.1692E-03
  1.7418E-02 -1.0128E-02 -2.6335E-03
  1.7347E-02 -8.8165E-03 -3.3518E-03
  1.7397E-02 -8.6484E-03 -3.0108E-03
  1.7273E-02 -7.6098E-03 -4.0685E-03
  1.7614E-02 -8.1287E-03 -1.4958E-03
  1.7299E-02 -1.0689E-02 -3.4214E-03
  1.7166E-02 -1.1718E-02 -4.2440E-03
  1.7355E-02 -1.0073E-02 -3.1043E-03
  1.7254E-02 -1.0561E-02 -3.7711E-03
  1.7330E-02 -9.5983E-03 -3.3588E-03
  1.7253E-02 -1.0321E-02 -3.8172E-03
  1.7265E-02 -8.1130E-03 -4.0559E-03
  1.7361E-02 -7.0826E-03 -3.5064E-03
  1.7292E-02 -1.2111E-02 -3.2657E-03
  1.7156E-02 -1.3025E-02 -4.1251E-03
  1.7477E-02 -1.2378E-02 -1.8676E-03
  1.7535E-02 -1.3807E-02 -1.2306E-03
  1.7753E-02 -1.3870E-02  3.7653E-04
  1.7892E-02 -1.2790E-02  1.2374E-03
  1.7801E-02 -1.5345E-02  9.4643E-04
  1.7407E-02 -1.4915E-02 -2.0069E-03
  1.7326E-02 -1.6043E-02 -2.4310E-03
  1.7384E-02 -1.4556E-02 -2.2268E-03
  1.7265E-02 -1.5489E-02 -2.9619E-03
  1.7288E-02 -1.4848E-02 -2.8863E-03
  1.7501E-02 -1.4720E-02 -1.3472E-03
  1.7546E-02 -1.3924E-02 -1.1310E-03
  1.7623E-02 -1.5398E-02 -3.5091E-04
  1.7047E-02 -1.5720E-02 -4.5250E-03
  1.6943E-02 -1.6898E-02 -5.1139E-03
  1.6978E-02 -1.4585E-02 -5.2050E-03
  1.6772E-02 -1.4660E-02 -6.6995E-03
  1.6720E-02 -1.3154E-02 -7.3043E-03
  1.6725E-02 -1.2192E-02 -7.4133E-03
  1.6700E-02 -1.0643E-02 -7.8240E-03
  1.6706E-02 -9.7576E-03 -7.9096E-03
  1.6666E-02 -8.4086E-03 -8.4072E-03
  1.6675E-02 -7.6866E-03 -8.4499E-03
  1.6618E-02 -7.7714E-03 -8.8525E-03
  1.6726E-02 -1.5613E-02 -6.8974E-03
  1.6557E-02 -1.6154E-02 -8.0582E-03
  1.6876E-02 -1.5906E-02 -5.7514E-03
  1.6838E-02 -1.6765E-02 -5.9065E-03
  1.6919E-02 -1.5895E-02 -5.4442E-03
  1.6910E-02 -1.6861E-02 -5.3608E-03
  1.6799E-02 -1.4664E-02 -6.5022E-03
  1.6909E-02 -1.3440E-02 -5.8771E-03
  1.6903E-02 -1.8234E-02 -5.2113E-03
  1.6784E-02 -1.9292E-02 -5.9288E-03
  1.2873E-02 -1.8369E-02 -1.7175E-03
  9.2116E-03 -1.6705E-02 -2.2329E-03
  8.2504E-03 -1.6545E-02 -3.1945E-03
  8.8581E-03 -1.5749E-02  9.8093E-05
  1.0167E-02 -1.8494E-02 -6.1537E-03
  7.5035E-03 -1.4789E-02  9.3849E-04
  4.7050E-03 -1.3563E-02  4.0868E-04
  9.3242E-03 -1.4613E-02  4.1974E-03
  7.9237E-03 -1.2840E-02  7.4037E-03
  8.1634E-03 -1.2646E-02  8.3421E-03
  8.8647E-03 -1.1935E-02  1.1525E-02
  7.6635E-03 -1.3288E-02  5.6728E-03
  7.8653E-03 -1.3108E-02  6.5134E-03
  1.1147E-02 -1.5067E-02  5.5747E-03
  1.1274E-02 -1.6434E-02  1.6733E-03
  1.4542E-02 -1.8179E-02  1.3533E-03
  1.4966E-02 -1.9646E-02 -2.4001E-03
  1.7711E-02 -2.1495E-02 -3.8155E-03
  1.7860E-02 -2.2727E-02 -7.2797E-03
  2.0333E-02 -2.2126E-02 -1.7692E-03
  4.7165E-03 -1.2051E-02  4.9520E-03
  3.3445E-03 -1.2409E-02  1.8226E-03
  3.5044E-03 -1.0647E-02  7.3348E-03
  4.7644E-04 -9.3838E-03  6.5730E-03
 -1.7711E-03 -7.2581E-03  9.5629E-03
 -2.3058E-03 -6.5805E-03  1.0788E-02
 -4.6734E-03 -6.3066E-03  8.0560E-03
 -5.3974E-03 -5.4369E-03  9.5724E-03
 -3.9983E-03 -6.4116E-03  8.7547E-03
 -4.7951E-03 -5.4948E-03  1.0303E-02
 -1.8513E-03 -8.2941E-03  6.3418E-03
  1.7081E-03 -1.0020E-02  6.5183E-03
  4.0411E-03 -1.0428E-02  8.7963E-03
  2.8623E-05 -1.0002E-02  4.0521E-03
  1.0158E-03 -1.0634E-02  3.6403E-03
  2.5931E-03 -1.2617E-02  7.2801E-05
 -1.1665E-04 -1.2362E-02 -3.2294E-03
  5.4285E-03 -1.4097E-02 -1.0146E-04
 -1.9338E-03 -9.1846E-03  3.5528E-03
 -4.8505E-03 -8.1432E-03  2.2936E-03
 -1.2211E-03 -9.0517E-03  5.0199E-03
 -3.8879E-03 -7.7883E-03  4.7999E-03
 -3.4330E-03 -6.9689E-03  7.9349E-03
 -6.1512E-03 -5.7119E-03  7.6186E-03
 -5.9881E-03 -5.6369E-03  8.0877E-03
 -9.2216E-03 -4.3259E-03  7.1597E-03
 -1.1302E-02 -3.6111E-03  6.1773E-03
 -9.5161E-03 -4.4171E-03  6.4449E-03
 -3.6844E-03 -9.0598E-03  1.2999E-03
 -1.5088E-03 -1.0198E-02  1.1583E-03
 -5.9669E-03 -8.8478E-03 -1.4903E-03
 -6.0400E-03 -9.9977E-03 -5.0415E-03
 -9.3043E-03 -9.1865E-03 -7.5115E-03
 -5.3522E-03 -1.0389E-02 -5.1806E-03
 -2.7623E-03 -1.2069E-02 -6.3227E-03
 -7.6131E-03 -8.8655E-03 -4.0132E-03
 -1.1101E-02 -6.8765E-03 -3.2941E-03
 -1.3031E-02 -6.5376E-03 -5.1747E-03
 -1.0635E-02 -7.3575E-03 -4.0339E-03
 -7.0451E-03 -9.1835E-03 -4.1127E-03
 -4.4705E-03 -9.4418E-03 -1.0228E-03
 -5.3499E-03 -8.3219E-03  1.0095E-03
 -1.3038E-03 -1.0930E-02 -7.2522E-04
  1.4192E-03 -1.1367E-02  2.0510E-03
  5.3519E-04 -9.6625E-03  5.8270E-03
  5.0662E-04 -9.3873E-03  6.6080E-03
  4.6429E-03 -1.3139E-02  1.5870E-03
  7.4875E-03 -1.4291E-02  2.4067E-03
  4.1303E-03 -1.3283E-02  3.8507E-04
  6.9249E-03 -1.4890E-02 -2.3120E-04
  8.4206E-03 -1.4545E-02  3.0451E-03
  1.0705E-02 -1.5784E-02  2.7651E-03
  8.0659E-03 -1.4195E-02  7.8973E-03
  9.3466E-03 -1.3365E-02  1.1132E-02
  7.7480E-03 -1.0809E-02  1.4330E-02
  1.0110E-02 -1.0849E-02  1.7129E-02
  8.8262E-03 -1.0222E-02  1.6827E-02
  5.1952E-03 -7.8297E-03  1.7217E-02
  3.4375E-03 -6.9212E-03  1.6903E-02
  1.4877E-04 -4.7476E-03  1.7270E-02
  4.9520E-03 -8.1909E-03  1.6193E-02
  8.5610E-03 -1.3358E-02  1.0189E-02
  5.6853E-03 -1.2585E-02  8.2378E-03
  1.1100E-02 -1.4184E-02  1.1620E-02
  1.0727E-02 -1.4363E-02  1.0806E-02
  1.3202E-02 -1.7124E-02  8.2621E-03
  1.2219E-02 -1.7306E-02  6.6970E-03
  1.7034E-02 -1.8409E-02  1.0349E-02
  1.1310E-02 -1.3018E-02  1.4224E-02
  1.3798E-02 -1.3194E-02  1.6904E-02
  9.0001E-03 -1.1706E-02  1.4051E-02
  9.1035E-03 -1.0277E-02  1.7054E-02
  5.7349E-03 -7.5274E-03  1.8484E-02
  5.1282E-03 -6.5928E-03  1.9627E-02
  3.2654E-03 -6.7289E-03  1.7080E-02
  2.9257E-03 -6.0552E-03  1.8023E-02
  4.4615E-03 -5.2285E-03  2.1561E-02
  4.1725E-03 -4.6049E-03  2.2465E-02
  6.3147E-03 -5.0592E-03  2.4163E-02
  6.6274E-03 -5.7342E-03  2.3185E-02
  9.2358E-03 -1.1087E-02  1.5585E-02
  8.7231E-03 -1.2435E-02  1.2244E-02
  1.0081E-02 -1.0341E-02  1.8118E-02
  1.0093E-02 -1.0805E-02  1.7197E-02
  1.3746E-02 -1.3063E-02  1.7106E-02
  1.3643E-02 -1.3732E-02  1.5632E-02
  1.3503E-02 -1.5361E-02  1.2180E-02
  1.3227E-02 -1.5136E-02  1.2296E-02
  1.3206E-02 -1.3438E-02  1.5692E-02
  1.3455E-02 -1.2565E-02  1.7754E-02
  8.5872E-03 -8.4926E-03  2.0019E-02
  1.0336E-02 -7.9712E-03  2.3202E-02
  5.3949E-03 -7.1758E-03  1.8778E-02
  3.5213E-03 -4.9098E-03  2.1057E-02
  7.9615E-04 -4.4171E-03  1.8725E-02
  2.5323E-03 -6.5934E-03  1.6459E-02
 -2.1287E-03 -3.8850E-03  1.6230E-02
  5.9114E-03 -4.8119E-03  2.4169E-02
  5.0616E-03 -2.8358E-03  2.7112E-02
  8.8597E-03 -6.9250E-03  2.3509E-02
  1.1335E-02 -6.9923E-03  2.6392E-02
  1.2751E-02 -8.5783E-03  2.4925E-02
  1.0147E-02 -7.4934E-03  2.3934E-02
  8.2153E-03 -8.3461E-03  1.9861E-02
  5.4921E-03 -7.2454E-03  1.8756E-02
  3.5670E-03 -8.0544E-03  1.4779E-02
  1.4411E-02 -7.9630E-03  2.8188E-02
  1.4852E-02 -6.6165E-03  3.1439E-02
  1.6371E-02 -1.0250E-02  2.5973E-02
  1.9552E-02 -1.1527E-02  2.7280E-02
  2.1625E-02 -1.4282E-02  2.4260E-02
  2.1900E-02 -1.5410E-02  2.2325E-02
  2.1624E-02 -1.7118E-02  1.8547E-02
  2.1558E-02 -1.7997E-02  1.6697E-02
  2.1785E-02 -1.7167E-02  1.8645E-02
  2.2092E-02 -1.5473E-02  2.2432E-02
  2.2157E-02 -1.4614E-02  2.4241E-02
  1.9290E-02 -1.0472E-02  2.9085E-02
  2.1524E-02 -1.0448E-02  3.1859E-02
  1.6719E-02 -9.7226E-03  2.7460E-02
  1.6236E-02 -8.6307E-03  2.9070E-02
  1.8436E-02 -1.0589E-02  2.7809E-02
  1.6868E-02 -1.1577E-02  2.3906E-02
  1.6345E-02 -1.1429E-02  2.3565E-02
  1.6160E-02 -1.2468E-02  2.1249E-02
  1.2331E-02 -6.6602E-03  2.8276E-02
  1.1053E-02 -6.9469E-03  2.6140E-02
  1.0363E-02 -4.6180E-03  2.9988E-02
  1.1599E-02 -3.9732E-03  3.2795E-02
  8.6997E-03 -1.1915E-03  3.4862E-02
  5.4510E-03 -7.6259E-04  3.1763E-02
  6.5637E-03 -2.5886E-03  2.9442E-02
  5.7319E-03 -1.4239E-03  3.0774E-02
  7.9574E-03 -1.6448E-03  3.3043E-02
  2.6439E-03 -3.6748E-04  2.9135E-02
  4.9409E-05 -4.7627E-04  2.5752E-02
 -2.9469E-03  1.4010E-03  2.5878E-02
 -1.1426E-03  1.0699E-03  2.7412E-02
  1.8726E-03  7.7272E-04  3.0491E-02
  7.4540E-04  3.2506E-03  3.4107E-02
 -3.0271E-04  4.2420E-03  3.4825E-02
  5.1324E-04  2.6614E-03  3.9241E-02
 -6.0096E-04  4.9674E-03  4.3033E-02
 -3.0525E-04  5.5718E-03  4.4617E-02
  3.7702E-03  4.1043E-03  4.5581E-02
  3.6517E-03  4.6371E-03  4.6597E-02
  7.4287E-03  2.7644E-03  4.6399E-02
  6.9127E-03  2.8089E-03  4.5976E-02
 -4.7164E-03  6.6941E-03  4.2580E-02
 -5.5925E-03  8.0721E-03  4.4635E-02
 -7.2505E-03  6.6502E-03  3.9944E-02
 -1.1238E-02  8.1459E-03  3.9128E-02
 -1.4031E-02  8.9720E-03  3.8085E-02
 -1.3066E-02  9.8869E-03  4.1000E-02
 -1.8156E-02  1.0817E-02  3.7875E-02
 -1.1199E-02  6.4679E-03  3.5594E-02
 -1.1099E-02  4.9399E-03  3.2441E-02
 -1.0905E-02  6.6158E-03  3.6204E-02
 -1.0761E-02  5.0830E-03  3.3085E-02
 -1.0692E-02  5.7405E-03  3.4555E-02
 -1.0348E-02  4.1620E-03  3.1539E-02
 -6.2945E-03  1.8611E-03  3.0707E-02
 -5.8593E-03  3.9866E-05  2.7266E-02
 -3.6059E-03  1.8748E-03  3.3434E-02
 -1.4032E-02  5.0148E-03  2.9658E-02
 -1.7399E-02  6.8235E-03  3.0131E-02
 -1.2943E-02  2.8997E-03  2.6247E-02
 -1.5675E-02  2.5279E-03  2.2715E-02
 -1.6436E-02  2.5616E-03  2.2024E-02
 -1.8425E-02  2.0829E-03  1.9009E-02
 -1.4669E-02  3.0046E-03  2.4739E-02
 -1.5181E-02  3.1577E-03  2.4552E-02
 -1.7085E-02  5.6229E-03  2.7890E-02
 -2.0893E-02  7.5153E-03  2.8098E-02
 -2.4135E-02  7.9318E-03  2.5733E-02
 -2.7957E-02  1.0186E-02  2.6698E-02
 -3.1180E-02  1.0895E-02  2.4973E-02
 -1.1338E-02  1.5245E-03  2.4931E-02
 -8.5592E-03  1.3572E-03  2.7362E-02
 -1.1214E-02  3.7975E-04  2.2618E-02
 -7.7130E-03 -1.2102E-03  2.2745E-02
 -7.9797E-03 -2.7727E-03  1.9151E-02
 -4.7796E-03 -4.1127E-03  1.9508E-02
 -5.7288E-03 -3.9631E-03  1.8875E-02
 -1.3570E-03 -5.2840E-03  2.0449E-02
 -7.0471E-03  1.8600E-04  2.6386E-02
 -9.4972E-03  1.6454E-03  2.7035E-02
 -3.6385E-03 -3.6295E-04  2.8637E-02
 -2.5002E-03  8.1619E-04  3.2289E-02
  1.4474E-03 -1.2861E-04  3.4239E-02
  1.4707E-03  2.5885E-04  3.5087E-02
  4.6632E-03 -9.4434E-04  3.5728E-02
 -1.7024E-03  1.7706E-03  3.5122E-02
 -2.5320E-03  8.2963E-04  3.2286E-02
 -3.0509E-03  2.4247E-03  3.5162E-02
 -1.9054E-03 -9.5793E-04  2.9109E-02
 -1.8208E-03 -1.1305E-03  2.8826E-02
  1.3040E-03 -3.6750E-03  2.6544E-02
  5.1238E-03 -4.1775E-03  2.9307E-02
  2.5514E-04 -4.1728E-03  2.4432E-02
 -5.6794E-03 -1.3163E-05  2.7334E-02
 -6.3274E-03  8.3008E-04  2.8479E-02
 -8.2864E-03  8.9986E-05  2.4938E-02
 -1.2021E-02  1.1019E-03  2.3346E-02
 -1.2614E-02 -6.7669E-04  1.8963E-02
 -9.4007E-03 -2.8138E-03  1.7637E-02
 -1.2633E-02 -1.3240E-03  1.7566E-02
 -1.5453E-02  3.2552E-03  2.4486E-02
 -1.8644E-02  4.5720E-03  2.4088E-02
 -1.4785E-02  3.6559E-03  2.6009E-02
 -1.7939E-02  5.6170E-03  2.7021E-02
 -2.0513E-02  5.0449E-03  2.3220E-02
 -2.4045E-02  6.5335E-03  2.2846E-02
 -2.0117E-02 -7.1363E-04  1.9723E-02
 -2.1497E-02 -1.0996E-03  1.6159E-02
 -2.0503E-02 -2.1371E-03  1.2900E-02
 -2.2746E-02 -2.2979E-03  9.1732E-03
 -2.1893E-02 -3.2357E-03  6.1664E-03
 -2.2352E-02 -3.8622E-03  2.7750E-03
 -2.0744E-02 -3.3558E-03  7.1803E-03
 -1.9736E-02 -1.7121E-03  1.5814E-02
 -1.6495E-02 -2.4439E-03  1.6931E-02
 -2.1860E-02 -1.4118E-03  1.4288E-02
 -2.0455E-02 -1.9271E-03  1.3895E-02
 -2.3531E-02 -1.3209E-03  1.2443E-02
 -2.6410E-02  1.9933E-04  1.5305E-02
 -2.5921E-02  4.9438E-04  1.7269E-02
 -2.8716E-02  1.3895E-03  1.7475E-02
 -2.2786E-02 -1.5155E-04  1.8624E-02
 -1.7129E-02 -3.4765E-03  1.1506E-02
 -1.6701E-02 -4.2170E-03  8.8022E-03
 -1.4727E-02 -3.9484E-03  1.2645E-02
 -1.1398E-02 -5.3909E-03  1.0733E-02
 -8.2566E-03 -5.6935E-03  1.3617E-02
 -7.3591E-03 -5.2540E-03  1.6770E-02
 -6.1525E-03 -5.9911E-03  1.5128E-02
 -4.3649E-03 -5.5574E-03  1.9452E-02
 -1.2083E-02 -5.8033E-03  7.9854E-03
 -1.4780E-02 -4.9353E-03  8.2042E-03
 -9.5273E-03 -7.1362E-03  5.5194E-03
 -9.7863E-03 -7.7057E-03  2.6494E-03
 -1.0999E-02 -8.2009E-03 -1.1734E-03
 -1.5139E-02 -7.0085E-03 -1.4594E-03
 -9.0997E-03 -8.8672E-03 -1.5710E-03
 -6.1120E-03 -8.9122E-03  2.2467E-03
 -3.3914E-03 -9.2624E-03  4.3538E-03
 -6.0822E-03 -9.5124E-03 -3.7110E-04
 -2.7079E-03 -1.0689E-02 -1.0465E-03
 -3.0828E-03 -1.0442E-02 -4.5489E-04
 -1.5974E-03 -1.0004E-02  3.4833E-03
 -6.8941E-03 -9.4122E-03 -1.0192E-03
 -2.0848E-03 -1.1797E-02 -5.1146E-03
 -4.7453E-03 -1.1515E-02 -7.4424E-03
  1.3480E-03 -1.3023E-02 -5.9258E-03
  2.2034E-03 -1.4154E-02 -9.7865E-03
  6.0727E-03 -1.5345E-02 -9.8567E-03
  6.4544E-03 -1.6109E-02 -1.2726E-02
  1.0529E-02 -1.7473E-02 -1.3289E-02
  1.2645E-02 -1.7335E-02 -9.8336E-03
  1.2699E-02 -1.7023E-02 -8.3814E-03
  1.4738E-02 -1.6931E-02 -5.2296E-03
  1.0705E-02 -1.6785E-02 -1.0008E-02
  1.9882E-03 -1.4566E-02 -1.1902E-02
  2.3803E-03 -1.4294E-02 -1.0169E-02
  1.2886E-03 -1.5194E-02 -1.5622E-02
  1.0626E-03 -1.5638E-02 -1.7893E-02
 -8.5897E-05 -1.6224E-02 -2.2028E-02
  2.8598E-04 -1.6958E-02 -2.4781E-02
 -2.1080E-03 -1.6021E-02 -2.3848E-02
 -6.1931E-03 -1.5055E-02 -2.5067E-02
 -6.9875E-03 -1.5757E-02 -2.9243E-02
  4.8021E-03 -1.6716E-02 -1.7636E-02
  5.0322E-03 -1.6707E-02 -1.7290E-02
  7.6988E-03 -1.7617E-02 -1.7733E-02
  1.1490E-02 -1.8719E-02 -1.7515E-02
  1.4149E-02 -1.9577E-02 -1.7740E-02
  1.3374E-02 -2.0132E-02 -2.1242E-02
  1.4221E-02 -2.0347E-02 -2.1054E-02
  1.1947E-02 -2.0358E-02 -2.4160E-02
  1.2402E-02 -1.8173E-02 -1.3870E-02
  1.4277E-02 -1.8737E-02 -1.3847E-02
  1.1026E-02 -1.7064E-02 -1.0809E-02
  1.1695E-02 -1.6428E-02 -7.0933E-03
  1.0179E-02 -1.5305E-02 -4.1601E-03
  1.1629E-02 -1.5798E-02 -4.3929E-03
  1.0196E-02 -1.4914E-02 -2.4057E-03
  1.4156E-02 -1.7052E-02 -6.5509E-03
  1.0084E-02 -1.5861E-02 -6.7485E-03
  1.1129E-02 -1.5586E-02 -4.1289E-03
  7.5923E-03 -1.5711E-02 -9.4342E-03
  5.8359E-03 -1.5188E-02 -9.4803E-03
  3.3294E-03 -1.5236E-02 -1.3062E-02
 -7.1158E-04 -1.3892E-02 -1.2544E-02
 -3.0283E-03 -1.3280E-02 -1.2950E-02
 -6.6268E-03 -1.2353E-02 -1.3683E-02
 -1.5981E-03 -1.3641E-02 -1.2625E-02
  8.6343E-03 -1.5978E-02 -9.2155E-03
  1.1017E-02 -1.7212E-02 -1.1480E-02
  1.4018E-02 -1.6213E-02 -5.1703E-03
  1.4613E-02 -1.5380E-02 -4.3296E-03
  1.4817E-02 -1.6259E-02 -3.4018E-03
  1.5237E-02 -1.5500E-02 -2.9010E-03
  1.5331E-02 -1.6433E-02 -2.1841E-03
  1.5887E-02 -1.6335E-02 -1.0253E-03
  1.4854E-02 -1.7254E-02 -2.7772E-03
  1.5163E-02 -1.4471E-02 -3.6265E-03
  1.5500E-02 -1.3285E-02 -3.5406E-03
  1.5251E-02 -1.5018E-02 -3.1352E-03
  1.5761E-02 -1.4252E-02 -2.4411E-03
  1.5764E-02 -1.5183E-02 -1.9242E-03
  1.6201E-02 -1.4455E-02 -1.3702E-03
  1.5872E-02 -1.4938E-02 -1.8234E-03
  1.5948E-02 -1.5867E-02 -1.1485E-03
  1.5538E-02 -1.4389E-02 -2.8538E-03
  1.5672E-02 -1.3054E-02 -3.2929E-03
  1.6132E-02 -1.1944E-02 -2.8960E-03
  1.5074E-02 -1.3306E-02 -4.4582E-03
  1.4911E-02 -1.2276E-02 -5.3784E-03
  1.4214E-02 -1.2931E-02 -6.5421E-03
  1.4032E-02 -1.1901E-02 -7.5022E-03
  1.4141E-02 -1.3963E-02 -6.1354E-03
  1.5009E-02 -1.1206E-02 -5.7523E-03
  1.5318E-02 -9.9946E-03 -5.7403E-03
  1.4781E-02 -1.1650E-02 -6.0063E-03
  1.4839E-02 -1.0721E-02 -6.3884E-03
  1.4494E-02 -1.1484E-02 -6.7235E-03
  1.3791E-02 -1.2323E-02 -7.7974E-03
  1.4566E-02 -1.0494E-02 -7.1091E-03
  1.5537E-02 -9.7880E-03 -5.3750E-03
  1.5730E-02 -8.5506E-03 -5.6337E-03
  1.5921E-02 -1.0369E-02 -4.2198E-03
  1.6597E-02 -9.5538E-03 -3.1909E-03
  1.6918E-02 -1.0458E-02 -1.9946E-03
  1.6713E-02 -1.1096E-02 -2.0942E-03
  1.7265E-02 -1.1225E-02 -8.1680E-04
  1.7168E-02 -1.1389E-02 -9.4047E-04
  1.6942E-02 -1.2570E-02 -7.8623E-04
  1.6867E-02 -1.2629E-02 -9.1717E-04
  1.6787E-02 -1.3695E-02 -5.0679E-04
  1.6968E-02 -8.5472E-03 -2.9324E-03
  1.7422E-02 -7.4605E-03 -2.5370E-03
  1.6768E-02 -8.8948E-03 -3.1796E-03
  1.7074E-02 -8.0113E-03 -2.9961E-03
  1.6853E-02 -8.7936E-03 -3.0487E-03
  1.7379E-02 -8.9130E-03 -1.8347E-03
  1.7071E-02 -1.0063E-02 -1.8770E-03
  1.6480E-02 -1.0031E-02 -3.1852E-03
  1.6025E-02 -1.1371E-02 -3.4448E-03
  1.6895E-02 -6.8284E-03 -4.0335E-03
  1.7307E-02 -5.6699E-03 -3.7695E-03
  1.6284E-02 -7.1101E-03 -5.2131E-03
  1.6079E-02 -6.0342E-03 -6.2499E-03
  1.5368E-02 -6.6108E-03 -7.4859E-03
  1.4923E-02 -7.1918E-03 -8.1387E-03
  1.4300E-02 -7.0387E-03 -9.5828E-03
  1.3914E-02 -7.8638E-03 -9.9725E-03
  1.3426E-02 -9.0840E-03 -1.0368E-02
  1.3105E-02 -9.7636E-03 -1.0696E-02
  1.3254E-02 -9.6189E-03 -1.0451E-02
  1.6454E-02 -4.9803E-03 -6.0078E-03
  1.6652E-02 -3.7597E-03 -6.2453E-03
  1.6550E-02 -5.4530E-03 -5.5397E-03
  1.6888E-02 -4.5428E-03 -5.3012E-03
  1.6794E-02 -5.3063E-03 -5.0888E-03
  1.6121E-02 -5.8820E-03 -6.2407E-03
  1.5961E-02 -4.7464E-03 -7.2125E-03
  1.6095E-02 -6.8335E-03 -5.7775E-03
  1.7591E-02 -3.6723E-03 -4.2434E-03
  1.7839E-02 -2.4882E-03 -4.3514E-03
  1.7925E-02 -4.2231E-03 -3.2137E-03
  1.8609E-02 -3.3975E-03 -2.1724E-03
  1.8949E-02 -4.2338E-03 -9.7275E-04
  1.9644E-02 -3.2934E-03  2.9257E-05
  1.8606E-02 -4.9932E-03 -1.3042E-03
  1.8665E-02 -2.2912E-03 -2.6579E-03
  1.9034E-02 -1.0844E-03 -2.5134E-03
  1.8251E-02 -2.7297E-03 -3.3193E-03
  1.8207E-02 -1.8775E-03 -3.8839E-03
  1.7637E-02 -2.7710E-03 -4.6379E-03
  1.7699E-02 -2.4288E-03 -4.6904E-03
  1.7290E-02 -1.7252E-03 -5.9671E-03
  1.7537E-02 -7.0784E-04 -5.9870E-03
  1.6723E-02 -2.1966E-03 -6.9473E-03
  1.8108E-02 -6.9262E-04 -4.7486E-03
  1.8403E-02  4.8649E-04 -4.7496E-03
  1.5359E-02 -1.7733E-03 -1.9513E-03
  1.3460E-02 -1.5407E-03 -2.2844E-03
  1.3854E-02 -1.7972E-03 -4.1081E-03
  1.1849E-02 -1.5918E-03 -4.8250E-03
  1.0684E-02 -1.6278E-03 -6.6538E-03
  8.7556E-03 -1.4207E-03 -7.2573E-03
  7.9736E-03 -1.1737E-03 -6.0191E-03
  6.0316E-03 -9.6484E-04 -6.6234E-03
  9.1187E-03 -1.1376E-03 -4.2145E-03
  1.1054E-02 -1.3469E-03 -3.6227E-03
  1.1504E-02 -1.3238E-03 -2.8330E-03
  9.7650E-03 -9.8138E-04 -1.9613E-03
  1.1789E-02 -1.5222E-03 -4.2695E-03
  1.0027E-02 -1.3455E-03 -4.9336E-03
  1.0597E-02 -1.6514E-03 -6.9807E-03
  1.0485E-02 -1.8490E-03 -8.9221E-03
  1.2044E-02 -2.2093E-03 -1.0188E-02
  1.1043E-02 -2.2354E-03 -1.1715E-02
  8.9459E-03 -1.9034E-03 -1.1400E-02
  8.5697E-03 -1.6655E-03 -9.7224E-03
  9.2166E-03 -1.0488E-03 -3.2811E-03
  7.2688E-03 -7.6317E-04 -3.1951E-03
  1.0653E-02 -1.1133E-03 -2.0165E-03
  9.8949E-03 -8.2632E-04 -3.8411E-04
  1.1793E-02 -9.7328E-04  7.2635E-04
  1.3301E-02 -1.0391E-03  2.0717E-03
  1.5178E-02 -1.1816E-03  3.1957E-03
  1.6152E-02 -1.4445E-03  2.0607E-03
  1.5763E-02 -1.0612E-03  5.0448E-03
  8.5605E-03 -4.5134E-04  1.3053E-03
  6.9898E-03 -1.3256E-04  2.1789E-03
  9.1757E-03 -4.9817E-04  1.6725E-03
  8.1616E-03 -1.8310E-04  3.2299E-03
  9.8458E-03 -3.4781E-04  3.9032E-03
  9.1726E-03 -7.7567E-05  5.4926E-03
  1.1552E-02 -3.1870E-04  6.3678E-03
  1.1101E-02 -3.8935E-04  5.1442E-03
  6.0442E-03  2.9975E-05  2.4378E-03
  4.4700E-03  3.8577E-04  3.6436E-03
  5.9447E-03 -1.8261E-04  3.7669E-04
  4.0461E-03 -1.1366E-05 -5.1371E-04
  4.7013E-03 -2.7283E-04 -2.0464E-03
  2.9091E-03 -4.8779E-05 -2.3195E-03
  6.5091E-03 -4.2572E-04 -1.1061E-03
  2.3738E-03  1.0405E-04 -1.6198E-03
  5.3927E-04  3.2783E-04 -1.9500E-03
  2.9510E-03 -3.6076E-05 -2.1500E-03
  1.4226E-03  6.3875E-05 -3.2114E-03
  2.4939E-03 -1.3727E-04 -3.6592E-03
 -7.0156E-04  5.0321E-04 -1.9549E-03
 -2.4418E-03  6.4758E-04 -2.8855E-03
 -6.0110E-04  7.2210E-04  1.6479E-04
  1.2396E-03  6.0917E-04  1.5108E-03
  3.0466E-04  9.8929E-04  3.7617E-03
 -1.9769E-03  1.2728E-03  3.3989E-03
 -2.6420E-03  1.1407E-03  1.3403E-03
 -3.8517E-03  1.3617E-03  1.7899E-03
 -5.8083E-03  1.6771E-03  2.1354E-03
 -2.7150E-03  1.1894E-03  1.6888E-03
 -3.7220E-03  1.3675E-03  2.0101E-03
 -2.0077E-03  1.1601E-03  2.3339E-03
 -2.9429E-03  1.3297E-03  2.6709E-03
 -1.0690E-03  1.0977E-03  2.9768E-03
 -4.4193E-03  1.7538E-03  4.6232E-03
 -5.1056E-03  1.3474E-03  4.3570E-05
 -6.8791E-03  1.6178E-03  2.1642E-04
 -4.2667E-03  1.0199E-03 -1.8521E-03
 -5.4365E-03  9.6443E-04 -3.8649E-03
 -4.1292E-03  5.6512E-04 -5.8103E-03
 -5.3886E-03  5.1182E-04 -7.9184E-03
 -1.9813E-03  2.5792E-04 -5.8347E-03
 -2.2191E-03  2.9360E-04 -5.8168E-03
 -7.4571E-03  1.2613E-03 -3.7701E-03
 -9.2288E-03  1.4508E-03 -4.3313E-03
 -7.1635E-03  1.2993E-03 -3.0463E-03
 -8.9442E-03  1.5720E-03 -2.8625E-03
 -1.0559E-02  1.9813E-03 -1.2227E-03
 -1.2495E-02  2.2281E-03 -1.4743E-03
 -1.0494E-02  2.2268E-03 -2.5433E-04
 -1.1254E-02  1.6521E-03  1.1465E-03
 -9.8664E-03  8.9991E-04  2.6510E-03
 -1.0361E-02  2.9957E-04  4.0728E-03
 -1.1506E-02 -2.5847E-04  5.4891E-03
 -1.1954E-02 -8.2182E-04  6.8211E-03
 -1.1248E-02 -8.2475E-04  6.7304E-03
 -1.1647E-02 -1.4071E-03  8.0985E-03
 -1.0110E-02 -2.6725E-04  5.3162E-03
 -9.6700E-03  2.8487E-04  4.0107E-03
 -1.1470E-02  1.9779E-03  4.4160E-04
 -1.2994E-02  1.9897E-03  6.2513E-04
 -9.9407E-03  2.2368E-03 -3.5309E-04
 -1.0004E-02  2.5527E-03 -1.0568E-03
 -8.0202E-03  2.6462E-03 -1.5413E-03
 -6.9928E-03  1.8861E-03  3.0834E-05
 -5.2089E-03  1.5879E-03  4.5716E-04
 -4.2962E-03  8.6029E-04  1.9719E-03
 -5.1868E-03  4.2251E-04  3.0818E-03
 -4.3104E-03 -3.0800E-04  4.6081E-03
 -6.9521E-03  7.0853E-04  2.6805E-03
 -7.8473E-03  1.4441E-03  1.1454E-03
 -1.1383E-02  3.2933E-03 -2.5365E-03
 -1.1995E-02  3.4568E-03 -2.8206E-03
 -1.1854E-02  3.7540E-03 -3.5101E-03
 -1.3264E-02  4.4466E-03 -4.8775E-03
 -1.3273E-02  5.0201E-03 -6.1692E-03
 -1.1505E-02  5.2984E-03 -7.0406E-03
 -1.5233E-02  4.1879E-03 -4.0224E-03
 -1.6389E-02  4.5046E-03 -4.5771E-03
 -1.5628E-02  3.6153E-03 -2.6768E-03
 -1.7490E-02  3.3339E-03 -1.7854E-03
 -1.7753E-02  2.7453E-03 -4.2182E-04
 -1.9040E-02  3.0971E-03 -1.0377E-03
 -1.9685E-02  2.4706E-03  4.6394E-04
 -2.0795E-02  2.8325E-03 -1.9890E-04
 -2.1173E-02  2.2407E-03  1.1876E-03
 -1.7746E-02  2.9846E-03 -9.6261E-04
 -1.9296E-02  3.0773E-03 -9.5769E-04
 -1.6200E-02  2.5988E-03 -3.0596E-04
 -1.6239E-02  2.2484E-03  4.8967E-04
 -1.4335E-02  1.7624E-03  1.3226E-03
 -1.4104E-02  9.9079E-04  3.0307E-03
 -1.5520E-02  4.8537E-04  4.3656E-03
 -1.6595E-02  2.1907E-04  5.1144E-03
 -1.5600E-02  3.7052E-04  4.6357E-03
 -1.6603E-02  2.8965E-03 -9.2144E-04
 -1.7729E-02  2.8501E-03 -6.6160E-04
 -1.5647E-02  3.5024E-03 -2.4196E-03
 -1.5854E-02  4.1621E-03 -3.8784E-03
 -1.4548E-02  4.7516E-03 -5.3879E-03
 -1.7912E-02  4.5319E-03 -4.4285E-03
 -1.8705E-02  4.6919E-03 -4.6799E-03
 -1.8773E-02  4.6534E-03 -4.5837E-03
 -2.0778E-02  4.9936E-03 -5.0741E-03
 -2.1274E-02  5.1732E-03 -5.4106E-03
 -2.0515E-02  5.9146E-03 -7.1872E-03
 -2.0601E-02  5.9858E-03 -7.3358E-03
 -1.9271E-02  6.2663E-03 -8.1519E-03
 -2.1991E-02  5.7715E-03 -6.6607E-03
 -2.2098E-02  4.4413E-03 -3.6467E-03
 -2.3638E-02  4.6938E-03 -4.0037E-03
 -2.1464E-02  3.6879E-03 -2.0354E-03
 -2.2570E-02  3.1149E-03 -5.9087E-04
 -2.1869E-02  2.3164E-03  1.1129E-03
 -2.2401E-02  3.1055E-03 -5.9298E-04
 -2.3377E-02  2.7173E-03  4.1715E-04
 -2.1112E-02  3.5133E-03 -1.6904E-03
 -2.0841E-02  3.5491E-03 -1.8084E-03
 -1.9537E-02  2.8693E-03 -4.5538E-04
 -1.9367E-02  2.7918E-03 -3.0409E-04
 -1.8556E-02  2.3934E-03  4.8238E-04
 -1.7259E-02  1.7079E-03  1.8489E-03
 -1.7092E-02  1.0813E-03  3.2388E-03
 -1.8832E-02  6.4039E-04  4.4730E-03
 -1.9581E-02  5.7697E-04  4.7193E-03
 -1.9475E-02  3.5356E-04  5.2084E-03
 -1.5253E-02  1.8686E-03  1.2100E-03
 -1.4175E-02  1.3717E-03  2.1817E-03
 -1.5455E-02  3.5549E-03  1.4052E-03
 -1.3262E-02  3.4521E-03  2.4298E-04
 -1.1721E-02  2.2238E-03  1.3183E-03
 -1.2382E-02  2.3609E-03  1.4954E-03
 -9.5217E-03  2.0431E-03  2.8038E-04
 -1.3459E-02  4.7109E-03 -1.6969E-03
 -1.5253E-02  5.5376E-03 -1.9618E-03
 -1.1687E-02  4.9169E-03 -3.1086E-03
 -1.1676E-02  6.0879E-03 -5.0316E-03
 -1.1071E-02  6.9366E-03 -6.7874E-03
 -1.2764E-02  7.6651E-03 -6.9526E-03
 -1.2345E-02  6.8626E-03 -5.8936E-03
 -1.0963E-02  7.2135E-03 -7.3058E-03
 -1.0425E-02  6.4208E-03 -6.3350E-03
 -1.0011E-02  5.5819E-03 -5.2132E-03
 -8.2051E-03  4.6642E-03 -4.8071E-03
 -1.0630E-02  6.1494E-03 -5.7665E-03
 -9.1515E-03  5.7255E-03 -5.9696E-03
 -1.0232E-02  5.3231E-03 -4.6556E-03
 -9.1523E-03  5.2208E-03 -5.1433E-03
 -1.0036E-02  6.2593E-03 -6.3069E-03
 -8.9994E-03  6.2425E-03 -6.9080E-03
 -7.0616E-03  5.1848E-03 -6.3524E-03
 -6.1194E-03  5.2538E-03 -7.0368E-03
 -6.1209E-03  4.1172E-03 -5.1761E-03
 -7.1840E-03  4.1381E-03 -4.5656E-03
 -8.6551E-03  6.8788E-03 -8.1580E-03
 -1.0084E-02  8.0272E-03 -9.1704E-03
 -6.6501E-03  6.6028E-03 -8.9224E-03
 -6.1395E-03  7.6907E-03 -1.1012E-02
 -5.4356E-03  8.2529E-03 -1.2359E-02
 -4.3888E-03  7.2306E-03 -1.1321E-02
 -2.9085E-03  6.1055E-03 -1.0378E-02
 -4.6114E-03  8.0756E-03 -1.2569E-02
 -3.0042E-03  7.7415E-03 -1.2997E-02
 -4.1276E-03  8.1912E-03 -1.3051E-02
 -2.5494E-03  7.9394E-03 -1.3597E-02
 -2.9045E-03  7.1409E-03 -1.2075E-02
 -5.1588E-03  7.8389E-03 -1.1849E-02
 -6.8765E-03  7.6021E-03 -1.0420E-02
 -1.5599E-03  8.4295E-03 -1.4999E-02
 -2.3702E-03  9.6178E-03 -1.6452E-02
  5.7033E-04  7.6903E-03 -1.5081E-02
  2.1623E-03  8.1818E-03 -1.6851E-02
  3.7839E-03  7.2454E-03 -1.6302E-02
  2.7416E-03  7.5676E-03 -1.6197E-02
  5.9068E-03  7.3414E-03 -1.7747E-02
  3.4028E-03  8.2317E-03 -1.7685E-02
  4.2993E-03  7.2461E-03 -1.6616E-02
  3.4460E-03  9.3801E-03 -1.9590E-02
  4.6187E-03  9.4958E-03 -2.0491E-02
  3.8776E-03  1.0967E-02 -2.2448E-02
  4.8181E-03  1.1150E-02 -2.3318E-02
  5.0189E-03  1.2193E-02 -2.5147E-02
  5.3131E-03  1.0281E-02 -2.2196E-02
  7.0156E-03  8.8230E-03 -2.0844E-02
  7.7528E-03  9.3202E-03 -2.2104E-02
  8.1904E-03  7.6499E-03 -1.9637E-02
  1.0496E-02  6.9229E-03 -1.9845E-02
  1.1882E-02  7.3920E-03 -2.1454E-02
  1.3886E-02  6.8096E-03 -2.1716E-02
  1.0823E-02  8.4354E-03 -2.2519E-02
  1.1971E-02  8.9879E-03 -2.4119E-02
  1.0727E-02  9.5274E-03 -2.4247E-02
  1.0243E-02  8.4710E-03 -2.2225E-02
  8.7128E-03  1.0666E-02 -2.4889E-02
  1.2237E-02  1.0126E-02 -2.6143E-02
  1.2802E-02  1.0861E-02 -2.7689E-02
  1.1677E-02  1.0331E-02 -2.6138E-02
  1.1881E-02  1.1371E-02 -2.7964E-02
  1.0051E-02  1.1979E-02 -2.7849E-02
  7.9591E-03  1.2916E-02 -2.8113E-02
  6.5054E-03  1.3471E-02 -2.8140E-02
  4.2614E-03  1.4426E-02 -2.8341E-02
  3.0101E-03  1.5053E-02 -2.8608E-02
  1.3965E-02  1.0814E-02 -2.8317E-02
  1.5021E-02  9.6087E-03 -2.6985E-02
  1.5184E-02  1.3156E-02 -3.4640E-02
  1.4100E-02  1.4230E-02 -3.7157E-02
  1.4237E-02  1.4582E-02 -3.8221E-02
  1.6951E-02  1.3824E-02 -3.7386E-02
  1.7208E-02  1.2843E-02 -3.4732E-02
  1.6534E-02  1.2218E-02 -3.2636E-02
  1.4214E-02  1.2451E-02 -3.2174E-02
  1.8562E-02  1.1435E-02 -3.1397E-02
  1.8226E-02  1.0771E-02 -2.9354E-02
  2.0955E-02  1.0045E-02 -2.8616E-02
  2.2379E-02  9.3189E-03 -2.7249E-02
  2.0677E-02  9.4963E-03 -2.6928E-02
  1.6399E-02  1.1339E-02 -3.0080E-02
  1.4695E-02  1.1084E-02 -2.8531E-02
  1.6644E-02  1.2151E-02 -3.2498E-02
  1.5004E-02  1.2769E-02 -3.3456E-02
  1.6105E-02  1.3485E-02 -3.6016E-02
  1.2137E-02  1.3316E-02 -3.3620E-02
  1.0309E-02  1.3590E-02 -3.3510E-02
  1.1708E-02  1.3517E-02 -3.3981E-02
  8.9907E-03  1.4022E-02 -3.4097E-02
  8.7845E-03  1.4574E-02 -3.5562E-02
  6.0537E-03  1.5406E-02 -3.6597E-02
  5.9490E-03  1.6121E-02 -3.8571E-02
  3.7516E-03  1.6604E-02 -3.8876E-02
  8.0387E-03  1.6206E-02 -3.9824E-02
  7.7762E-03  1.3291E-02 -3.1438E-02
  5.5701E-03  1.3477E-02 -3.0898E-02
  9.2656E-03  1.2434E-02 -2.9729E-02
  8.2797E-03  1.1668E-02 -2.7083E-02
  1.0385E-02  1.0739E-02 -2.5469E-02
  1.1243E-02  1.0948E-02 -2.6478E-02
  9.2806E-03  9.9718E-03 -2.2762E-02
  7.4664E-03  1.1410E-02 -2.5959E-02
  5.3058E-03  1.1353E-02 -2.4753E-02
  9.2115E-03  1.1270E-02 -2.6407E-02
  8.7395E-03  1.1042E-02 -2.5532E-02
  1.1088E-02  1.0972E-02 -2.6471E-02
  1.1135E-02  1.0589E-02 -2.5407E-02
  1.0721E-02  1.1393E-02 -2.7486E-02
  1.2993E-02  1.1146E-02 -2.7883E-02
  1.2906E-02  1.1011E-02 -2.7459E-02
  1.5078E-02  1.0787E-02 -2.7877E-02
  1.0654E-02  1.1098E-02 -2.6615E-02
  6.1414E-03  1.1851E-02 -2.6567E-02
  4.4703E-03  1.1649E-02 -2.5185E-02
  5.7455E-03  1.2770E-02 -2.8979E-02
  3.3221E-03  1.3598E-02 -3.0153E-02
  3.4184E-03  1.4551E-02 -3.2899E-02
  9.8367E-04  1.3491E-02 -2.8718E-02
 -9.7561E-04  1.3597E-02 -2.8071E-02
  1.1976E-03  1.3271E-02 -2.8198E-02
 -9.3491E-04  1.3143E-02 -2.6804E-02
 -2.3928E-04  1.2908E-02 -2.6475E-02
 -5.9766E-04  1.3799E-02 -2.8826E-02
  5.8318E-04  1.3653E-02 -2.8983E-02
 -2.0608E-03  1.4635E-02 -3.0488E-02
 -1.5783E-03  1.2333E-02 -2.4197E-02
 -3.9174E-03  1.2464E-02 -2.3437E-02
  4.7915E-04  1.1499E-02 -2.2829E-02
  1.0824E-04  1.0675E-02 -2.0318E-02
  2.7646E-03  9.8330E-03 -1.9216E-02
  3.7261E-03  9.3413E-03 -1.8288E-02
  1.4759E-03  9.1724E-03 -1.6721E-02
  6.0491E-03  8.3852E-03 -1.6703E-02
 -1.4912E-03  1.0918E-02 -2.0230E-02
 -3.0501E-03  1.0544E-02 -1.8418E-02
 -1.1022E-03  1.1536E-02 -2.2171E-02
 -2.5804E-03  1.1817E-02 -2.2252E-02
 -1.4063E-03  1.2356E-02 -2.4346E-02
  1.2834E-03  1.1691E-02 -2.3763E-02
  2.0853E-03  1.2126E-02 -2.5384E-02
  3.7778E-03  1.2472E-02 -2.7184E-02
  1.0433E-03  1.2112E-02 -2.4840E-02
 -5.4975E-03  1.2450E-02 -2.2633E-02
 -7.2305E-03  1.2391E-02 -2.1628E-02
 -4.7561E-03  1.1711E-02 -2.3816E-02
 -7.5944E-03  1.1783E-02 -2.4670E-02
 -7.6745E-03  1.2752E-02 -2.7469E-02
 -7.2745E-03  1.3531E-02 -2.9616E-02
 -5.1483E-03  1.4413E-02 -3.1661E-02
 -5.8510E-03  1.4837E-02 -3.3038E-02
 -3.5864E-03  1.5625E-02 -3.4782E-02
 -9.0353E-03  1.1027E-02 -2.2830E-02
 -1.1487E-02  1.0940E-02 -2.3139E-02
 -7.4853E-03  1.0494E-02 -2.0945E-02
 -8.6134E-03  9.7439E-03 -1.9051E-02
 -6.6273E-03  9.7276E-03 -1.8551E-02
 -7.2443E-03  8.7816E-03 -1.5976E-02
 -6.7963E-03  1.0505E-02 -2.0821E-02
 -4.7552E-03  1.0572E-02 -2.0547E-02
 -9.0278E-03  8.8062E-03 -1.6454E-02
 -1.1107E-02  8.2081E-03 -1.5212E-02
 -7.0856E-03  8.7050E-03 -1.5720E-02
 -7.0811E-03  7.8362E-03 -1.3226E-02
 -4.1212E-03  7.7065E-03 -1.2178E-02
 -2.7899E-03  7.7505E-03 -1.2000E-02
 -4.1903E-03  6.9194E-03 -9.9345E-03
  2.6458E-04  7.8105E-03 -1.1475E-02
 -8.3776E-03  7.6994E-03 -1.3129E-02
 -9.8208E-03  6.9364E-03 -1.1269E-02
 -7.7819E-03  8.4240E-03 -1.5073E-02
 -8.8342E-03  8.3578E-03 -1.5123E-02
 -7.0984E-03  7.8292E-03 -1.3210E-02
 -7.9429E-03  6.9687E-03 -1.0933E-02
 -4.8293E-03  8.2687E-03 -1.3953E-02
