  1.1375E-02 -2.3052E-03 -8.6051E-03
  1.0087E-02 -1.5929E-03 -7.7093E-03
  1.0372E-02 -5.7997E-04 -7.2496E-03
  9.1622E-03  2.4377E-04 -6.3210E-03
  8.6999E-03  1.1478E-03 -5.6350E-03
  9.5434E-03  2.8619E-03 -4.9960E-03
  8.7416E-03 -2.7098E-03 -7.8193E-03
  8.7760E-03 -3.5655E-03 -8.3135E-03
  7.6114E-03 -2.7700E-03 -7.4183E-03
  6.2487E-03 -3.7964E-03 -7.4709E-03
  5.9942E-03 -4.7390E-03 -7.9028E-03
  6.9064E-03 -5.8368E-03 -8.8708E-03
  6.9564E-03 -6.4301E-03 -9.2236E-03
  7.7455E-03 -7.5873E-03 -1.0178E-02
  7.4459E-03 -8.6905E-03 -1.0682E-02
  8.2403E-03 -9.6925E-03 -1.1551E-02
  6.3589E-03 -8.7952E-03 -1.0323E-02
  4.9733E-03 -3.0165E-03 -6.5417E-03
  4.6372E-03 -2.2754E-03 -5.9959E-03
  4.2560E-03 -3.2116E-03 -6.3754E-03
  3.0846E-03 -2.4792E-03 -5.5130E-03
  3.6424E-03 -1.4528E-03 -5.1507E-03
  2.4338E-03 -7.8267E-04 -4.3090E-03
  4.9302E-03 -3.7130E-04 -5.0383E-03
  5.8511E-03  3.1818E-04 -5.0051E-03
  1.6977E-03 -3.4724E-03 -5.5376E-03
  1.8022E-03 -4.5251E-03 -6.1696E-03
  4.1521E-04 -3.1920E-03 -4.8866E-03
 -1.0247E-03 -3.9805E-03 -4.7757E-03
 -2.0474E-03 -4.3711E-03 -4.6017E-03
 -1.5474E-03 -5.5487E-03 -5.4560E-03
 -2.3687E-03 -5.8944E-03 -5.3343E-03
 -3.6511E-03 -4.7912E-03 -4.2208E-03
 -1.6199E-03 -2.8928E-03 -3.9353E-03
 -1.5711E-03 -1.7034E-03 -3.2855E-03
 -2.0689E-03 -3.2647E-03 -3.9716E-03
 -2.6357E-03 -2.3219E-03 -3.2235E-03
 -1.8411E-03 -2.3301E-03 -3.5339E-03
 -1.9543E-03 -1.2146E-03 -2.8634E-03
 -1.0120E-03 -1.4102E-03 -3.3359E-03
 -1.4540E-03  2.2288E-04 -2.2478E-03
 -4.2953E-03 -2.7925E-03 -2.8494E-03
 -4.7628E-03 -3.9071E-03 -3.2961E-03
 -5.1788E-03 -1.9599E-03 -2.0416E-03
 -6.8038E-03 -2.2944E-03 -1.6043E-03
 -7.5574E-03 -2.0172E-03 -1.1585E-03
 -7.2244E-03 -2.6576E-03 -1.6465E-03
 -7.5601E-03 -4.1946E-03 -2.3814E-03
 -8.1557E-03 -2.1395E-03 -9.9701E-04
 -7.3834E-03 -1.4290E-03 -8.9482E-04
 -6.7369E-03 -2.5725E-04 -4.8494E-04
 -8.6355E-03 -1.9876E-03 -7.2701E-04
 -9.2438E-03 -1.2313E-03 -6.7861E-05
 -1.0611E-02 -2.0746E-03 -1.5722E-05
 -1.0728E-02 -3.3307E-03 -6.7671E-04
 -1.1661E-02 -1.3677E-03  7.8538E-04
 -1.3042E-02 -2.0312E-03  9.4420E-04
 -1.4123E-02 -9.9467E-04  1.9425E-03
 -1.2761E-02 -2.5596E-03  5.3901E-04
 -1.1618E-02 -2.0964E-03  3.5965E-04
 -1.3720E-02 -3.6469E-03  2.9678E-04
 -1.3520E-02 -4.1858E-03 -8.3224E-05
 -1.4762E-02 -5.4633E-03 -3.2330E-04
 -1.5852E-02 -5.2313E-03  2.2641E-04
 -1.4845E-02 -4.6027E-03  1.9251E-04
 -1.3746E-02 -3.0730E-03  6.2951E-04
 -1.4895E-02 -2.5688E-03  1.3547E-03
 -1.2622E-02 -2.6474E-03  4.3622E-04
 -1.2718E-02 -1.6038E-03  1.0596E-03
 -1.1802E-02 -1.8293E-04  1.5056E-03
 -1.1535E-02  6.9588E-04  1.8970E-03
 -1.1428E-02  2.5458E-03  1.0445E-03
 -1.0626E-02  4.1752E-03  1.2960E-03
 -1.1044E-02  4.1712E-03  1.4217E-03
 -8.6045E-03  4.5199E-03  7.8683E-04
 -7.8542E-03  6.0080E-03  1.0111E-03
 -7.7249E-03  3.1450E-03  1.0200E-04
 -5.8001E-03  3.3383E-03 -4.2384E-04
 -4.6036E-03  3.5742E-03 -7.1554E-04
 -3.3994E-03  4.7988E-03 -7.0921E-04
 -4.8845E-03  2.4173E-03 -9.8173E-04
 -3.7719E-03  2.5641E-03 -1.2750E-03
 -4.6703E-03  1.5173E-03 -1.3202E-03
 -5.2420E-03 -4.0210E-04 -1.7297E-03
 -5.8812E-03 -1.4303E-03 -1.8479E-03
 -5.8388E-03 -3.4313E-03 -2.4687E-03
 -7.3594E-03 -4.3238E-03 -2.2781E-03
 -1.9664E-03  1.8965E-03 -2.0262E-03
 -6.3678E-04  2.3947E-03 -2.2786E-03
 -1.9386E-03  7.9389E-04 -2.3696E-03
 -3.0290E-04  7.1537E-05 -3.0858E-03
  1.1247E-03  1.5170E-03 -3.0802E-03
  2.7171E-03  1.2769E-03 -3.6368E-03
  5.6761E-04  3.0623E-03 -2.4415E-03
  1.8169E-03  4.5609E-03 -2.3656E-03
  8.0610E-04  6.2370E-03 -1.5495E-03
 -6.7722E-04  5.7014E-03 -1.2617E-03
  5.5927E-05  7.0442E-03 -1.0764E-03
  3.2624E-03  5.1469E-03 -2.6266E-03
  4.7643E-03  5.7715E-03 -2.8930E-03
  2.8367E-03  4.8694E-03 -2.5816E-03
  4.1038E-03  5.4470E-03 -2.7910E-03
  3.1261E-03  6.4680E-03 -2.1839E-03
  4.0209E-03  8.3320E-03 -1.8893E-03
  4.1986E-03  9.6582E-03 -1.5404E-03
  5.8571E-03  1.0199E-02 -1.8798E-03
  2.8765E-03  1.0245E-02 -9.6045E-04
  5.0853E-03  3.9360E-03 -3.5481E-03
  6.2539E-03  4.2541E-03 -3.8064E-03
  4.7125E-03  2.3204E-03 -3.9257E-03
  5.5193E-03  7.6904E-04 -4.6421E-03
  4.6328E-03 -8.9746E-04 -4.8791E-03
  7.5264E-03  8.2460E-04 -5.2347E-03
  8.4791E-03  5.2517E-04 -5.6150E-03
  8.1947E-03  1.1631E-03 -5.3348E-03
  1.0138E-02  1.2598E-03 -5.8956E-03
  1.0622E-02  1.8386E-03 -5.8668E-03
  1.0977E-02  3.3851E-04 -6.4304E-03
  1.1886E-02  1.0401E-03 -6.4932E-03
  1.1242E-02  3.3726E-04 -6.5111E-03
  1.3156E-02  2.2127E-03 -6.5226E-03
  1.1105E-02  2.5808E-03 -5.7880E-03
  1.2532E-02  2.2646E-03 -6.3174E-03
  1.0336E-02  4.0774E-03 -5.0996E-03
  1.1169E-02  5.4412E-03 -4.9384E-03
  1.0057E-02  7.0877E-03 -4.1005E-03
  1.0431E-02  8.3031E-03 -3.8448E-03
  9.1321E-03  8.4477E-03 -3.4064E-03
  9.4852E-03  9.4835E-03 -3.1989E-03
  1.1152E-02  1.0392E-02 -3.4292E-03
  1.2470E-02  1.0270E-02 -3.8665E-03
  1.2100E-02  9.2316E-03 -4.0696E-03
  1.1389E-02  4.6685E-03 -5.2399E-03
  1.2842E-02  4.7893E-03 -5.6446E-03
  9.9333E-03  3.8294E-03 -5.0528E-03
  9.9215E-03  3.0375E-03 -5.2898E-03
  8.0404E-03  2.2485E-03 -4.9582E-03
  7.9998E-03  1.2678E-03 -5.2438E-03
  6.8265E-03  3.7712E-03 -4.1269E-03
  4.9250E-03  3.1384E-03 -3.7417E-03
  1.1297E-02  1.6559E-03 -6.1273E-03
  1.2359E-02  1.7409E-03 -6.4240E-03
  1.1073E-02  3.5559E-03 -4.6457E-03
  1.1950E-02  2.6618E-03 -4.5717E-03
  1.2159E-02  2.2884E-03 -4.5547E-03
  1.1192E-02  1.6603E-03 -4.6432E-03
  1.1322E-02  1.6269E-03 -4.6318E-03
  1.2059E-02  4.1408E-04 -4.5715E-03
  1.3071E-02  3.1041E-03 -4.4702E-03
  1.3595E-02  2.5674E-03 -4.4259E-03
  1.3397E-02  4.1217E-03 -4.4370E-03
  1.4437E-02  4.6565E-03 -4.3423E-03
  1.4662E-02  5.7242E-03 -4.3177E-03
  1.5772E-02  6.3279E-03 -4.2167E-03
  1.6452E-02  6.7032E-03 -4.1546E-03
  1.7503E-02  6.8556E-03 -4.0606E-03
  1.5943E-02  6.8408E-03 -4.1993E-03
  1.4449E-02  4.9439E-03 -4.3400E-03
  1.5347E-02  4.9450E-03 -4.2602E-03
  1.3464E-02  5.1722E-03 -4.4265E-03
  1.3448E-02  5.4650E-03 -4.4267E-03
  1.2423E-02  6.2290E-03 -4.5145E-03
  1.2597E-02  7.0513E-03 -4.4955E-03
  1.3597E-02  7.8574E-03 -4.4033E-03
  1.3807E-02  8.6763E-03 -4.3811E-03
  1.4130E-02  8.0612E-03 -4.3551E-03
  1.3441E-02  4.4099E-03 -4.4318E-03
  1.3968E-02  4.4066E-03 -4.3850E-03
  1.2880E-02  3.4972E-03 -4.4855E-03
  1.2776E-02  2.4594E-03 -4.4991E-03
  1.1500E-02  2.1670E-03 -4.6137E-03
  1.0844E-02  3.1904E-03 -4.6676E-03
  1.0374E-02  3.9770E-03 -4.7060E-03
  9.9378E-03  5.0240E-03 -4.7403E-03
  9.9579E-03  5.2965E-03 -4.7374E-03
  9.6022E-03  6.3736E-03 -4.7644E-03
  1.0398E-02  4.5154E-03 -4.7016E-03
  1.0840E-02  3.4653E-03 -4.6668E-03
  1.3457E-02  1.4226E-03 -4.4430E-03
  1.3578E-02  5.8740E-04 -4.4358E-03
  1.3912E-02  1.4774E-03 -4.4025E-03
  1.4551E-02  5.1586E-04 -4.3497E-03
  1.3793E-02 -5.0133E-04 -4.4214E-03
  1.4061E-02 -1.4437E-03 -4.4016E-03
  1.2874E-02 -3.1451E-04 -4.5023E-03
  1.2025E-02 -1.1907E-03 -4.5813E-03
  1.0887E-02 -1.0249E-03 -4.6817E-03
  1.1122E-02 -9.0472E-04 -4.6604E-03
  1.0264E-02  5.1335E-05 -4.7325E-03
  9.3708E-03  4.1139E-04 -4.8103E-03
  1.1777E-02 -1.1019E-03 -4.6030E-03
  1.1934E-02 -2.0513E-04 -4.5853E-03
  1.1438E-02 -2.0496E-03 -4.6371E-03
  1.1553E-02 -3.2221E-03 -4.6319E-03
  1.1136E-02 -3.9467E-03 -4.6720E-03
  1.1516E-02 -3.2709E-03 -4.6354E-03
  1.1175E-02 -2.0650E-03 -4.6605E-03
  9.9302E-03 -1.8723E-03 -4.7703E-03
  9.1884E-03 -2.0378E-03 -4.8369E-03
  9.7051E-03 -1.5975E-03 -4.7891E-03
  8.5507E-03 -1.4151E-03 -4.8909E-03
  8.5151E-03 -4.5719E-04 -4.8899E-03
  7.3551E-03 -2.7825E-04 -4.9922E-03
  7.3677E-03  5.7055E-04 -4.9875E-03
  6.5676E-03  4.3760E-04 -5.0591E-03
  8.0822E-03  1.3372E-03 -4.9208E-03
  8.1648E-03 -2.5144E-03 -4.9298E-03
  8.7064E-03 -2.9431E-03 -4.8835E-03
  7.2320E-03 -2.9819E-03 -5.0146E-03
  6.7683E-03 -4.0301E-03 -5.0603E-03
  6.4850E-03 -4.8767E-03 -5.0890E-03
  5.9020E-03 -5.9386E-03 -5.1453E-03
  7.5461E-03 -5.1801E-03 -4.9961E-03
  7.2498E-03 -5.7449E-03 -5.0248E-03
  5.6524E-03 -3.6939E-03 -5.1579E-03
  5.0073E-03 -3.0333E-03 -5.2124E-03
  5.4414E-03 -4.1110E-03 -5.1784E-03
  4.3724E-03 -3.8822E-03 -5.2724E-03
  4.5196E-03 -2.9805E-03 -5.2555E-03
  4.6957E-03 -3.4893E-03 -5.2420E-03
  4.0627E-03 -5.0627E-03 -5.3049E-03
  4.8133E-03 -5.7345E-03 -5.2411E-03
  5.2357E-03  1.9000E-03 -1.3543E-02
  5.9136E-03  3.7387E-03 -1.3104E-02
  6.1664E-03  2.7654E-03 -1.8209E-02
  4.2334E-03 -2.5514E-03 -1.9696E-02
  7.6845E-03  5.2774E-03 -2.2326E-02
  7.7216E-03  8.9228E-03 -1.1043E-02
  7.8800E-03  1.0195E-02 -8.2647E-03
  9.0336E-03  1.1864E-02 -1.2155E-02
  1.0772E-02  1.6814E-02 -1.0287E-02
  1.0166E-02  1.7103E-02 -4.5328E-03
  1.0940E-02  1.9861E-02 -1.9422E-03
  8.7180E-03  1.4111E-02 -2.5017E-03
  8.0227E-03  1.4103E-02  3.0115E-03
  6.6197E-03  1.0966E-02  4.2269E-03
  7.7065E-03  1.3332E-02  3.0819E-03
  6.7301E-03  1.0645E-02  2.3277E-03
  9.5058E-03  1.7820E-02  3.0013E-03
  6.9135E-03  1.2163E-02  5.6872E-03
  7.1699E-03  1.4061E-02  9.6714E-03
  5.6295E-03  8.2420E-03  3.4632E-03
  4.3660E-03  5.6835E-03  5.4037E-03
  3.1104E-03  1.4090E-03  1.8304E-03
  1.3437E-03 -2.3543E-03  3.9537E-03
  1.0125E-04 -6.9660E-03 -7.9544E-04
  1.7802E-03 -4.2240E-03 -5.4626E-03
  5.5552E-03  8.7725E-03  5.7403E-03
  5.0390E-03  8.6651E-03  9.5117E-03
  7.0892E-03  1.1348E-02  1.6970E-03
  8.4036E-03  1.4590E-02  1.5224E-03
  1.0077E-02  1.7230E-02 -3.4272E-03
  9.8460E-03  1.5279E-02 -7.7810E-03
  9.7393E-03  1.5520E-02 -6.1642E-03
  1.1622E-02  1.8289E-02 -1.2375E-02
  9.3123E-03  1.8255E-02  5.9244E-03
  9.0316E-03  1.8597E-02  9.2466E-03
  1.0369E-02  2.0918E-02  5.9616E-03
  1.1315E-02  2.4552E-02  9.9707E-03
  1.2393E-02  2.6919E-02  8.9025E-03
  1.4128E-02  2.9716E-02  3.9592E-03
  1.5458E-02  3.2867E-02  3.3701E-03
  1.4637E-02  3.0212E-02  1.4802E-03
  1.4853E-02  2.9201E-02 -3.4570E-03
  1.4046E-02  2.6755E-02 -4.7951E-03
  1.5883E-02  3.0640E-02 -7.0925E-03
  9.8824E-03  2.2685E-02  1.5452E-02
  1.0525E-02  2.5466E-02  1.9170E-02
  7.9496E-03  1.7984E-02  1.5920E-02
  6.4622E-03  1.5821E-02  2.0902E-02
  4.7980E-03  1.1676E-02  2.0995E-02
  5.5779E-03  1.4059E-02  2.2351E-02
  4.6517E-03  1.3143E-02  2.6821E-02
  5.7911E-03  1.3400E-02  1.8560E-02
  5.0121E-03  1.1739E-02  1.9489E-02
  4.7854E-03  9.6087E-03  1.4529E-02
  6.4369E-03  1.5964E-02  2.1556E-02
  5.8212E-03  1.5536E-02  2.5104E-02
  8.3483E-03  2.0028E-02  1.9236E-02
  9.9356E-03  2.4452E-02  2.0641E-02
  1.1919E-02  2.8415E-02  1.7424E-02
  1.2356E-02  2.7840E-02  1.2118E-02
  1.3579E-02  3.3319E-02  1.9780E-02
  9.6731E-03  2.5587E-02  2.6338E-02
  9.2729E-03  2.5524E-02  2.9325E-02
  9.8221E-03  2.6412E-02  2.7770E-02
  9.5831E-03  2.7481E-02  3.3069E-02
  9.2205E-03  2.6709E-02  3.3509E-02
  8.3315E-03  2.6170E-02  3.8880E-02
  7.5929E-03  2.4247E-02  3.8654E-02
  5.8460E-03  1.9101E-02  3.6228E-02
  5.1598E-03  1.7164E-02  3.5544E-02
  7.8514E-03  2.4280E-02  3.6700E-02
  8.1367E-03  2.6017E-02  3.9946E-02
  9.1084E-03  2.0570E-02  3.7734E-02
  7.7033E-03  1.6577E-02  4.1028E-02
  6.1167E-03  1.1727E-02  4.1240E-02
  6.1952E-03  1.2357E-02  4.5245E-02
  7.3611E-03  1.5289E-02  3.8583E-02
  6.1218E-03  1.1227E-02  3.5938E-02
  8.4967E-03  1.8862E-02  3.9472E-02
  8.3984E-03  1.8364E-02  3.7458E-02
  6.6370E-03  1.2992E-02  3.7820E-02
  6.1196E-03  1.1768E-02  4.1572E-02
  5.6968E-03  9.7282E-03  3.3938E-02
  3.9979E-03  4.4670E-03  3.3468E-02
  2.8710E-03  8.6623E-04  3.2012E-02
  3.7902E-03  3.3363E-03  2.8392E-02
  4.2708E-03  4.8470E-03  2.8758E-02
  5.6400E-03  8.7765E-03  2.5943E-02
  2.9988E-03  8.5757E-04  2.7887E-02
  3.1712E-03  9.5849E-04  2.3481E-02
  1.4634E-03 -4.3329E-03  2.2979E-02
  1.3567E-03 -5.1673E-03  1.7766E-02
  2.4653E-03 -1.7948E-03  1.7450E-02
  2.5947E-03 -1.8281E-03  1.3022E-02
  3.1847E-03  8.1433E-04  2.1572E-02
  3.8848E-03  2.6143E-03  1.7980E-02
  5.1963E-03  6.4058E-03  1.5568E-02
  3.0632E-03 -9.1972E-05  1.6088E-02
  3.6461E-03  1.1938E-03  1.0905E-02
  2.3490E-03 -2.9403E-03  9.3400E-03
  7.1914E-04 -8.1535E-03  7.1819E-03
 -7.3102E-05 -1.0220E-02  1.0939E-02
  1.0986E-03 -7.5446E-03  1.4639E-03
  5.3995E-03  6.5872E-03  1.1017E-02
  6.4667E-03  9.4725E-03  6.9954E-03
  5.6977E-03  7.9556E-03  1.5677E-02
  7.3038E-03  1.2951E-02  1.6348E-02
  8.8143E-03  1.7523E-02  1.5673E-02
  1.0201E-02  2.1570E-02  1.3509E-02
  8.5261E-03  1.6828E-02  1.7631E-02
  9.8198E-03  2.0761E-02  1.7226E-02
  9.2139E-03  1.9235E-02  2.0667E-02
  8.4932E-03  1.7597E-02  2.6575E-02
  9.8300E-03  2.2098E-02  3.0662E-02
  1.1087E-02  2.5880E-02  2.9872E-02
  1.2453E-02  3.0442E-02  3.3663E-02
  1.0108E-02  2.1061E-02  1.1212E-02
  1.1561E-02  2.5307E-02  9.0095E-03
  8.7198E-03  1.6540E-02  8.5486E-03
  8.8137E-03  1.6264E-02  2.7452E-03
  7.0318E-03  1.0598E-02  7.3057E-04
  6.0902E-03  7.8491E-03  2.1867E-03
  4.2486E-03  2.0672E-03  8.6591E-04
  3.0921E-03 -1.0752E-03  5.0617E-03
  3.8674E-03  4.4004E-04 -3.8356E-03
  9.8595E-03  1.9150E-02 -5.9241E-04
  1.0985E-02  2.2267E-02 -4.0760E-03
  9.5323E-03  1.8271E-02  6.9316E-04
  1.0412E-02  2.0695E-02 -2.1377E-03
  9.3841E-03  1.7643E-02 -1.0830E-03
  1.2235E-02  2.6427E-02 -7.3917E-04
  1.3284E-02  2.9321E-02 -4.1036E-03
  1.2594E-02  2.8017E-02  4.2606E-03
  1.4307E-02  3.3441E-02  5.9751E-03
  1.4337E-02  3.4123E-02  1.2042E-02
  1.6098E-02  3.9708E-02  1.3887E-02
  1.6056E-02  4.0174E-02  1.9979E-02
  1.7801E-02  4.5701E-02  2.1744E-02
  1.8186E-02  4.6792E-02  2.0827E-02
  1.5541E-02  3.6911E-02  2.6872E-03
  1.6952E-02  4.1064E-02  8.6334E-04
  1.4323E-02  3.4896E-02  4.4897E-03
  1.4901E-02  3.7399E-02  1.4524E-03
  1.3540E-02  3.3789E-02  2.0042E-03
  1.4378E-02  3.3848E-02  7.9242E-03
  1.3064E-02  2.9511E-02  1.0923E-02
  1.6329E-02  3.8193E-02  9.5382E-03
  1.4487E-02  3.8551E-02 -4.8848E-03
  1.5896E-02  4.2905E-02 -7.2411E-03
  1.2524E-02  3.4581E-02 -7.6638E-03
  1.1931E-02  3.5201E-02 -1.3767E-02
  9.5453E-03  2.9939E-02 -1.5883E-02
  9.2420E-03  3.1069E-02 -2.1357E-02
  7.7578E-03  2.5774E-02 -1.6827E-02
  5.4171E-03  2.0468E-02 -1.8486E-02
  1.3691E-02  4.0048E-02 -1.5001E-02
  1.4511E-02  4.3428E-02 -1.8814E-02
  1.4247E-02  4.0324E-02 -1.1757E-02
  1.5934E-02  4.4767E-02 -1.2350E-02
  1.6332E-02  4.4166E-02 -7.7183E-03
  1.4561E-02  3.9964E-02 -8.4335E-03
  1.5776E-02  4.0919E-02 -2.3701E-03
  1.8332E-02  4.7878E-02 -3.9238E-03
  1.8192E-02  5.0097E-02 -1.1356E-02
  1.9334E-02  5.4101E-02 -1.4641E-02
  1.8888E-02  5.0177E-02 -6.5339E-03
  2.1024E-02  5.4931E-02 -4.7647E-03
  2.1335E-02  5.3726E-02  9.8064E-04
  2.1969E-02  5.3526E-02  6.1662E-03
  2.2761E-02  5.3829E-02  1.1049E-02
  2.1680E-02  5.3070E-02  5.3883E-03
  2.1212E-02  5.6966E-02 -9.2831E-03
  2.3065E-02  6.1831E-02 -9.8878E-03
  1.9309E-02  5.3242E-02 -1.2339E-02
  1.9255E-02  5.4670E-02 -1.6864E-02
  1.7301E-02  5.0017E-02 -1.7598E-02
  1.9041E-02  5.6105E-02 -2.2561E-02
  1.8866E-02  5.7198E-02 -2.6996E-02
  1.9028E-02  5.6015E-02 -2.2397E-02
  1.8836E-02  5.7287E-02 -2.7476E-02
  1.6534E-02  5.3015E-02 -3.1844E-02
  1.6312E-02  5.4247E-02 -3.7019E-02
  1.4860E-02  4.8082E-02 -2.9742E-02
  1.2532E-02  4.3487E-02 -3.3367E-02
  1.1371E-02  3.9858E-02 -3.1303E-02
  1.2011E-02  4.2036E-02 -3.2958E-02
  1.0936E-02  3.8444E-02 -3.0378E-02
  1.1636E-02  3.7902E-02 -2.3721E-02
  1.0470E-02  3.4032E-02 -2.1006E-02
  1.1292E-02  4.0314E-02 -3.3199E-02
  1.1940E-02  4.0532E-02 -2.9119E-02
  9.4922E-03  3.7344E-02 -3.7686E-02
  8.1954E-03  3.4250E-02 -3.8160E-02
  7.2843E-03  3.4166E-02 -4.4538E-02
  6.5452E-03  3.2946E-02 -4.6379E-02
  6.4111E-03  3.4786E-02 -5.2675E-02
  8.1553E-03  3.5696E-02 -4.2633E-02
  6.3314E-03  2.8616E-02 -3.5409E-02
  5.3654E-03  2.6304E-02 -3.5743E-02
  5.9670E-03  2.6642E-02 -3.2347E-02
  4.2441E-03  2.1293E-02 -2.9397E-02
  4.5276E-03  2.0548E-02 -2.5181E-02
  6.9075E-03  2.5050E-02 -2.0909E-02
  2.7243E-03  1.4936E-02 -2.2053E-02
  1.9030E-03  1.6903E-02 -3.3709E-02
  1.3993E-03  1.6862E-02 -3.7249E-02
  4.4694E-04  1.3102E-02 -3.3297E-02
 -1.8182E-03  8.7726E-03 -3.7233E-02
 -2.8133E-03  6.3235E-03 -3.7380E-02
 -1.5767E-03  1.0396E-02 -4.0174E-02
 -2.5389E-03  5.0113E-03 -3.1591E-02
 -3.3422E-03  4.4552E-03 -3.5820E-02
 -2.9916E-03  3.6253E-03 -3.0872E-02
 -5.7281E-03  1.3725E-04 -2.9697E-02
 -5.5739E-03 -2.3274E-03 -2.8535E-02
 -6.7087E-03 -4.3255E-03 -3.1754E-02
 -7.2742E-03 -1.7174E-03 -3.4313E-02
 -8.2801E-03 -3.0027E-03 -3.7294E-02
 -6.7155E-03  1.5558E-03 -3.3335E-02
 -5.0464E-03 -5.3412E-03 -2.5994E-02
 -4.3356E-03 -6.4349E-03 -2.3357E-02
 -5.4240E-03 -6.6726E-03 -2.6889E-02
 -5.0619E-03 -9.6690E-03 -2.4899E-02
 -5.7088E-03 -1.0608E-02 -2.6787E-02
 -7.0072E-03 -1.2044E-02 -3.0694E-02
 -7.6235E-03 -8.9806E-03 -3.3542E-02
 -8.3472E-03 -9.5867E-03 -3.5771E-02
 -7.4028E-03 -6.0107E-03 -3.3600E-02
 -3.8054E-03 -8.7854E-03 -2.0983E-02
 -3.2698E-03 -1.1119E-02 -1.8595E-02
 -3.3367E-03 -5.3796E-03 -2.0337E-02
 -2.1302E-03 -4.1135E-03 -1.6688E-02
 -1.8832E-03 -6.2792E-04 -1.6796E-02
 -8.8268E-04 -1.5516E-05 -1.3653E-02
  2.2336E-04  1.1582E-03 -1.0311E-02
 -9.8720E-04  2.9820E-03 -1.4793E-02
 -1.5205E-03 -3.3048E-03 -1.4888E-02
 -6.0347E-04 -4.0549E-03 -1.1661E-02
 -2.0387E-03 -1.8901E-03 -1.6975E-02
 -1.5230E-03 -1.1787E-03 -1.5460E-02
 -2.1684E-03  7.1891E-04 -1.8094E-02
 -2.4097E-03  4.0608E-03 -1.9777E-02
 -1.4779E-03  1.8691E-03 -1.6119E-02
 -1.4232E-03 -4.7855E-03 -1.4175E-02
 -5.3826E-04 -4.9123E-03 -1.1218E-02
 -2.3112E-03 -7.7150E-03 -1.6331E-02
 -2.2526E-03 -1.1260E-02 -1.5198E-02
 -3.4263E-03 -1.4170E-02 -1.8304E-02
 -3.3067E-03 -1.8183E-02 -1.6845E-02
 -3.9310E-03 -1.3956E-02 -2.0027E-02
 -4.2081E-03 -1.0299E-02 -2.1912E-02
 -1.3827E-03 -1.2956E-02 -1.1876E-02
 -8.3392E-04 -1.4741E-02 -9.5902E-03
 -1.2398E-03 -1.2292E-02 -1.1580E-02
 -4.2438E-04 -1.3641E-02 -8.5290E-03
 -6.1399E-04 -1.2969E-02 -9.3334E-03
  7.9259E-04 -1.1679E-02 -5.0294E-03
  1.5322E-03 -1.3453E-02 -2.1165E-03
  9.9592E-04 -8.0369E-03 -5.3229E-03
  2.1096E-03 -5.9278E-03 -2.2035E-03
  2.2049E-03 -1.7235E-03 -3.0029E-03
  2.0279E-03  4.1840E-04 -4.1548E-03
  2.7385E-03 -3.4077E-04 -1.6066E-03
  2.3516E-03  4.5139E-03 -4.1711E-03
  2.3652E-03 -7.0978E-03 -1.0493E-03
  3.3315E-03 -7.0053E-03  2.1177E-03
  1.5020E-03 -8.1651E-03 -3.6174E-03
  1.6456E-03 -9.3487E-03 -2.8295E-03
  5.7239E-04 -9.5439E-03 -6.3225E-03
  3.0547E-04 -5.7128E-03 -8.2192E-03
  7.3241E-04 -1.1082E-02 -5.3864E-03
  1.8908E-03 -1.3196E-02 -1.0003E-03
  2.5431E-03 -1.4000E-02  1.3674E-03
  1.3743E-03 -1.5599E-02 -2.0695E-03
  1.5673E-03 -1.9375E-02 -4.3133E-04
  6.6872E-04 -2.1853E-02 -2.7425E-03
  4.2412E-04 -2.5968E-02 -2.4602E-03
 -7.2296E-04 -2.7997E-02 -5.7112E-03
 -8.4748E-04 -2.7291E-02 -6.3094E-03
 -2.0173E-03 -2.8851E-02 -9.7597E-03
  2.7540E-03 -1.9091E-02  3.4128E-03
  3.3577E-03 -2.0998E-02  5.9122E-03
  3.0859E-03 -1.6612E-02  3.8523E-03
  4.1999E-03 -1.5876E-02  7.3367E-03
  4.2792E-03 -1.2969E-02  6.8283E-03
  5.4570E-03 -1.1387E-02  1.0299E-02
  5.5020E-03 -8.3982E-03  9.6559E-03
  6.1946E-03 -5.2707E-03  1.1115E-02
  4.8527E-03 -9.1884E-03  7.7206E-03
  5.0542E-03 -1.4273E-02  9.7334E-03
  5.7849E-03 -1.5865E-02  1.2569E-02
  7.4593E-03 -1.2176E-02  3.1044E-03
  8.7289E-03 -1.0487E-02  2.9008E-03
  8.5993E-03 -8.4851E-03  1.3467E-03
  9.9161E-03 -6.6247E-03  1.0570E-03
  1.2080E-02 -6.1775E-03  2.4719E-03
  1.3369E-02 -4.5196E-03  2.3070E-03
  1.3736E-02 -4.6855E-03  2.7215E-03
  1.4915E-02 -3.0850E-03  2.5096E-03
  1.2962E-02 -6.4512E-03  3.3787E-03
  8.3671E-03 -1.0651E-02  2.7294E-03
  9.6975E-03 -1.0560E-02  3.7325E-03
  6.5908E-03 -1.0875E-02  1.4644E-03
  6.1990E-03 -1.0930E-02  1.1893E-03
  4.2655E-03 -1.0667E-02 -5.5521E-04
  4.2381E-03 -8.7462E-03 -1.9687E-03
  2.5380E-03 -1.2540E-02 -5.8628E-04
  6.1092E-04 -1.2355E-02 -2.2691E-03
  6.2920E-03 -1.2797E-02  2.6163E-03
  5.8592E-03 -1.3128E-02  2.5084E-03
  6.7499E-03 -1.4073E-02  3.9087E-03
  6.9913E-03 -1.5896E-02  5.4235E-03
  6.4249E-03 -1.7557E-02  6.1715E-03
  9.1493E-03 -1.5328E-02  6.7462E-03
  9.6807E-03 -1.6544E-02  8.0543E-03
  1.0402E-02 -1.3514E-02  6.4390E-03
  1.2447E-02 -1.2792E-02  7.5594E-03
  1.3621E-02 -1.0913E-02  7.1412E-03
  1.3644E-02 -1.1405E-02  7.5156E-03
  1.4829E-02 -9.5893E-03  7.1530E-03
  1.5969E-02 -7.9190E-03  6.8588E-03
  1.4725E-02 -9.6958E-03  7.1463E-03
  1.2523E-02 -1.2423E-02  7.3524E-03
  1.1251E-02 -1.1976E-02  6.0061E-03
  1.3987E-02 -1.2697E-02  8.7271E-03
  1.4220E-02 -1.2540E-02  8.8011E-03
  1.5768E-02 -1.3409E-02  1.0675E-02
  1.5287E-02 -1.5635E-02  1.1901E-02
  1.6811E-02 -1.5886E-02  1.3307E-02
  1.7665E-02 -1.7047E-02  1.4834E-02
  1.7145E-02 -1.4946E-02  1.2895E-02
  1.4626E-02 -1.0450E-02  7.6134E-03
  1.4285E-02 -1.0272E-02  7.2098E-03
  1.5340E-02 -8.8783E-03  7.0484E-03
  1.5745E-02 -6.7963E-03  5.8651E-03
  1.7162E-02 -5.2208E-03  5.8623E-03
  1.6279E-02 -5.0766E-03  5.0483E-03
  1.7098E-02 -3.5069E-03  4.5693E-03
  1.4812E-02 -6.4871E-03  4.8917E-03
  1.3840E-02 -6.4134E-03  4.0566E-03
  1.3866E-02 -4.9054E-03  2.9855E-03
  1.2194E-02 -7.8310E-03  3.7611E-03
  1.0260E-02 -7.7206E-03  2.1273E-03
  9.0272E-03 -8.3011E-03  1.5573E-03
  1.0031E-02 -6.6910E-03  1.1976E-03
  9.2193E-03 -9.1973E-03  2.3608E-03
  7.4225E-03 -9.8997E-03  1.4258E-03
  1.0347E-02 -9.7129E-03  3.6407E-03
  9.5085E-03 -1.1139E-02  3.9997E-03
  1.1084E-02 -1.1834E-02  5.7699E-03
  1.0432E-02 -1.3400E-02  6.3800E-03
  1.2062E-02 -1.4185E-02  8.2589E-03
  1.1710E-02 -1.6240E-02  9.4641E-03
  1.1949E-02 -1.6692E-02  9.9845E-03
  1.1580E-02 -1.8611E-02  1.1078E-02
  1.2576E-02 -1.5232E-02  9.4301E-03
  8.5919E-03 -1.0221E-02  2.5984E-03
  7.3369E-03 -1.1343E-02  2.4024E-03
  9.1696E-03 -8.1916E-03  1.5923E-03
  8.3911E-03 -7.1357E-03  2.0184E-04
  1.0030E-02 -5.2844E-03  1.7733E-04
  1.1522E-02 -5.8451E-03  1.7824E-03
  1.3312E-02 -5.2654E-03  2.8013E-03
  1.1081E-02 -6.7513E-03  2.0849E-03
  6.8246E-03 -6.4451E-03 -1.5573E-03
  5.8764E-03 -5.7255E-03 -2.8406E-03
  6.5829E-03 -6.6430E-03 -1.6082E-03
  5.1495E-03 -6.0529E-03 -3.1875E-03
  6.2105E-03 -4.7693E-03 -3.2649E-03
  7.7184E-03 -4.9187E-03 -1.9449E-03
  7.8874E-03 -4.7149E-03 -6.0826E-03
  6.9983E-03 -4.4278E-03 -6.1725E-03
  6.4689E-03 -5.5237E-03 -6.9414E-03
  5.9249E-03 -6.2233E-03 -7.4907E-03
  6.6066E-03 -7.2717E-03 -7.8894E-03
  6.0940E-03 -7.9409E-03 -8.4126E-03
  4.8866E-03 -7.5731E-03 -8.5472E-03
  4.1929E-03 -6.5295E-03 -8.1546E-03
  4.7158E-03 -5.8605E-03 -7.6286E-03
  5.9113E-03 -3.4852E-03 -5.9484E-03
  5.6855E-03 -3.2594E-03 -5.8850E-03
  5.2780E-03 -2.9182E-03 -5.8078E-03
  4.2069E-03 -2.0043E-03 -5.5955E-03
  4.4502E-03 -8.7288E-04 -4.8876E-03
  3.4170E-03  1.8688E-04 -4.5821E-03
  3.9399E-03  1.1471E-03 -3.8917E-03
  3.0511E-03  5.9751E-04 -4.4539E-03
  3.0676E-03 -2.4437E-03 -6.1666E-03
  2.9951E-03 -2.5452E-03 -6.2444E-03
  2.2348E-03 -2.7874E-03 -6.5967E-03
  1.0664E-03 -3.2267E-03 -7.1760E-03
  7.6048E-04 -4.1244E-03 -7.7696E-03
 -2.5135E-04 -4.9076E-03 -8.4987E-03
 -1.6259E-04 -5.7939E-03 -8.9740E-03
 -6.4396E-05 -5.4840E-03 -8.7712E-03
  4.9072E-05 -2.1510E-03 -6.8570E-03
 -2.8599E-04 -1.5582E-03 -6.6173E-03
 -4.1101E-04 -1.8867E-03 -6.8382E-03
 -1.3198E-03 -8.6064E-04 -6.5164E-03
 -9.1915E-04 -3.6414E-04 -6.1225E-03
 -1.8924E-03  5.8038E-04 -5.8651E-03
 -2.5263E-03  3.4972E-04 -6.1751E-03
 -1.9942E-03  1.5647E-03 -5.3382E-03
 -2.7061E-03 -1.1334E-03 -7.0635E-03
 -3.0488E-03 -1.7553E-03 -7.5118E-03
 -3.4861E-03 -7.0116E-04 -7.0405E-03
 -4.8336E-03 -8.9563E-04 -7.5324E-03
 -5.1821E-03 -2.1112E-03 -8.3175E-03
 -6.1575E-03 -2.4221E-03 -8.7696E-03
 -4.3593E-03 -2.8296E-03 -8.4899E-03
 -4.6097E-03 -3.9970E-03 -9.2201E-03
 -4.1331E-03 -4.8951E-03 -9.5921E-03
 -4.4467E-03 -6.0985E-03 -1.0361E-02
 -3.5898E-03 -6.8800E-03 -1.0559E-02
 -3.9373E-03 -7.9340E-03 -1.1253E-02
 -5.1249E-03 -8.2187E-03 -1.1750E-02
 -5.9844E-03 -7.4651E-03 -1.1568E-02
 -5.6470E-03 -6.4090E-03 -1.0876E-02
 -3.8868E-03 -4.3009E-03 -9.1868E-03
 -2.7596E-03 -4.1789E-03 -8.7983E-03
 -4.4966E-03 -4.7881E-03 -9.6348E-03
 -3.8173E-03 -5.1723E-03 -9.6591E-03
 -4.9062E-03 -5.1935E-03 -9.9798E-03
 -5.8114E-03 -5.7236E-03 -1.0536E-02
 -5.8012E-03 -5.0977E-03 -1.0179E-02
 -6.9452E-03 -4.1442E-03 -9.9653E-03
 -6.8257E-03 -3.1333E-03 -9.3606E-03
 -8.0500E-03 -4.4820E-03 -1.0469E-02
 -9.2387E-03 -3.6858E-03 -1.0357E-02
 -9.8509E-03 -3.7649E-03 -1.0575E-02
 -9.1669E-03 -3.2198E-03 -1.0073E-02
 -9.7280E-03 -3.4273E-03 -1.0349E-02
 -8.6977E-03 -3.9457E-03 -1.0350E-02
 -8.5639E-03 -5.0418E-03 -1.0931E-02
 -7.5827E-03 -5.4375E-03 -1.0876E-02
 -9.4299E-03 -5.7313E-03 -1.1566E-02
 -1.0215E-02 -3.9255E-03 -1.0769E-02
 -1.1211E-02 -3.2521E-03 -1.0671E-02
 -9.9319E-03 -4.8797E-03 -1.1227E-02
 -1.0809E-02 -5.1943E-03 -1.1654E-02
 -1.1673E-02 -6.0231E-03 -1.2367E-02
 -1.2368E-02 -5.5141E-03 -1.2276E-02
 -1.0893E-02 -7.0771E-03 -1.2741E-02
 -1.0052E-02 -5.8444E-03 -1.1806E-02
 -8.9402E-03 -6.2944E-03 -1.1745E-02
 -1.0654E-02 -5.9089E-03 -1.2013E-02
 -1.0052E-02 -6.5448E-03 -1.2201E-02
 -1.0941E-02 -6.4461E-03 -1.2398E-02
 -1.0437E-02 -7.3795E-03 -1.2782E-02
 -1.1034E-02 -5.2215E-03 -1.1733E-02
 -1.2093E-02 -4.9374E-03 -1.1873E-02
 -9.6887E-03 -7.8217E-03 -1.2820E-02
 -8.7224E-03 -8.3706E-03 -1.2856E-02
 -8.8885E-03 -8.3572E-03 -1.8297E-02
 -1.0015E-02 -7.4166E-03 -1.9016E-02
 -1.0492E-02 -8.2610E-03 -1.9952E-02
 -9.5811E-03 -8.9018E-03 -1.9310E-02
 -8.6499E-03 -9.4635E-03 -1.8607E-02
 -7.5856E-03 -9.6108E-03 -1.7551E-02
 -6.9727E-03 -1.0782E-02 -1.7496E-02
 -7.3767E-03 -8.4295E-03 -1.6727E-02
 -6.3480E-03 -8.4569E-03 -1.5648E-02
 -6.4278E-03 -7.0036E-03 -1.4993E-02
 -7.0232E-03 -6.6495E-03 -1.5446E-02
 -7.3625E-03 -5.1113E-03 -1.5023E-02
 -7.2238E-03 -4.2533E-03 -1.4439E-02
 -7.7937E-03 -4.6830E-03 -1.5263E-02
 -5.3910E-03 -8.9809E-03 -1.4898E-02
 -4.5123E-03 -9.7895E-03 -1.4376E-02
 -5.5766E-03 -8.5460E-03 -1.4874E-02
 -4.7464E-03 -8.9597E-03 -1.4202E-02
 -5.1536E-03 -8.0869E-03 -1.4191E-02
 -4.4321E-03 -1.0518E-02 -1.4661E-02
 -3.4916E-03 -1.1237E-02 -1.4028E-02
 -5.2345E-03 -1.1033E-02 -1.5776E-02
 -5.0436E-03 -1.2494E-02 -1.6317E-02
 -6.1235E-03 -1.2728E-02 -1.7584E-02
 -6.0305E-03 -1.3883E-02 -1.8073E-02
 -6.0048E-03 -1.5055E-02 -1.8642E-02
 -5.9432E-03 -1.3629E-02 -1.7850E-02
 -4.3871E-03 -1.3454E-02 -1.6108E-02
 -3.6888E-03 -1.4566E-02 -1.5932E-02
 -4.5989E-03 -1.3006E-02 -1.6105E-02
 -4.0197E-03 -1.3814E-02 -1.5901E-02
 -4.5395E-03 -1.3181E-02 -1.6131E-02
 -2.8435E-03 -1.3902E-02 -1.4696E-02
 -2.1386E-03 -1.4981E-02 -1.4496E-02
 -2.6221E-03 -1.2770E-02 -1.3884E-02
 -1.5047E-03 -1.2813E-02 -1.2719E-02
 -1.4219E-03 -1.1415E-02 -1.1919E-02
 -1.5422E-03 -1.0392E-02 -1.1527E-02
 -1.6304E-03 -8.7504E-03 -1.0785E-02
 -2.4688E-04 -8.9308E-03 -9.4062E-03
 -9.1995E-04 -1.3922E-02 -1.2662E-02
  8.7626E-06 -1.4674E-02 -1.2058E-02
 -1.4505E-03 -1.4027E-02 -1.3279E-02
 -9.1662E-04 -1.5058E-02 -1.3237E-02
 -1.6014E-03 -1.4868E-02 -1.3867E-02
 -9.7902E-04 -1.5812E-02 -1.3686E-02
 -1.4643E-03 -1.5379E-02 -1.3982E-02
 -2.4500E-03 -1.5801E-02 -1.5244E-02
 -2.6584E-03 -1.5780E-02 -1.5455E-02
 -6.6982E-04 -1.6545E-02 -1.3731E-02
  2.1151E-04 -1.7450E-02 -1.3255E-02
 -1.4561E-03 -1.6767E-02 -1.4679E-02
 -1.3854E-03 -1.8126E-02 -1.5296E-02
 -2.4793E-03 -1.8075E-02 -1.6433E-02
 -3.3983E-03 -1.7724E-02 -1.7230E-02
 -3.3846E-03 -1.8975E-02 -1.7853E-02
 -3.1647E-03 -1.8967E-02 -1.7615E-02
 -3.6051E-03 -1.9963E-02 -1.8590E-02
 -5.1374E-04 -1.8615E-02 -1.4619E-02
 -4.7230E-05 -1.9879E-02 -1.4766E-02
 -3.1098E-04 -1.7622E-02 -1.3898E-02
  5.4228E-04 -1.7973E-02 -1.3170E-02
  3.0934E-04 -1.6831E-02 -1.2836E-02
  1.6646E-03 -1.8220E-02 -1.2103E-02
  2.4736E-03 -1.8506E-02 -1.1389E-02
  1.7014E-03 -1.8078E-02 -1.1992E-02
  2.7163E-03 -1.8302E-02 -1.1027E-02
  3.0877E-03 -1.7026E-02 -9.9829E-03
  3.9909E-03 -1.7145E-02 -9.0840E-03
  1.7929E-03 -1.4283E-02 -1.0259E-02
  2.2967E-03 -1.3325E-02 -1.0055E-02
  1.3730E-03 -1.4179E-02 -1.0070E-02
  1.8933E-03 -1.3202E-02 -9.8646E-03
  1.8213E-03 -1.5978E-02 -1.0943E-02
  7.8593E-04 -1.7013E-02 -1.0991E-02
  1.8522E-03 -1.1518E-02 -9.1806E-03
  4.3940E-04 -1.1177E-02 -8.5488E-03
  3.0224E-03 -1.0367E-02 -9.1340E-03
  2.6636E-03 -8.6340E-03 -8.3190E-03
  3.6548E-03 -7.7683E-03 -8.3229E-03
  5.5576E-03 -7.6609E-03 -8.9485E-03
  6.4340E-03 -6.1175E-03 -8.6426E-03
  6.2391E-03 -8.9585E-03 -9.7038E-03
  3.1795E-03 -7.7027E-03 -8.1299E-03
  4.0804E-03 -8.3324E-03 -8.6966E-03
  2.5663E-03 -6.2348E-03 -7.3308E-03
  2.9831E-03 -5.1997E-03 -7.0656E-03
  1.5380E-03 -5.3376E-03 -6.6129E-03
 -9.5198E-05 -4.7991E-03 -5.8251E-03
  1.2196E-03 -7.0987E-03 -7.2013E-03
  3.3423E-03 -3.3828E-03 -6.4694E-03
  2.4478E-03 -2.7757E-03 -5.9138E-03
  4.6582E-03 -2.4879E-03 -6.5757E-03
  5.0554E-03 -7.4145E-04 -6.0208E-03
  6.8592E-03 -9.4364E-05 -6.3970E-03
  8.1498E-03 -1.0909E-03 -7.2466E-03
  8.7765E-03 -2.0937E-03 -7.8654E-03
  8.4970E-03 -9.0079E-04 -7.2929E-03
  3.8347E-03  3.5143E-04 -5.1575E-03
  3.4817E-03  1.5849E-03 -4.5430E-03
  3.2993E-03 -1.6692E-05 -5.1158E-03
  2.1767E-03  1.0088E-03 -4.3137E-03
  3.1541E-03  2.1532E-03 -4.2020E-03
  4.4606E-03  3.3982E-03 -4.1659E-03
  4.0782E-03  4.9897E-03 -3.3987E-03
  5.3437E-03  6.1644E-03 -3.3762E-03
  6.9965E-03  5.7114E-03 -4.1367E-03
  8.2902E-03  6.7975E-03 -4.1593E-03
  7.3817E-03  4.1400E-03 -4.8969E-03
  6.1181E-03  2.9962E-03 -4.9079E-03
  7.4415E-04  7.4986E-05 -4.1819E-03
  9.3323E-04 -1.1669E-03 -4.7421E-03
 -6.5256E-04  8.3051E-04 -3.3909E-03
 -2.1861E-03  1.7444E-04 -3.1132E-03
 -3.6587E-03 -3.6123E-04 -2.8089E-03
 -3.1793E-03 -1.7129E-03 -3.5148E-03
 -5.2285E-03 -9.7679E-04 -2.5023E-03
 -2.5644E-03  1.7136E-03 -2.3683E-03
 -2.9341E-03  2.9974E-03 -1.7280E-03
 -2.3300E-03  1.6236E-03 -2.4864E-03
 -2.5970E-03  3.0122E-03 -1.8405E-03
 -1.0632E-03  3.3994E-03 -2.2252E-03
  7.2324E-04  3.5702E-03 -2.7848E-03
  9.8776E-04  5.0780E-03 -2.2782E-03
  2.0479E-03  3.7613E-03 -3.1741E-03
 -4.1887E-03  2.5365E-03 -1.4706E-03
 -4.4520E-03  1.1502E-03 -1.9293E-03
 -5.2889E-03  3.6616E-03 -6.3679E-04
 -6.8342E-03  3.3388E-03 -2.2238E-04
 -8.4058E-03  3.6931E-03  4.7045E-04
 -1.0069E-02  3.1478E-03  8.3773E-04
 -1.1614E-02  3.8524E-03  1.6605E-03
 -1.2966E-02  3.6122E-03  2.0399E-03
 -1.1479E-02  4.6470E-03  1.9293E-03
 -6.5921E-03  4.5387E-03  1.6970E-04
 -6.4162E-03  6.0575E-03  7.1178E-04
 -6.5375E-03  3.8461E-03 -1.2491E-04
 -6.3018E-03  4.8459E-03  1.8987E-04
 -5.5081E-03  3.8281E-03 -4.9360E-04
 -4.6262E-03  4.8635E-03 -3.9167E-04
 -5.4443E-03  5.0276E-03 -3.9074E-05
 -4.5663E-03  5.8451E-03 -2.2409E-05
 -2.8614E-03  6.5040E-03 -3.5923E-04
 -2.0399E-03  6.3545E-03 -7.0720E-04
 -2.9308E-03  5.5397E-03 -7.1829E-04
 -8.0687E-03  5.2281E-03  9.6242E-04
 -9.0896E-03  4.1577E-03  8.9540E-04
 -8.4076E-03  6.7903E-03  1.7026E-03
 -1.0096E-02  7.2928E-03  2.4955E-03
 -1.0496E-02  8.4702E-03  3.1042E-03
 -1.2302E-02  8.8506E-03  3.8896E-03
 -1.2555E-02  1.0364E-02  4.5801E-03
 -1.3460E-02  7.6436E-03  3.8165E-03
 -1.0441E-02  8.1086E-03  2.9411E-03
 -9.5890E-03  9.4273E-03  3.1661E-03
 -1.5944E-02  7.0734E-03  2.1716E-03
 -1.5995E-02  5.2912E-03  2.2237E-03
 -1.6293E-02  3.8536E-03  7.7214E-04
 -1.6602E-02  4.6450E-03 -1.1851E-03
 -1.6309E-02  2.0379E-03  1.0339E-03
 -1.5694E-02  4.4252E-03  4.1466E-03
 -1.5622E-02  4.0191E-03  4.6465E-03
 -1.5511E-02  4.1847E-03  5.2610E-03
 -1.5598E-02  4.6706E-03  4.6609E-03
 -1.5285E-02  4.7138E-03  6.4772E-03
 -1.5159E-02  3.0878E-03  7.5266E-03
 -1.5212E-02  3.3957E-03  7.1577E-03
 -1.5240E-02  1.5733E-03  7.3539E-03
 -1.5465E-02  2.2550E-04  6.3100E-03
 -1.4999E-02  1.5139E-03  8.7676E-03
 -1.4994E-02 -1.3016E-04  9.1231E-03
 -1.4659E-02 -3.2379E-05  1.1055E-02
 -1.4599E-02  1.3452E-03  1.1132E-02
 -1.4332E-02  1.5000E-03  1.2655E-02
 -1.4818E-02  2.2406E-03  9.6826E-03
 -1.5087E-02 -1.9839E-03  8.9453E-03
 -1.5279E-02 -3.2857E-03  8.0827E-03
 -1.4944E-02 -2.1236E-03  9.8033E-03
 -1.5014E-02 -3.8773E-03  9.7413E-03
 -1.4811E-02 -3.7500E-03  1.0899E-02
 -1.4459E-02 -3.9691E-03  1.2993E-02
 -1.4429E-02 -5.6636E-03  1.3498E-02
 -1.4259E-02 -5.3461E-03  1.4428E-02
 -1.4576E-02 -7.2875E-03  1.2964E-02
 -1.5370E-02 -4.4275E-03  7.7778E-03
 -1.5506E-02 -6.0791E-03  7.3064E-03
 -1.5521E-02 -3.0373E-03  6.6242E-03
 -1.5861E-02 -3.4605E-03  4.7258E-03
 -1.5963E-02 -1.7765E-03  3.7996E-03
 -1.5877E-02 -1.6301E-03  4.2710E-03
 -1.6067E-02 -3.0051E-04  2.9031E-03
 -1.5516E-02 -9.6460E-04  6.2460E-03
 -1.6063E-02 -4.1347E-03  3.6794E-03
 -1.6292E-02 -5.4842E-03  2.6133E-03
 -1.5967E-02 -3.2727E-03  4.0687E-03
 -1.6140E-02 -3.8492E-03  3.1787E-03
 -1.6007E-02 -2.5312E-03  3.6902E-03
 -1.6143E-02 -3.4119E-03  3.0711E-03
 -1.6098E-02 -5.9333E-04  2.7811E-03
 -1.5932E-02  8.0487E-04  3.4739E-03
 -1.6095E-02 -5.8616E-03  3.8347E-03
 -1.6327E-02 -7.0360E-03  2.7110E-03
 -1.5794E-02 -6.2190E-03  5.6573E-03
 -1.5714E-02 -8.0750E-03  6.4853E-03
 -1.5358E-02 -8.1784E-03  8.5839E-03
 -1.5119E-02 -6.7298E-03  9.6872E-03
 -1.5295E-02 -1.0092E-02  9.3238E-03
 -1.5935E-02 -9.5647E-03  5.4937E-03
 -1.6080E-02 -1.1015E-02  4.9352E-03
 -1.5966E-02 -9.1575E-03  5.2305E-03
 -1.6170E-02 -1.0424E-02  4.2942E-03
 -1.6123E-02 -9.6546E-03  4.4174E-03
 -1.5773E-02 -9.5145E-03  6.4299E-03
 -1.5688E-02 -8.5227E-03  6.7279E-03
 -1.5580E-02 -1.0374E-02  7.7173E-03
 -1.6530E-02 -1.0707E-02  2.2538E-03
 -1.6712E-02 -1.2256E-02  1.4939E-03
 -1.6633E-02 -9.1975E-03  1.3568E-03
 -1.6971E-02 -9.2749E-03 -5.9532E-04
 -1.7040E-02 -7.2919E-03 -1.3914E-03
 -1.7021E-02 -6.0937E-03 -1.5125E-03
 -1.7045E-02 -4.0531E-03 -2.0567E-03
 -1.7024E-02 -2.9546E-03 -2.1475E-03
 -1.7076E-02 -1.1927E-03 -2.7975E-03
 -1.7052E-02 -3.0481E-04 -2.8334E-03
 -1.7150E-02 -3.0495E-04 -3.3993E-03
 -1.7058E-02 -1.0462E-02 -8.7303E-04
 -1.7342E-02 -1.1157E-02 -2.3866E-03
 -1.6816E-02 -1.0810E-02  6.0519E-04
 -1.6890E-02 -1.1874E-02  3.8304E-04
 -1.6751E-02 -1.0675E-02  9.5920E-04
 -1.6776E-02 -1.1878E-02  1.0470E-03
 -1.6934E-02 -9.0534E-03 -4.2514E-04
 -1.6742E-02 -7.4150E-03  3.7038E-04
 -1.6799E-02 -1.3793E-02  1.2907E-03
 -1.7006E-02 -1.5162E-02  3.5413E-04
 -1.3416E-02 -1.4635E-02  2.1229E-03
 -6.0032E-03 -1.3369E-02  8.5333E-04
 -2.7532E-03 -1.4374E-02 -2.5257E-03
 -3.6864E-03 -1.8363E-02 -9.2964E-03
 -5.6418E-03 -1.3394E-02  6.3394E-04
 -3.5443E-03 -1.4596E-02 -2.5487E-03
  1.5186E-03 -1.2480E-02 -1.1503E-03
 -7.4741E-03 -1.7891E-02 -6.6225E-03
 -5.5546E-03 -1.9355E-02 -1.0195E-02
 -7.3916E-03 -1.8101E-02 -7.0436E-03
 -9.5218E-03 -2.0310E-02 -1.0018E-02
 -6.7565E-03 -1.4638E-02 -1.0814E-03
 -8.4600E-03 -1.3371E-02  2.0289E-03
 -1.5264E-02 -1.2804E-02  6.3228E-03
 -1.5228E-02 -9.3303E-03  1.2592E-02
 -2.2195E-02 -9.0749E-03  1.6401E-02
 -2.2640E-02 -6.0140E-03  2.2153E-02
 -2.7482E-02 -6.3159E-03  2.3933E-02
 -2.7436E-02 -3.3830E-03  2.9218E-02
 -3.2437E-02 -9.5320E-03  2.0492E-02
 -2.7211E-03 -1.0073E-02  5.2416E-03
  5.7874E-04 -7.4680E-03  8.3708E-03
 -1.3727E-03 -1.0416E-02  3.9738E-03
  3.9464E-03 -7.6668E-03  6.3937E-03
  8.0192E-03 -9.4731E-03  1.1690E-03
  1.0080E-02 -1.2256E-02 -4.8571E-03
  1.5801E-02 -1.0536E-02 -4.4917E-03
  1.8077E-02 -1.3297E-02 -1.0581E-02
  1.6430E-02 -1.4727E-02 -1.2379E-02
  1.8698E-02 -1.7247E-02 -1.8027E-02
  1.2624E-02 -1.3597E-02 -8.5061E-03
  3.4084E-04 -5.9983E-03  1.1145E-02
 -4.8838E-03 -7.9612E-03  1.0102E-02
  3.3190E-03 -2.4292E-03  1.6173E-02
  2.9876E-04 -4.9713E-04  2.1120E-02
 -2.3897E-03  1.9897E-03  2.6911E-02
  3.5247E-03  5.1988E-03  2.9878E-02
 -7.0461E-03 -2.1923E-04  2.5150E-02
  5.2436E-03  1.9068E-03  2.3095E-02
  1.1392E-02  3.3769E-03  2.2803E-02
  2.6411E-03  2.2031E-03  2.4881E-02
  7.0408E-03  4.6395E-03  2.7177E-02
  4.8629E-03  3.4440E-03  2.6060E-02
  9.3383E-03  6.0369E-03  2.8603E-02
  7.8295E-03  7.4971E-03  3.1970E-02
  1.3865E-02  9.9541E-03  3.3517E-02
  1.8909E-02  9.9874E-03  3.1155E-02
  1.6320E-02  7.6349E-03  2.8141E-02
  6.5402E-03  8.3281E-03  3.4093E-02
  1.5876E-03  8.9509E-03  3.7598E-02
  1.1698E-02  1.0746E-02  3.5992E-02
  1.1863E-02  1.4365E-02  4.2461E-02
  1.8930E-02  1.6785E-02  4.3446E-02
  9.2726E-03  1.6374E-02  4.7341E-02
  4.0548E-03  1.6977E-02  5.0937E-02
  1.2791E-02  1.7409E-02  4.7523E-02
  1.9718E-02  1.7604E-02  4.4549E-02
  2.2793E-02  2.1308E-02  4.9776E-02
  1.6985E-02  2.1260E-02  5.2478E-02
  1.0480E-02  1.9340E-02  5.2128E-02
  4.5065E-03  1.6932E-02  5.0639E-02
  5.1950E-03  1.6857E-02  5.0174E-02
 -1.3307E-03  1.5027E-02  4.9995E-02
 -7.4460E-03  1.2645E-02  4.8622E-02
 -6.0636E-03  9.6416E-03  4.2523E-02
 -4.9608E-03  7.0989E-03  3.7392E-02
 -1.3029E-02  1.0889E-02  4.8126E-02
 -1.9123E-02  1.0036E-02  4.9510E-02
 -1.0809E-02  1.0243E-02  4.5890E-02
 -1.5457E-02  8.6189E-03  4.5184E-02
 -1.8196E-02  4.4810E-03  3.9011E-02
 -2.1936E-02  2.8239E-03  3.7809E-02
 -1.8771E-02  3.7648E-03  3.6251E-02
 -2.1389E-02 -8.9069E-04  2.9716E-02
 -1.8562E-02 -2.9665E-03  2.5624E-02
 -2.4368E-02 -4.1131E-03  2.5536E-02
 -2.2373E-02 -1.1171E-03  2.9650E-02
 -1.4765E-02 -9.5866E-04  2.7656E-02
 -1.1606E-02  1.5575E-03  3.0674E-02
 -4.6702E-03  1.5321E-03  2.8589E-02
 -1.5347E-02  4.1341E-03  3.5821E-02
 -1.8835E-02 -2.6154E-03  2.6255E-02
 -1.2334E-02 -1.1770E-03  2.6597E-02
 -2.3923E-02 -5.7299E-03  2.2867E-02
 -2.2283E-02 -7.5341E-03  1.9551E-02
 -2.7029E-02 -6.1812E-03  2.3074E-02
 -2.4038E-02 -7.1435E-03  2.0682E-02
 -3.5418E-02 -8.3645E-03  2.2121E-02
 -2.3415E-02 -1.2374E-02  1.2288E-02
 -2.9092E-02 -1.4728E-02  1.0267E-02
 -1.7966E-02 -1.3806E-02  8.4330E-03
 -1.8013E-02 -1.8301E-02  1.3924E-03
 -1.1079E-02 -1.9113E-02 -1.9279E-03
 -1.0658E-02 -1.7588E-02  3.4238E-04
 -6.9092E-03 -1.3417E-02  5.7837E-03
 -6.9952E-03 -1.1859E-02  8.2551E-03
 -1.0866E-02 -1.4506E-02  5.2409E-03
 -1.1055E-02 -1.2919E-02  7.7882E-03
 -1.4611E-02 -1.8694E-02 -2.2862E-04
 -1.4466E-02 -2.0208E-02 -2.6468E-03
 -1.7397E-02 -1.9462E-02 -6.1223E-04
 -1.5845E-02 -1.6661E-02  3.3261E-03
 -1.8960E-02 -2.3613E-02 -6.6664E-03
 -1.8133E-02 -2.5320E-02 -9.5898E-03
 -2.5604E-02 -2.6499E-02 -9.2378E-03
 -2.4482E-02 -2.7651E-02 -1.1378E-02
 -2.3570E-02 -2.5256E-02 -7.8873E-03
 -2.2267E-02 -2.7824E-02 -1.2302E-02
 -2.2393E-02 -3.1646E-02 -1.8264E-02
 -2.3721E-02 -3.1623E-02 -1.7837E-02
 -1.4818E-02 -2.9255E-02 -1.6745E-02
 -1.8795E-02 -3.2639E-02 -2.0884E-02
 -7.6223E-03 -2.8784E-02 -1.8127E-02
 -3.4806E-03 -3.2134E-02 -2.4606E-02
  3.0675E-03 -3.1465E-02 -2.5488E-02
  1.1758E-04 -3.1187E-02 -2.4181E-02
  9.1242E-03 -2.7446E-02 -2.0965E-02
 -8.4800E-03 -3.6641E-02 -3.0206E-02
 -6.9050E-03 -3.9603E-02 -3.5321E-02
 -1.4406E-02 -3.7181E-02 -2.9307E-02
 -1.9595E-02 -4.1363E-02 -3.4341E-02
 -2.1773E-02 -4.2414E-02 -3.5349E-02
 -1.5521E-02 -4.3363E-02 -3.8682E-02
 -1.1004E-02 -3.9322E-02 -3.3671E-02
 -4.4988E-03 -4.0113E-02 -3.6830E-02
 -3.1900E-05 -3.6074E-02 -3.1808E-02
 -2.6800E-02 -4.1672E-02 -3.2702E-02
 -2.8255E-02 -4.4162E-02 -3.6181E-02
 -3.0976E-02 -3.8921E-02 -2.7153E-02
 -3.8308E-02 -3.8930E-02 -2.5005E-02
 -4.2447E-02 -3.6087E-02 -1.9322E-02
 -4.2128E-02 -3.6678E-02 -2.0343E-02
 -4.1116E-02 -3.3200E-02 -1.5183E-02
 -4.0132E-02 -3.3675E-02 -1.6219E-02
 -4.0189E-02 -3.7670E-02 -2.2473E-02
 -4.1262E-02 -4.1176E-02 -2.7659E-02
 -4.2240E-02 -4.0667E-02 -2.6572E-02
 -3.8662E-02 -3.8145E-02 -2.3669E-02
 -4.3875E-02 -4.0342E-02 -2.5580E-02
 -3.3462E-02 -3.4932E-02 -2.0157E-02
 -3.3305E-02 -3.4021E-02 -1.8775E-02
 -3.8440E-02 -3.0994E-02 -1.2509E-02
 -3.4961E-02 -2.6298E-02 -6.1630E-03
 -3.4511E-02 -2.3559E-02 -1.9970E-03
 -3.2762E-02 -2.5161E-02 -5.0280E-03
 -2.5101E-02 -3.2343E-02 -1.8559E-02
 -2.2637E-02 -2.8613E-02 -1.3432E-02
 -2.0705E-02 -3.5131E-02 -2.4232E-02
 -2.3080E-02 -3.9736E-02 -3.0761E-02
 -1.7126E-02 -4.1472E-02 -3.5240E-02
 -9.9932E-03 -3.7966E-02 -3.1841E-02
 -1.2696E-02 -3.3894E-02 -2.4652E-02
 -1.1801E-02 -3.2581E-02 -2.2854E-02
 -1.7106E-02 -3.3746E-02 -2.3120E-02
 -5.3528E-03 -2.9811E-02 -2.0409E-02
  7.1513E-04 -2.7098E-02 -1.7939E-02
  6.5708E-03 -2.5274E-02 -1.6801E-02
  1.9152E-03 -2.4612E-02 -1.4391E-02
 -4.5544E-03 -2.8643E-02 -1.8809E-02
 -2.4247E-03 -3.2337E-02 -2.5236E-02
  3.1726E-04 -3.4938E-02 -3.0127E-02
 -4.1974E-03 -3.1271E-02 -2.4460E-02
 -2.4802E-03 -3.4209E-02 -2.9920E-02
 -4.2234E-03 -3.3097E-02 -2.7269E-02
 -1.2595E-02 -3.4372E-02 -2.4764E-02
 -1.3506E-02 -3.2527E-02 -2.1424E-02
 -2.1270E-02 -3.2405E-02 -1.7083E-02
 -2.1269E-02 -2.9093E-02 -1.1966E-02
  5.8702E-03 -3.3264E-02 -3.2925E-02
  7.9744E-03 -3.6467E-02 -3.9001E-02
  1.0612E-02 -2.8842E-02 -2.8625E-02
  1.8704E-02 -2.7481E-02 -3.0849E-02
  2.3380E-02 -2.3362E-02 -2.6983E-02
  2.0420E-02 -2.4260E-02 -2.6789E-02
  3.1702E-02 -2.2578E-02 -3.0223E-02
  1.9605E-02 -2.5891E-02 -2.8874E-02
  1.9378E-02 -2.2112E-02 -2.2912E-02
  1.9890E-02 -2.8968E-02 -3.3782E-02
  2.0597E-02 -2.7928E-02 -3.2553E-02
  2.1320E-02 -3.1947E-02 -3.9151E-02
  2.1732E-02 -3.1345E-02 -3.8441E-02
  1.4135E-02 -3.2419E-02 -3.6039E-02
  1.3614E-02 -2.9349E-02 -3.1015E-02
  8.8450E-03 -3.6345E-02 -3.9278E-02
  2.7117E-02 -2.3241E-02 -2.8795E-02
  3.3497E-02 -2.2276E-02 -3.0715E-02
  2.5287E-02 -2.0320E-02 -2.3302E-02
  3.0766E-02 -1.5706E-02 -1.9100E-02
  3.1269E-02 -1.2070E-02 -1.3749E-02
  3.5153E-02 -7.9058E-03 -9.3897E-03
  2.6990E-02 -1.3625E-02 -1.3864E-02
  2.6985E-02 -1.0601E-02 -9.1887E-03
  2.9991E-02 -1.2101E-02 -1.3114E-02
  3.7782E-02 -1.2136E-02 -1.7334E-02
  4.3761E-02 -7.4398E-03 -1.3273E-02
  5.1346E-02 -7.7520E-03 -1.7812E-02
  5.7125E-02 -3.3850E-03 -1.4152E-02
  1.9020E-02 -1.0992E-02 -5.5328E-03
  1.3649E-02 -1.4845E-02 -8.6157E-03
  1.8297E-02 -7.0284E-03  9.7987E-04
  1.0961E-02 -6.9133E-03  5.0805E-03
  1.1238E-02 -1.9409E-03  1.2618E-02
  4.2965E-03 -1.4999E-03  1.7012E-02
  5.3635E-03  1.6081E-03  2.1245E-02
 -2.1612E-03 -4.2349E-03  1.6238E-02
  8.6903E-03 -8.8574E-03  3.2902E-03
  1.2787E-02 -7.0743E-03  3.8557E-03
  1.9700E-03 -1.2374E-02  1.4487E-03
 -1.1044E-03 -1.4788E-02 -6.3890E-04
 -8.5930E-03 -1.8859E-02 -2.9266E-03
 -7.6921E-03 -2.2364E-02 -8.8250E-03
 -1.3520E-02 -2.5151E-02 -1.0016E-02
 -1.1644E-03 -2.2325E-02 -1.2255E-02
 -2.1079E-03 -1.1967E-02  4.2591E-03
 -1.8421E-03 -1.3239E-02  2.1508E-03
 -3.4068E-03 -8.2006E-03  1.0774E-02
 -4.5612E-03 -5.2843E-03  1.5899E-02
 -1.0669E-02 -3.5092E-03  2.1909E-02
 -1.8430E-02 -7.1284E-03  2.0465E-02
 -9.3463E-03  1.2138E-03  2.8501E-02
  2.5776E-03 -1.3165E-03  1.8214E-02
  2.9225E-03 -4.8732E-05  1.9989E-02
  8.3547E-03  4.9003E-04  1.7917E-02
  1.5330E-02  4.3307E-03  2.0123E-02
  1.6919E-02  8.5562E-03  2.5805E-02
  1.0307E-02  1.0044E-02  3.1639E-02
  1.8045E-02  7.3439E-03  2.3329E-02
  2.2354E-02  3.1665E-03  1.4568E-02
  2.8182E-02  5.6584E-03  1.5303E-02
  2.1752E-02 -6.8316E-04  8.9399E-03
  2.8273E-02 -1.8884E-03  3.5899E-03
  3.3873E-02  1.8633E-03  6.3939E-03
  4.0724E-02  3.4878E-03  5.2411E-03
  3.2955E-02  6.3824E-03  9.6626E-03
  3.6015E-02  8.6960E-03  1.2460E-02
  3.3914E-02  1.0827E-02  1.9511E-02
  3.8160E-02  1.4012E-02  2.3332E-02
  3.6183E-02  1.6177E-02  3.0351E-02
  3.7483E-02  1.8114E-02  3.3839E-02
  3.3298E-02  1.5939E-02  3.2400E-02
  3.4146E-02  6.7547E-03  9.4772E-03
  2.8753E-02  4.1854E-03  8.1841E-03
  3.8579E-02  7.9651E-03  8.3662E-03
  3.7294E-02  6.2647E-03  5.4338E-03
  4.3312E-02  7.9599E-03  4.0497E-03
  4.8135E-02  7.6179E-03 -1.1600E-03
  4.8193E-02  5.0487E-03 -7.4094E-03
  5.3430E-02  5.8238E-03 -1.0302E-02
  4.3073E-02  2.2730E-03 -9.4485E-03
  3.1989E-02  5.7475E-03  9.0099E-03
  3.0909E-02  7.7334E-03  1.4781E-02
  2.8583E-02  2.9762E-03  5.4224E-03
  2.3344E-02  2.0555E-03  7.9654E-03
  1.8106E-02 -1.6309E-03  3.8365E-03
  1.5569E-02 -3.0848E-03  2.6373E-03
  1.2667E-02 -1.6592E-03  8.7142E-03
  1.0762E-02 -6.7606E-03 -1.8574E-03
  2.5605E-02  3.0332E-03  8.2679E-03
  3.0690E-02  3.7297E-03  5.3242E-03
  2.1648E-02  2.9241E-03  1.1602E-02
  2.3118E-02  3.8348E-03  1.2462E-02
  2.4987E-02  7.2478E-03  1.8994E-02
  3.1780E-02  9.8701E-03  1.9143E-02
  2.0869E-02  7.5210E-03  2.3398E-02
  1.7533E-02  1.4541E-03  1.1799E-02
  1.2605E-02 -1.0392E-03  1.0266E-02
  1.8414E-02  2.1544E-03  1.2686E-02
  1.3345E-02  1.0583E-04  1.2355E-02
  1.5087E-02 -1.3311E-03  7.3046E-03
  1.2560E-02 -4.7463E-03  1.3660E-03
  2.1828E-02  7.3956E-04  6.1698E-03
  1.2415E-02  2.3687E-03  1.8658E-02
  1.7025E-02  5.2193E-03  2.1341E-02
  6.5001E-03  1.2143E-03  2.1251E-02
  5.1750E-03  3.2174E-03  2.7287E-02
 -1.7859E-03  1.6782E-03  2.9904E-02
 -3.0525E-03  4.0962E-03  3.6888E-02
 -1.0122E-02  2.5109E-03  3.9492E-02
 -1.4271E-02 -2.9240E-04  3.6503E-02
 -1.5428E-02 -1.0569E-04  3.8005E-02
 -1.9303E-02 -2.8273E-03  3.4964E-02
 -1.2701E-02  2.7656E-03  4.2451E-02
  6.7451E-03  3.4039E-03  2.6310E-02
  6.7682E-03  1.2651E-03  2.1130E-02
  8.1869E-03  5.9836E-03  3.1221E-02
  9.6979E-03  6.3669E-03  3.0771E-02
  1.1716E-02  9.6686E-03  3.6899E-02
  1.2223E-02  1.0050E-02  3.7360E-02
  1.7098E-02  9.7704E-03  3.2251E-02
  2.3902E-02  1.2873E-02  3.3547E-02
  2.5618E-02  1.5682E-02  3.8762E-02
  3.9366E-03  3.5818E-03  2.9292E-02
  4.4634E-03  2.2037E-03  2.5489E-02
 -1.5440E-03  2.7605E-03  3.2295E-02
 -7.5641E-03  1.6601E-04  3.1511E-02
 -1.2925E-02 -1.2820E-04  3.5675E-02
 -1.1993E-02  3.0570E-03  4.2511E-02
 -1.4364E-02  3.5321E-03  4.5812E-02
 -8.9453E-03  5.0653E-03  4.4583E-02
 -8.8143E-03 -3.0929E-03  2.4788E-02
 -1.1179E-02 -5.0033E-03  2.2330E-02
 -7.1457E-03 -3.6831E-03  2.1847E-02
 -8.1151E-03 -6.7124E-03  1.5422E-02
 -6.5138E-03 -6.8017E-03  1.3751E-02
 -1.0029E-02 -6.2285E-03  1.8329E-02
 -8.4559E-03 -5.8521E-03  1.7807E-02
 -1.4280E-02 -6.1432E-03  2.2400E-02
 -4.3617E-03 -7.2402E-03  1.0736E-02
 -5.7642E-03 -9.9601E-03  5.4517E-03
  3.3030E-04 -4.6492E-03  1.2719E-02
  4.2984E-03 -4.8016E-03  8.7440E-03
  8.9212E-03 -1.4957E-03  1.2514E-02
  1.5463E-02  6.2755E-04  1.1687E-02
  2.0364E-02  1.0301E-03  8.2020E-03
  2.6333E-02  3.5612E-03  8.8789E-03
  1.8803E-02 -9.0546E-04  4.9530E-03
  4.4926E-04 -7.4511E-03  5.8536E-03
 -3.3014E-03 -7.5054E-03  9.1327E-03
 -9.7637E-03 -7.6579E-03  6.7269E-03
 -1.0935E-02 -7.4840E-03  6.3648E-03
 -1.1033E-02 -6.8030E-03  5.4198E-03
 -1.2039E-02 -6.4331E-03  4.8062E-03
 -1.2001E-02 -5.6996E-03  3.8036E-03
 -1.2775E-02 -5.5337E-03  3.4943E-03
 -1.1208E-02 -5.2877E-03  3.3219E-03
 -1.1810E-02 -8.0143E-03  7.0005E-03
 -1.2714E-02 -8.1599E-03  7.1050E-03
 -1.1540E-02 -8.3050E-03  7.4279E-03
 -1.2301E-02 -8.8305E-03  8.0688E-03
 -1.1785E-02 -9.0327E-03  8.4007E-03
 -1.2402E-02 -9.6554E-03  9.1903E-03
 -1.1582E-02 -1.0158E-02  9.9661E-03
 -1.1252E-02 -1.0112E-02  9.9374E-03
 -1.1270E-02 -1.0594E-02  1.0598E-02
 -1.2512E-02 -9.4582E-03  8.9080E-03
 -1.3465E-02 -9.7615E-03  9.2239E-03
 -1.1604E-02 -9.6555E-03  9.2745E-03
 -1.1667E-02 -1.0232E-02  1.0060E-02
 -1.0461E-02 -1.0396E-02  1.0410E-02
 -1.0485E-02 -1.1021E-02  1.1266E-02
 -9.8431E-03 -1.0506E-02  1.0627E-02
 -1.2350E-02 -1.0079E-02  9.7776E-03
 -1.3131E-02 -1.0484E-02  1.0251E-02
 -1.2106E-02 -9.4806E-03  8.9816E-03
 -1.2694E-02 -9.2811E-03  8.6459E-03
 -1.2199E-02 -8.5843E-03  7.7417E-03
 -1.0955E-02 -8.6101E-03  7.9082E-03
 -1.2832E-02 -8.3840E-03  7.4001E-03
 -1.3971E-02 -9.2717E-03  8.4984E-03
 -1.4650E-02 -9.6115E-03  8.8932E-03
 -1.4301E-02 -8.8989E-03  7.9520E-03
 -1.5506E-02 -8.8621E-03  7.7745E-03
 -1.5657E-02 -8.3684E-03  7.0811E-03
 -1.5396E-02 -7.6505E-03  6.1234E-03
 -1.6174E-02 -7.1937E-03  5.4145E-03
 -1.6234E-02 -6.5547E-03  4.5312E-03
 -1.5632E-02 -5.9867E-03  3.8152E-03
 -1.5737E-02 -5.4279E-03  3.0371E-03
 -1.4919E-02 -5.9800E-03  3.8809E-03
 -1.6152E-02 -9.5467E-03  8.6460E-03
 -1.7165E-02 -9.6517E-03  8.6834E-03
 -1.5563E-02 -1.0015E-02  9.3511E-03
 -1.6077E-02 -1.0690E-02  1.0223E-02
 -1.5302E-02 -1.1051E-02  1.0800E-02
 -1.5798E-02 -1.1236E-02  1.1002E-02
 -1.4828E-02 -1.1387E-02  1.1311E-02
 -1.3967E-02 -1.1820E-02  1.1996E-02
 -1.2814E-02 -1.1762E-02  1.2038E-02
 -1.6267E-02 -1.1086E-02  1.0746E-02
 -1.7169E-02 -1.1429E-02  1.1122E-02
 -1.5423E-02 -1.1042E-02  1.0776E-02
 -1.5550E-02 -1.1389E-02  1.1238E-02
 -1.4494E-02 -1.1230E-02  1.1131E-02
 -1.3521E-02 -1.1652E-02  1.1813E-02
 -1.2813E-02 -1.1749E-02  1.2021E-02
 -1.2214E-02 -1.1118E-02  1.1217E-02
 -1.1134E-02 -1.0921E-02  1.1060E-02
 -1.0662E-02 -1.0338E-02  1.0310E-02
 -1.0522E-02 -1.1310E-02  1.1659E-02
 -1.6581E-02 -1.1173E-02  1.0833E-02
 -1.7228E-02 -1.1590E-02  1.1337E-02
 -1.6732E-02 -1.0519E-02  9.9188E-03
 -1.7666E-02 -1.0262E-02  9.4684E-03
 -1.7496E-02 -9.4987E-03  8.4387E-03
 -1.6541E-02 -9.2023E-03  8.1324E-03
 -1.6817E-02 -9.3780E-03  8.3444E-03
 -1.6365E-02 -8.4310E-03  7.0924E-03
 -1.8830E-02 -1.0479E-02  9.6435E-03
 -1.9631E-02 -1.0614E-02  9.7450E-03
 -1.8954E-02 -1.0510E-02  9.6735E-03
 -2.0071E-02 -1.0734E-02  9.8631E-03
 -2.0109E-02 -1.0660E-02  9.7576E-03
 -2.1271E-02 -1.0940E-02  1.0018E-02
 -1.9193E-02 -1.1036E-02  1.0370E-02
 -2.0366E-02 -1.1473E-02  1.0846E-02
 -2.1298E-02 -1.1670E-02  1.1018E-02
 -1.9514E-02 -1.1858E-02  1.1464E-02
 -1.9581E-02 -1.2571E-02  1.2435E-02
 -1.8389E-02 -1.2798E-02  1.2873E-02
 -1.8343E-02 -1.3507E-02  1.3851E-02
 -1.8001E-02 -1.3982E-02  1.4539E-02
 -1.8550E-02 -1.4550E-02  1.5260E-02
 -1.7180E-02 -1.3786E-02  1.4356E-02
 -1.9975E-02 -1.2692E-02  1.2559E-02
 -2.0698E-02 -1.3163E-02  1.3131E-02
 -2.0320E-02 -9.8469E-03  4.3885E-03
 -1.8712E-02 -8.8524E-03  3.6038E-03
 -1.8017E-02 -8.3329E-03  3.3410E-03
 -1.6395E-02 -7.0664E-03  2.7720E-03
 -1.5998E-02 -5.4228E-03  3.7580E-03
 -1.4514E-02 -4.2293E-03  3.2665E-03
 -1.3402E-02 -4.6810E-03  1.7629E-03
 -1.1931E-02 -3.4746E-03  1.2959E-03
 -1.3773E-02 -6.3057E-03  7.6666E-04
 -1.5269E-02 -7.4941E-03  1.2750E-03
 -1.8346E-02 -7.3586E-03  4.4944E-03
 -1.7383E-02 -6.9355E-03  3.8795E-03
 -1.9125E-02 -6.5627E-03  5.9520E-03
 -1.8856E-02 -5.1093E-03  6.9073E-03
 -1.9564E-02 -4.1961E-03  8.3921E-03
 -1.8715E-02 -3.3194E-03  8.2742E-03
 -1.9032E-02 -3.5923E-03  8.3639E-03
 -1.7821E-02 -2.4456E-03  8.1097E-03
 -1.6803E-02 -1.5016E-03  7.8784E-03
 -1.7319E-02 -2.0051E-03  7.9741E-03
 -1.9314E-02 -5.3261E-03  7.1865E-03
 -1.8521E-02 -4.2962E-03  7.2550E-03
 -2.0593E-02 -6.6028E-03  7.3999E-03
 -2.1038E-02 -6.8473E-03  7.6437E-03
 -2.2628E-02 -8.2623E-03  8.0543E-03
 -2.2784E-02 -9.9423E-03  6.7954E-03
 -2.4372E-02 -1.1351E-02  7.2096E-03
 -2.5513E-02 -1.1074E-02  8.5950E-03
 -2.4555E-02 -1.2679E-02  6.2735E-03
 -1.9895E-02 -7.1812E-03  6.2082E-03
 -1.9552E-02 -6.6985E-03  6.2693E-03
 -1.9271E-02 -7.9613E-03  4.9199E-03
 -1.8188E-02 -8.4212E-03  3.4386E-03
 -1.8277E-02 -9.8778E-03  2.3002E-03
 -1.7249E-02 -1.0566E-02  6.8172E-04
 -1.7812E-02 -1.2462E-02 -3.4951E-04
 -1.6247E-02 -1.1943E-02 -1.4913E-03
 -1.6570E-02 -7.0384E-03  2.9723E-03
 -1.5800E-02 -6.8498E-03  2.3546E-03
 -1.6100E-02 -6.0003E-03  3.3736E-03
 -1.4579E-02 -4.6837E-03  2.9487E-03
 -1.3951E-02 -4.4748E-03  2.4917E-03
 -1.2262E-02 -3.6060E-03  1.5194E-03
 -1.4402E-02 -6.0559E-03  1.6129E-03
 -1.4328E-02 -3.0483E-03  4.0755E-03
 -1.3055E-02 -2.0049E-03  3.6704E-03
 -1.5525E-02 -2.8154E-03  5.4799E-03
 -1.5367E-02 -1.2741E-03  6.6203E-03
 -1.6926E-02 -1.3133E-03  8.1607E-03
 -1.4501E-02 -7.7339E-04  6.1683E-03
 -1.3418E-02  5.8139E-04  6.2179E-03
 -1.4947E-02 -1.8500E-03  5.7106E-03
 -1.6314E-02 -3.4149E-03  5.7703E-03
 -1.6018E-02 -4.0790E-03  4.9120E-03
 -1.5150E-02 -2.6079E-03  5.2759E-03
 -1.4104E-02 -1.3549E-03  5.2777E-03
 -1.2522E-02 -1.2310E-03  3.7849E-03
 -1.1566E-02 -3.7935E-04  3.5390E-03
 -1.2223E-02 -2.0170E-03  2.8200E-03
 -1.0736E-02 -1.9326E-03  1.3909E-03
 -1.0810E-02 -3.2267E-03  3.7360E-04
 -9.3056E-03 -3.2036E-03 -1.1254E-03
 -9.5763E-03 -4.5395E-03 -1.9790E-03
 -8.6587E-03 -3.4454E-03 -1.9824E-03
 -9.6434E-03 -2.6380E-04  1.6954E-03
 -8.3496E-03  4.6398E-04  1.0034E-03
 -1.0185E-02  3.4285E-04  2.7541E-03
 -9.2773E-03  1.9456E-03  3.1896E-03
 -1.0162E-02  2.3625E-03  4.4341E-03
 -9.1995E-03  4.0608E-03  4.8953E-03
 -1.0691E-02  1.0931E-03  3.8978E-03
 -9.4287E-03  8.8995E-04  2.4519E-03
 -8.9147E-03  3.1392E-03  3.8305E-03
 -7.6295E-03  4.2609E-03  3.4794E-03
 -1.0067E-02  2.8776E-03  4.7734E-03
 -9.9041E-03  3.9194E-03  5.4872E-03
 -8.8372E-03  3.8200E-03  4.3265E-03
 -7.9952E-03  5.0091E-03  4.4797E-03
 -9.8247E-03 -2.2898E-04 -7.8230E-04
 -8.6147E-03 -9.7911E-04 -2.0038E-03
 -9.1250E-03 -2.5082E-03 -3.2325E-03
 -7.7900E-03 -3.3307E-03 -4.5754E-03
 -7.9834E-03 -4.1197E-03 -5.2390E-03
 -6.7731E-03 -4.8978E-03 -6.4871E-03
 -5.3528E-03 -4.8826E-03 -7.0745E-03
 -4.2161E-03 -5.7069E-03 -8.3350E-03
 -5.1241E-03 -4.0904E-03 -6.4228E-03
 -6.3356E-03 -3.3302E-03 -5.1911E-03
 -6.7112E-03 -2.2481E-04 -2.0975E-03
 -5.4691E-03  1.3642E-04 -2.2824E-03
 -6.4780E-03  3.0635E-06 -1.9810E-03
 -4.7037E-03  7.0597E-04 -2.0685E-03
 -4.6594E-03  5.6838E-04 -2.2172E-03
 -4.4127E-03 -8.5195E-04 -3.6639E-03
 -5.6174E-03 -1.7342E-03 -3.9872E-03
 -5.4240E-03 -3.0870E-03 -5.3475E-03
 -4.0244E-03 -3.5686E-03 -6.3956E-03
 -3.8926E-03 -4.9263E-03 -7.7344E-03
 -2.8134E-03 -2.7092E-03 -6.0966E-03
 -3.0053E-03 -1.3455E-03 -4.7266E-03
 -3.9278E-03  2.2379E-03 -9.4963E-04
 -2.2885E-03  2.7536E-03 -1.1568E-03
 -5.0567E-03  2.9882E-03  2.3769E-04
 -4.3114E-03  4.4408E-03  1.2946E-03
 -5.6945E-03  5.2897E-03  2.6827E-03
 -6.3131E-03  5.4384E-03  3.0854E-03
 -3.6053E-03  4.3635E-03  9.2238E-04
 -2.1979E-03  5.2002E-03  1.1168E-03
 -4.5743E-03  3.3671E-03  3.9139E-04
 -3.9651E-03  3.2265E-03  4.1004E-07
 -5.3631E-03  2.1449E-03 -4.2938E-04
 -6.3827E-03  2.8440E-03  6.6324E-04
 -7.4416E-03  1.7863E-03  1.1240E-04
 -8.5850E-03  2.4647E-03  1.2379E-03
 -9.8478E-03  1.4070E-03  7.7344E-04
 -2.2108E-03  2.8305E-03 -1.1170E-03
 -1.0147E-03  3.3287E-03 -1.1530E-03
 -2.0406E-03  1.9587E-03 -2.0130E-03
 -3.9833E-04  1.5179E-03 -3.1253E-03
 -6.9478E-04  3.8065E-04 -4.0744E-03
 -1.7286E-03 -1.0531E-03 -4.9912E-03
 -6.9794E-04 -1.6028E-03 -5.9474E-03
 -1.4297E-03 -1.9565E-03 -5.9715E-03
  8.7099E-04 -1.6450E-03 -6.6519E-03
  1.1163E-03  2.8056E-03 -2.5502E-03
  2.6303E-03  3.0326E-03 -2.9771E-03
  6.9176E-04  3.6491E-03 -1.5733E-03
  1.9965E-03  4.9139E-03 -9.3080E-04
  1.1348E-03  5.6377E-03  1.1821E-04
  2.7155E-03  5.9155E-03 -2.8895E-04
  4.3438E-03  6.4516E-03 -4.7227E-04
  1.4917E-03  6.1422E-03  4.4376E-04
  1.9507E-03  7.0622E-03  1.1186E-03
  2.4602E-04  7.2892E-03  2.0554E-03
 -6.3323E-04  8.3512E-03  3.4315E-03
 -2.5676E-03  8.3122E-03  4.2141E-03
 -3.7036E-03  8.4845E-03  4.8583E-03
 -2.9487E-03  8.1253E-03  4.1990E-03
  3.0264E-03  6.4227E-03  5.8619E-05
  4.1430E-03  7.1829E-03  3.0391E-04
  2.7109E-03  5.0229E-03 -1.1305E-03
  3.6764E-03  4.3062E-03 -2.2168E-03
  2.6560E-03  2.7572E-03 -3.2483E-03
  5.5439E-03  4.4314E-03 -2.8897E-03
  6.6563E-03  4.0211E-03 -3.7488E-03
  5.8663E-03  4.9560E-03 -2.5306E-03
  7.6156E-03  5.1316E-03 -3.1057E-03
  7.8760E-03  3.8067E-03 -4.4681E-03
  9.3626E-03  3.7825E-03 -5.1208E-03
  6.4097E-03  2.7217E-03 -4.8721E-03
  6.4604E-03  1.3693E-03 -6.1716E-03
  4.9343E-03  1.4677E-04 -6.6803E-03
  5.3172E-03 -3.0239E-04 -7.2669E-03
  4.0082E-03 -4.1342E-04 -6.8172E-03
  6.7575E-03 -5.6225E-04 -8.1227E-03
  6.3879E-03  1.3317E-03 -6.1764E-03
  6.7804E-03  3.6236E-04 -7.2587E-03
  7.7045E-04  8.2857E-04 -4.1003E-03
  1.2455E-03  9.4707E-04 -4.2412E-03
  9.1817E-05 -4.5205E-04 -4.3609E-03
 -1.8017E-03 -1.6204E-04 -3.4826E-03
  6.7794E-04 -4.5396E-04 -4.5963E-03
  9.3203E-04  2.7273E-03 -3.3760E-03
  3.4372E-04  3.6987E-03 -2.7369E-03
  1.4407E-03  3.2184E-03 -3.3754E-03
  1.1533E-03  4.9018E-03 -2.5609E-03
  2.8607E-03  6.0140E-03 -2.7821E-03
  4.0959E-03  6.6776E-03 -3.0006E-03
  5.4617E-03  5.4671E-03 -4.0502E-03
  7.1726E-03  5.9864E-03 -4.5190E-03
  8.5213E-03  4.8083E-03 -5.5483E-03
 -4.7691E-05  4.5446E-03 -2.2288E-03
  2.1354E-04  3.4794E-03 -2.7759E-03
 -1.3946E-03  5.3932E-03 -1.3371E-03
 -2.6042E-03  5.1263E-03 -9.6392E-04
 -4.4455E-03  4.5901E-03 -4.4990E-04
 -5.8529E-03  4.7405E-03  1.7581E-04
 -6.7222E-03  6.1685E-03  1.1171E-03
 -7.9375E-03  6.4141E-03  1.7055E-03
 -8.3142E-03  5.2340E-03  1.3658E-03
 -9.5289E-03  5.5873E-03  1.9988E-03
 -7.4820E-03  3.7769E-03  4.2734E-04
 -6.2480E-03  3.5315E-03 -1.6846E-04
 -2.4657E-03  6.8109E-03 -3.1934E-04
 -2.1946E-03  8.2017E-03  1.5011E-04
 -2.5922E-03  6.7186E-03 -3.0710E-04
 -2.4904E-03  8.3164E-03  3.1612E-04
 -5.9686E-04  9.0194E-03 -1.4948E-04
 -3.5700E-03  8.0240E-03  6.2669E-04
 -3.6456E-03  6.6536E-03  8.7441E-05
 -4.4637E-03  9.2750E-03  1.5041E-03
 -5.5386E-03  9.1396E-03  1.8781E-03
 -7.2698E-03  9.7890E-03  2.8407E-03
 -8.4277E-03  9.7740E-03  3.2979E-03
 -1.0258E-02  8.7806E-03  3.6174E-03
 -1.1290E-02  9.5496E-03  4.3500E-03
 -1.0918E-02  8.9341E-03  3.9455E-03
 -4.5283E-03  1.0214E-02  1.9203E-03
 -3.8596E-03  1.1709E-02  2.2740E-03
 -4.4902E-03  9.4692E-03  1.5955E-03
 -3.4982E-03  1.0289E-02  1.5392E-03
 -2.1883E-03  9.0660E-03  5.0671E-04
 -6.1667E-04  9.2148E-03 -6.0384E-05
 -1.6156E-03  9.4453E-03  4.3516E-04
 -4.6963E-03  1.0656E-02  2.1712E-03
 -5.7832E-03  9.5016E-03  2.1264E-03
 -4.5219E-03  1.2266E-02  2.7703E-03
 -5.6234E-03  1.2706E-02  3.3941E-03
 -5.6215E-03  1.4677E-02  4.2124E-03
 -6.9743E-03  1.5205E-02  4.9730E-03
 -6.6982E-03  1.6678E-02  5.4746E-03
 -8.3271E-03  1.4185E-02  5.0904E-03
 -4.8958E-03  1.2024E-02  2.8193E-03
 -3.5100E-03  1.2691E-02  2.5419E-03
 -5.7946E-03  1.0625E-02  2.5977E-03
 -5.2106E-03  9.8674E-03  2.0492E-03
 -5.6729E-03  1.0773E-02  2.6105E-03
 -5.3695E-03  1.0205E-02  2.2529E-03
 -6.4384E-03  1.2172E-02  3.4983E-03
 -6.9480E-03  1.3166E-02  4.1153E-03
 -8.6206E-03  1.3919E-02  5.0976E-03
 -1.0051E-02  1.2503E-02  5.0815E-03
 -8.2529E-03  1.5204E-02  5.4843E-03
 -5.5198E-03  1.4667E-02  4.1674E-03
 -5.8339E-03  1.5817E-02  4.7708E-03
 -3.9928E-03  1.4723E-02  3.5794E-03
 -2.5381E-03  1.6074E-02  3.5587E-03
 -1.4813E-03  1.6566E-02  3.3404E-03
 -2.2548E-03  1.7669E-02  4.1083E-03
 -9.2605E-04  1.8113E-02  3.7611E-03
 -1.5562E-03  1.9205E-02  4.4671E-03
 -7.9980E-05  1.9764E-02  4.1087E-03
 -1.2762E-03  1.5457E-02  2.7973E-03
 -1.3217E-03  1.3910E-02  2.1727E-03
 -1.1129E-04  1.7845E-02  2.6111E-03
 -1.0281E-04  1.9622E-02  3.1894E-03
  1.6835E-03  2.0159E-02  2.7901E-03
  2.1941E-03  1.9051E-02  2.2638E-03
  1.1761E-03  1.7413E-02  2.0557E-03
  2.1661E-03  1.6211E-02  1.3441E-03
  2.5164E-03  1.6392E-02  1.2907E-03
  2.6151E-03  1.5001E-02  8.0397E-04
  3.5679E-03  1.3762E-02  9.2546E-05
  4.1439E-03  1.2709E-02 -4.3724E-04
  2.7039E-03  1.1642E-02 -3.2259E-04
  5.4443E-03  1.1659E-02 -1.1987E-03
  4.9823E-03  1.4519E-02 -1.1513E-04
  5.3502E-03  1.3900E-02 -4.3561E-04
  5.7021E-03  1.5922E-02  1.1205E-04
  7.0672E-03  1.6784E-02 -4.5075E-05
  7.9068E-03  1.8090E-02  1.1173E-04
  6.5242E-03  1.7511E-02  3.6730E-04
  7.4918E-03  1.7775E-02  1.4241E-04
  5.0043E-03  1.7902E-02  9.8394E-04
  4.4479E-03  1.8569E-02  1.3809E-03
  3.0402E-03  1.9587E-02  2.1667E-03
  2.9311E-03  2.0801E-02  2.5986E-03
  1.8211E-03  2.2097E-02  3.3795E-03
  1.1909E-03  2.2776E-02  3.8042E-03
  1.5841E-03  2.2445E-02  3.5696E-03
  3.9945E-03  1.7206E-02  1.0812E-03
  4.4843E-03  1.7308E-02  9.5715E-04
  3.1506E-03  1.5885E-02  9.2077E-04
  2.6730E-03  1.4483E-02  6.1624E-04
  1.8144E-03  1.3093E-02  4.3784E-04
  3.1208E-04  1.3613E-02  1.0913E-03
  1.3737E-03  1.1677E-02  1.1676E-04
  4.1832E-03  1.3883E-02 -6.5825E-05
  4.2271E-03  1.3588E-02 -1.7643E-04
  5.4212E-03  1.3731E-02 -5.1375E-04
  6.9656E-03  1.3211E-02 -1.1806E-03
  8.1142E-03  1.3241E-02 -1.5404E-03
  9.6751E-03  1.2495E-02 -2.2863E-03
  1.1116E-02  1.3790E-02 -2.3268E-03
  1.2249E-02  1.3502E-02 -2.7853E-03
  1.3779E-02  1.3180E-02 -3.3827E-03
  1.4723E-02  1.2936E-02 -3.7659E-03
  1.4375E-02  1.3100E-02 -3.6007E-03
  7.6504E-03  1.4356E-02 -1.0265E-03
  8.2024E-03  1.3825E-02 -1.3778E-03
  7.5537E-03  1.5931E-02 -4.8056E-04
  8.1311E-03  1.7131E-02 -2.7396E-04
  7.8978E-03  1.8816E-02  3.5189E-04
  7.1854E-03  1.6783E-02 -8.3514E-05
  7.8947E-03  1.6757E-02 -3.2031E-04
  5.5809E-03  1.6500E-02  3.4000E-04
  4.5640E-03  1.6138E-02  5.4880E-04
  2.7825E-03  1.5881E-02  1.0380E-03
  2.0470E-03  1.7443E-02  1.7853E-03
  7.5905E-04  1.7360E-02  2.1723E-03
  2.7323E-03  1.8738E-02  1.9880E-03
  5.0132E-03  1.4642E-02 -8.4855E-05
  5.1175E-03  1.4656E-02 -1.1377E-04
  5.2748E-03  1.3355E-02 -5.8957E-04
  5.7219E-03  1.1861E-02 -1.2218E-03
  5.9091E-03  1.0618E-02 -1.6886E-03
  4.2196E-03  9.9321E-03 -1.3694E-03
  3.2200E-03  9.4867E-03 -1.1934E-03
  4.3465E-03  8.4636E-03 -1.8903E-03
  7.2385E-03  1.2063E-02 -1.6437E-03
  7.3479E-03  1.1266E-02 -1.9396E-03
  8.4290E-03  1.3118E-02 -1.6819E-03
  9.9058E-03  1.3401E-02 -2.0645E-03
  1.1205E-02  1.4380E-02 -2.1623E-03
  1.1830E-02  1.3427E-02 -2.6749E-03
  1.3446E-02  1.4176E-02 -2.9497E-03
  1.3442E-02  1.4933E-02 -2.7012E-03
  1.4714E-02  1.3993E-02 -3.4175E-03
  9.5843E-03  1.4261E-02 -1.6799E-03
  1.0320E-02  1.3965E-02 -2.0134E-03
  8.6639E-03  1.5155E-02 -7.3038E-04
  8.2031E-03  1.5863E-02 -4.4160E-04
  7.3600E-03  1.7540E-02  2.0336E-04
  8.6247E-03  1.9025E-02  4.5107E-04
  8.0324E-03  2.0083E-02  8.6744E-04
  6.2363E-03  2.0792E-02  1.3711E-03
  5.6296E-03  2.1646E-02  1.7279E-03
  7.0105E-03  1.4662E-02 -6.1444E-04
  6.5913E-03  1.4999E-02 -4.4484E-04
  6.4390E-03  1.3276E-02 -9.4359E-04
  5.3063E-03  1.2024E-02 -1.1418E-03
  3.8088E-03  1.1368E-02 -1.1004E-03
  3.0267E-03  9.6878E-03 -1.4849E-03
  2.4122E-03  1.2649E-02 -4.8688E-04
  1.0187E-03  1.2145E-02 -4.1611E-04
  6.3307E-03  1.0535E-02 -1.7584E-03
  6.0800E-03  9.8798E-03 -1.9171E-03
  7.5346E-03  1.0066E-02 -2.0944E-03
  8.5574E-03  8.6086E-03 -2.7012E-03
  8.8010E-03  7.7421E-03 -3.0034E-03
  7.0910E-03  7.3157E-03 -2.8581E-03
  6.1445E-03  5.9995E-03 -3.1057E-03
  7.3381E-03  6.7740E-03 -3.0623E-03
  1.0311E-02  8.8637E-03 -2.9055E-03
  1.0791E-02  7.8557E-03 -3.2886E-03
  1.1286E-02  1.0169E-02 -2.6657E-03
  1.3002E-02  1.0494E-02 -2.8429E-03
  1.4210E-02  9.2925E-03 -3.4016E-03
  1.4507E-02  7.9510E-03 -3.8566E-03
  1.4807E-02  9.6592E-03 -3.3861E-03
