  1.3571E-02  4.7269E-03 -4.6484E-03
  1.2968E-02  4.9881E-03 -4.0558E-03
  1.2895E-02  5.3592E-03 -3.5012E-03
  1.2314E-02  5.6610E-03 -2.8594E-03
  1.2525E-02  5.9805E-03 -2.4820E-03
  1.2963E-02  6.5990E-03 -1.7620E-03
  1.2162E-02  4.5902E-03 -4.3274E-03
  1.1887E-02  4.2863E-03 -4.6590E-03
  1.1823E-02  4.5668E-03 -4.2365E-03
  1.1046E-02  4.2009E-03 -4.4731E-03
  1.1148E-02  3.8548E-03 -5.0028E-03
  1.1498E-02  3.4564E-03 -5.6975E-03
  1.1813E-02  3.2347E-03 -6.1284E-03
  1.2094E-02  2.8153E-03 -6.8278E-03
  1.2055E-02  2.4138E-03 -7.3849E-03
  1.2325E-02  2.0508E-03 -8.0002E-03
  1.1744E-02  2.3739E-03 -7.3279E-03
  1.0453E-02  4.4865E-03 -3.8497E-03
  1.0574E-02  4.7499E-03 -3.5194E-03
  9.8046E-03  4.4244E-03 -3.7009E-03
  9.2186E-03  4.6935E-03 -3.1037E-03
  9.2897E-03  5.0685E-03 -2.5961E-03
  8.6272E-03  5.3164E-03 -2.0010E-03
  1.0121E-02  5.4526E-03 -2.3538E-03
  1.0341E-02  5.7051E-03 -2.0748E-03
  8.3576E-03  4.3413E-03 -3.2899E-03
  8.1661E-03  3.9647E-03 -3.7557E-03
  7.8724E-03  4.4434E-03 -2.9671E-03
  7.0148E-03  4.1649E-03 -3.0497E-03
  6.7981E-03  4.0199E-03 -3.1767E-03
  7.1352E-03  3.5895E-03 -3.9124E-03
  7.0256E-03  3.4600E-03 -4.0566E-03
  5.8829E-03  3.8749E-03 -3.0482E-03
  6.6016E-03  4.5636E-03 -2.3312E-03
  6.8303E-03  4.9902E-03 -1.8079E-03
  6.0463E-03  4.4374E-03 -2.3076E-03
  5.6183E-03  4.7842E-03 -1.6577E-03
  5.6616E-03  4.7866E-03 -1.6700E-03
  5.4354E-03  5.1951E-03 -1.0061E-03
  5.5730E-03  5.1287E-03 -1.1509E-03
  5.9343E-03  5.7093E-03 -4.5689E-04
  4.7344E-03  4.6198E-03 -1.5682E-03
  4.2860E-03  4.2218E-03 -1.9705E-03
  4.4915E-03  4.9199E-03 -1.0524E-03
  3.6506E-03  4.8042E-03 -9.0941E-04
  3.6391E-03  4.8989E-03 -7.7039E-04
  4.0787E-03  4.6597E-03 -1.2716E-03
  3.7798E-03  4.1063E-03 -1.9496E-03
  3.9325E-03  4.8433E-03 -9.5683E-04
  3.1685E-03  5.1240E-03 -2.7808E-04
  3.5088E-03  5.5465E-03  1.9865E-04
  2.3712E-03  4.9290E-03 -2.6380E-04
  1.8827E-03  5.2091E-03  3.1347E-04
  9.9830E-04  4.9120E-03  2.1412E-04
  7.8942E-04  4.4602E-03 -3.5227E-04
  4.6800E-04  5.1716E-03  7.7747E-04
 -4.0505E-04  4.9392E-03  7.6624E-04
 -8.6878E-04  5.3166E-03  1.4728E-03
 -6.5494E-04  4.7554E-03  5.9608E-04
 -2.1587E-04  4.9228E-03  6.7367E-04
 -1.3188E-03  4.3681E-03  2.8792E-04
 -1.6010E-03  4.1806E-03  1.2426E-04
 -2.3261E-03  3.7235E-03 -2.6095E-04
 -2.5635E-03  3.8041E-03 -5.9346E-05
 -1.7530E-03  4.0222E-03 -4.5515E-05
 -1.8782E-03  4.5884E-03  8.0590E-04
 -2.3925E-03  4.7733E-03  1.2572E-03
 -1.5063E-03  4.7435E-03  8.9051E-04
 -1.7185E-03  5.1258E-03  1.5121E-03
 -1.0839E-03  5.6342E-03  2.0035E-03
 -1.1057E-03  5.9555E-03  2.4685E-03
 -7.5360E-03  6.4663E-03  2.0704E-03
 -5.7386E-03  5.2936E-03  4.0473E-03
 -2.7887E-03  4.9267E-03  2.9395E-03
 -6.2646E-03  5.0341E-03  5.1524E-03
 -5.3081E-03  4.0545E-03  7.1975E-03
 -7.7264E-03  5.9036E-03  3.7802E-03
 -8.3152E-03  5.7405E-03  4.6613E-03
 -5.9386E-03  5.2061E-03  4.4362E-03
 -5.5044E-03  4.4053E-03  6.3595E-03
 -4.4263E-03  5.6405E-03  2.1294E-03
 -2.1277E-03  5.1703E-03  1.7812E-03
 -2.0046E-04  5.5343E-03 -6.2890E-04
 -1.5894E-03  6.7902E-03 -3.1332E-03
  4.1963E-04  7.1144E-03 -5.4913E-03
 -8.8465E-04  8.3580E-03 -8.0224E-03
 -2.5753E-03  9.1743E-03 -9.0805E-03
 -3.2056E-03  5.5426E-03  1.5205E-03
 -1.8619E-03  4.9980E-03  2.0704E-03
 -5.6840E-03  6.4657E-03  7.3347E-04
 -6.9973E-03  6.9113E-03  4.3788E-04
 -7.3329E-03  6.0804E-03  3.0019E-03
 -7.3880E-03  6.1010E-03  2.9841E-03
 -7.3951E-03  5.3027E-03  5.2193E-03
 -7.7433E-03  4.4579E-03  7.8308E-03
 -7.7493E-03  3.6356E-03  1.0133E-02
 -9.8072E-03  4.3079E-03  9.7421E-03
 -5.0794E-03  2.8968E-03  1.0266E-02
 -5.6270E-03  3.7535E-03  8.2689E-03
 -6.1972E-03  3.3879E-03  9.7023E-03
 -3.2302E-03  3.6083E-03  6.9417E-03
 -1.1201E-03  2.9221E-03  7.3333E-03
  1.4702E-03  2.0962E-03  7.7678E-03
  2.8303E-03  8.5047E-04  1.0265E-02
  1.1106E-03  3.6112E-04  1.2875E-02
  4.4601E-04  4.1796E-05  1.4247E-02
  4.9369E-04  2.2627E-04  1.3697E-02
 -6.7910E-04  3.5994E-03  5.1224E-03
  9.5402E-04  3.1236E-03  5.2708E-03
 -2.3100E-03  4.7112E-03  3.1956E-03
 -2.0657E-03  5.4494E-03  9.5680E-04
 -3.8666E-03  6.6485E-03 -1.0912E-03
 -2.5989E-03  5.3465E-03  1.6295E-03
 -9.5410E-04  5.2151E-03  8.0765E-04
 -4.8904E-03  5.4273E-03  3.0605E-03
 -5.4933E-03  5.3165E-03  3.8057E-03
 -8.0632E-03  5.3197E-03  5.6546E-03
 -1.0583E-02  6.4374E-03  4.3543E-03
 -1.2851E-02  6.3033E-03  6.3680E-03
 -1.5300E-02  7.0574E-03  6.0324E-03
 -1.2407E-02  5.5243E-03  8.2237E-03
 -3.1994E-03  4.2296E-03  5.1839E-03
 -2.5136E-03  4.2026E-03  4.7635E-03
 -2.0253E-03  3.3260E-03  6.8595E-03
  2.1078E-04  2.2336E-03  8.2944E-03
  1.0808E-03  1.3158E-03  1.0229E-02
  3.8760E-03  2.6038E-04  1.1157E-02
  5.9943E-03 -9.6304E-06  1.0380E-02
  8.6164E-03 -9.4407E-04  1.1095E-02
  9.1442E-03 -1.6221E-03  1.2607E-02
  7.0432E-03 -1.3681E-03  1.3417E-02
  4.4281E-03 -4.3176E-04  1.2691E-02
  2.5886E-03  2.3091E-03  6.3646E-03
  3.6140E-03  2.0005E-03  6.4853E-03
  3.4009E-03  2.7533E-03  4.5366E-03
  5.5954E-03  2.8806E-03  2.5944E-03
  6.0994E-03  3.3705E-03  8.6143E-04
  8.2775E-03  3.6031E-03 -1.3629E-03
  7.0536E-03  2.5149E-03  2.5619E-03
  7.1300E-03  2.9806E-03  1.2056E-03
  5.0525E-03  3.5934E-03  9.9563E-04
  6.7616E-03  3.2397E-03  7.4808E-04
 -5.0194E-05 -2.0088E-03 -2.8380E-03
  5.2139E-04 -2.3951E-03 -6.9265E-03
 -2.3536E-03 -5.1299E-03 -8.5859E-03
 -4.1064E-03 -6.5159E-03 -8.2607E-03
 -7.9528E-03 -9.8586E-03 -8.9790E-03
 -7.8575E-03 -1.0756E-02 -1.3618E-02
  2.3136E-03 -1.1445E-03 -8.0501E-03
  4.6137E-03  2.8621E-04 -1.0320E-02
  1.3367E-03 -1.5798E-03 -6.2671E-03
  2.7566E-03 -5.5940E-04 -7.0166E-03
  8.8352E-04 -1.6838E-03 -4.9748E-03
  2.1232E-03 -8.1112E-04 -5.7158E-03
 -1.9999E-04 -2.8919E-03 -6.4431E-03
  6.4953E-04 -2.5643E-03 -8.2356E-03
 -2.8578E-03 -4.8454E-03 -5.2468E-03
  5.8699E-03  2.2320E-03 -6.0281E-03
  7.6984E-03  3.3792E-03 -7.7857E-03
  6.5285E-03  3.3577E-03 -3.2763E-03
  9.4740E-03  6.0223E-03 -2.2288E-03
  9.3521E-03  6.7885E-03  1.8920E-03
  1.1743E-02  9.1780E-03  3.8182E-03
  1.1501E-02  8.9497E-03  3.6873E-03
  1.3914E-02  1.1339E-02  5.5281E-03
  1.6909E-02  1.3409E-02  3.5579E-03
  1.1685E-02  7.3414E-03 -4.6779E-03
  1.4264E-02  9.2915E-03 -5.5785E-03
  1.0643E-02  6.2240E-03 -5.8766E-03
  1.2529E-02  7.3204E-03 -8.1028E-03
  1.2271E-02  7.5227E-03 -6.1259E-03
  1.2789E-02  8.8032E-03 -2.0831E-03
  1.0455E-02  7.4525E-03  6.9879E-04
  1.0924E-02  8.6049E-03  4.3260E-03
  1.3764E-02  1.1153E-02  5.2343E-03
  1.4172E-02  1.2234E-02  8.7586E-03
  1.6146E-02  1.2561E-02  2.5342E-03
  1.5644E-02  1.1376E-02 -1.1145E-03
  1.2066E-02  6.0676E-03 -1.2229E-02
  1.3855E-02  7.0875E-03 -1.4436E-02
  9.7102E-03  3.8911E-03 -1.3284E-02
  9.2163E-03  2.6709E-03 -1.7134E-02
  8.5699E-03  1.9233E-03 -1.8138E-02
  9.8755E-03  2.4096E-03 -2.0974E-02
  6.4228E-03  6.1496E-04 -1.5890E-02
  5.4939E-03 -2.5665E-04 -1.6369E-02
  6.5892E-03  1.2758E-03 -1.3406E-02
  9.8573E-03  4.0092E-03 -1.3303E-02
  5.0878E-03  8.5529E-04 -9.4851E-03
  6.5497E-03  2.6920E-03 -6.5224E-03
  2.1583E-03 -2.9300E-03 -1.5920E-02
  7.5381E-04 -3.7163E-03 -1.4119E-02
  8.4910E-04 -4.3929E-03 -1.7709E-02
  2.2991E-03 -3.8373E-03 -2.0786E-02
 -2.4048E-04 -6.1912E-03 -2.1957E-02
 -2.7215E-03 -8.1103E-03 -2.1295E-02
 -2.3397E-03 -6.9902E-03 -1.7478E-02
 -3.7375E-03 -7.5121E-03 -1.4447E-02
 -2.3068E-03 -6.0500E-03 -1.3141E-02
 -6.6116E-03 -9.7048E-03 -1.3535E-02
 -8.3225E-03 -1.0539E-02 -1.0754E-02
 -1.0771E-02 -1.2092E-02 -8.4817E-03
 -1.2749E-02 -1.3153E-02 -5.7219E-03
 -1.5385E-02 -1.4945E-02 -3.8466E-03
 -1.7767E-02 -1.6678E-02 -2.6852E-03
 -1.5287E-02 -1.4776E-02 -3.4334E-03
 -9.7061E-03 -1.2125E-02 -1.2832E-02
 -1.1291E-02 -1.3943E-02 -1.5225E-02
 -9.0586E-03 -1.1402E-02 -1.1952E-02
 -1.0215E-02 -1.2732E-02 -1.3713E-02
 -7.7382E-03 -1.0951E-02 -1.5016E-02
 -9.0290E-03 -1.2349E-02 -1.6568E-02
 -5.3481E-03 -9.5627E-03 -1.7840E-02
 -2.5645E-03 -7.3654E-03 -1.8375E-02
 -1.2260E-02 -1.3786E-02 -1.0656E-02
 -1.1539E-02 -1.2530E-02 -7.5347E-03
 -1.4843E-02 -1.6106E-02 -1.1497E-02
 -1.6885E-02 -1.7235E-02 -8.8115E-03
 -1.9330E-02 -1.8898E-02 -7.0741E-03
 -2.1834E-02 -2.1375E-02 -8.9699E-03
 -1.7974E-02 -1.8648E-02 -1.1232E-02
 -1.8148E-02 -1.9493E-02 -1.4558E-02
 -1.2667E-02 -2.5857E-02 -8.8172E-03
 -1.0892E-02 -2.2398E-02 -6.0365E-03
 -8.4930E-03 -2.2463E-02 -8.2066E-03
 -1.1694E-02 -2.5810E-02 -9.6054E-03
 -4.6611E-03 -2.2754E-02 -1.1909E-02
 -8.0662E-03 -1.8902E-02 -4.1235E-03
 -8.1727E-03 -1.6078E-02 -4.9814E-04
 -5.7239E-03 -1.9126E-02 -6.4449E-03
 -2.9964E-03 -1.5896E-02 -4.7798E-03
 -5.9422E-03 -1.4944E-02 -1.0226E-03
 -4.9491E-03 -1.1732E-02  2.1299E-03
 -9.6771E-03 -1.7753E-02 -1.2834E-03
 -1.2763E-02 -1.7185E-02  2.1149E-03
 -1.6330E-02 -2.0820E-02  6.7381E-04
 -1.4570E-02 -2.2002E-02 -2.3375E-03
 -1.6641E-02 -2.5371E-02 -4.7475E-03
 -1.1203E-02 -1.9614E-02 -2.2825E-03
 -1.5101E-02 -1.5759E-02  5.9350E-03
 -1.5629E-02 -1.3253E-02  9.5301E-03
 -1.6601E-02 -1.7496E-02  5.0697E-03
 -1.9030E-02 -1.6637E-02  8.2595E-03
 -2.0185E-02 -1.9241E-02  6.0073E-03
 -2.3762E-02 -1.9574E-02  8.7061E-03
 -2.4706E-02 -2.3208E-02  4.9838E-03
 -1.9653E-02 -2.0692E-02  3.7296E-03
 -1.6322E-02 -1.2706E-02  1.0818E-02
 -1.8101E-02 -1.0870E-02  1.4665E-02
 -1.2090E-02 -1.1503E-02  8.6366E-03
 -9.0382E-03 -7.7451E-03  1.0679E-02
 -4.3991E-03 -7.1428E-03  7.3920E-03
 -3.1065E-03 -7.5137E-03  5.8021E-03
 -3.1234E-03 -4.6091E-03  9.4504E-03
  1.5235E-03 -6.9880E-03  2.4268E-03
 -8.7182E-03 -5.0879E-03  1.3725E-02
 -9.8494E-03 -2.8230E-03  1.7543E-02
 -7.2553E-03 -5.4585E-03  1.1987E-02
 -6.8267E-03 -3.1831E-03  1.4460E-02
 -5.1088E-03 -4.3568E-03  1.1495E-02
 -3.4967E-04 -3.6427E-03  8.2432E-03
  1.7477E-03 -4.1002E-03  5.8441E-03
  2.2903E-04 -7.9581E-03  2.3409E-03
  2.0048E-03 -9.8719E-03 -1.6001E-03
  3.8507E-04 -1.3370E-02 -4.5649E-03
  5.4186E-03 -8.3095E-03 -2.6192E-03
 -1.1153E-02 -3.1788E-03  1.8234E-02
 -1.1026E-02 -7.7441E-04  2.1131E-02
 -1.4932E-02 -5.7783E-03  1.8273E-02
 -1.9210E-02 -6.0288E-03  2.1687E-02
 -2.2826E-02 -1.0057E-02  1.9796E-02
 -2.0658E-02 -4.3637E-03  2.5031E-02
 -2.3626E-02 -3.6280E-03  2.8537E-02
 -1.8701E-02 -3.9052E-03  2.3900E-02
 -1.9813E-02 -2.3486E-03  2.6816E-02
 -1.8459E-02 -3.4092E-03  2.4309E-02
 -1.7373E-02  1.8451E-03  2.9936E-02
 -1.9231E-02  3.6072E-03  3.3759E-02
 -1.3172E-02  3.3928E-03  2.8213E-02
 -1.0294E-02  7.3335E-03  3.0636E-02
 -5.8475E-03  8.0677E-03  2.7681E-02
 -3.1559E-03  7.7755E-03  2.4971E-02
 -3.2959E-03  1.1808E-02  3.0137E-02
 -1.2606E-02  8.6417E-03  3.4286E-02
 -1.3822E-02  1.0759E-02  3.7994E-02
 -1.3343E-02  7.2128E-03  3.3141E-02
 -1.5588E-02  8.0508E-03  3.6145E-02
 -1.7107E-02  5.0965E-03  3.3772E-02
 -2.0661E-02  4.7968E-03  3.6493E-02
 -2.2651E-02  1.1922E-03  3.3717E-02
 -2.5235E-02 -2.2887E-03  3.1614E-02
 -2.6965E-02 -5.8943E-03  2.8610E-02
 -1.9604E-02  8.1260E-03  3.9737E-02
 -1.9692E-02  1.1009E-02  4.3420E-02
 -2.1768E-02  1.4189E-03  4.5882E-02
 -2.2014E-02  2.4747E-04  4.6721E-02
 -2.1912E-02 -3.1085E-03  4.7705E-02
 -2.3375E-02 -3.4840E-03  5.0410E-02
 -2.0772E-02  7.4468E-04  4.4362E-02
 -1.9631E-02 -1.3821E-03  4.3091E-02
 -2.1012E-02  3.5973E-03  4.3796E-02
 -1.9956E-02  4.5435E-03  4.1609E-02
 -1.9314E-02  2.4128E-03  4.1217E-02
 -1.9901E-02  2.8320E-03  4.2105E-02
 -1.8130E-02  3.4588E-05  3.9958E-02
 -1.7325E-02 -2.2215E-03  3.9322E-02
 -1.7017E-02 -5.3628E-03  3.9868E-02
 -1.6643E-02 -5.2932E-03  3.9186E-02
 -1.5784E-02 -1.4029E-03  3.6326E-02
 -1.5424E-02  4.2360E-04  3.5060E-02
 -1.4881E-02 -2.7077E-03  3.5188E-02
 -1.3397E-02 -2.0242E-03  3.2340E-02
 -1.2506E-02 -4.0886E-03  3.1486E-02
 -1.0777E-02 -4.1005E-03  2.8445E-02
 -1.0573E-02 -1.1329E-03  2.7058E-02
 -9.1954E-03 -8.6891E-04  2.4542E-02
 -1.1765E-02  9.0016E-04  2.8452E-02
 -1.2348E-02 -2.2170E-03  3.0559E-02
 -1.1930E-02 -1.0616E-05  2.9058E-02
 -1.1966E-02 -4.7997E-03  3.0781E-02
 -1.0974E-02 -5.1874E-03  2.9169E-02
 -1.0536E-02 -8.4732E-03  2.9537E-02
 -9.2813E-03 -1.0794E-02  2.8132E-02
 -9.6664E-03 -1.0467E-02  2.8697E-02
 -7.6649E-03 -1.0395E-02  2.5149E-02
 -1.1760E-02 -3.0628E-03  2.9817E-02
 -1.0969E-02 -1.8211E-03  2.7994E-02
 -1.3319E-02 -2.5999E-03  3.2401E-02
 -1.4219E-02 -6.5346E-04  3.3310E-02
 -1.4156E-02  2.5697E-03  3.2083E-02
 -1.4122E-02  4.1024E-03  3.1492E-02
 -1.4159E-02  3.5947E-03  3.1733E-02
 -1.4069E-02  6.6136E-03  3.0528E-02
 -1.4378E-02  7.3232E-03  3.0826E-02
 -1.5861E-02  6.6435E-03  3.3672E-02
 -1.7353E-02  9.2947E-03  3.5380E-02
 -1.7927E-02  1.0020E-02  3.6140E-02
 -1.9298E-02  1.2821E-02  3.7582E-02
 -1.2399E-02  6.6805E-03  2.7565E-02
 -1.2196E-02  8.8084E-03  2.6471E-02
 -1.1210E-02  4.3114E-03  2.6293E-02
 -9.5490E-03  4.0702E-03  2.3453E-02
 -8.4512E-03  1.0696E-03  2.2560E-02
 -8.1006E-03  1.0667E-03  2.1944E-02
 -7.2005E-03 -2.0201E-03  2.1429E-02
 -8.0416E-03 -3.4638E-03  2.3410E-02
 -5.7651E-03 -3.0670E-03  1.9265E-02
 -9.3329E-03  4.2523E-03  2.3009E-02
 -8.6071E-03  5.9268E-03  2.1151E-02
 -1.0035E-02  2.6297E-03  2.4807E-02
 -9.9388E-03  2.5211E-03  2.4676E-02
 -1.0371E-02 -2.3898E-04  2.6393E-02
 -1.0938E-02  5.3523E-03  2.5454E-02
 -1.0538E-02  6.0344E-03  2.4513E-02
 -1.2262E-02  6.9239E-03  2.7239E-02
 -1.3287E-02  9.6977E-03  2.8082E-02
 -1.4822E-02  1.0821E-02  3.0396E-02
 -1.5849E-02  1.3821E-02  3.1164E-02
 -1.7389E-02  1.4784E-02  3.3541E-02
 -1.8243E-02  1.8158E-02  3.3875E-02
 -1.7591E-02  2.0104E-02  3.2053E-02
 -1.2438E-02  1.2152E-02  2.5738E-02
 -1.2512E-02  1.3739E-02  2.5317E-02
 -2.1692E-02  1.0054E-02  2.3964E-02
 -2.3640E-02  1.1916E-02  1.9327E-02
 -2.2229E-02  9.3041E-03  1.5420E-02
 -2.2194E-02  9.3814E-03  1.6140E-02
 -1.9767E-02  6.2072E-03  1.7014E-02
 -2.4581E-02  1.2589E-02  1.5784E-02
 -2.4472E-02  1.2736E-02  1.7484E-02
 -2.7000E-02  1.5933E-02  1.5951E-02
 -2.2320E-02  9.7983E-03  1.7548E-02
 -2.2841E-02  1.0227E-02  1.5906E-02
 -1.9942E-02  6.3411E-03  1.6404E-02
 -2.0506E-02  7.1328E-03  1.6511E-02
 -1.8265E-02  3.3140E-03  1.2210E-02
 -1.5367E-02 -5.9997E-04  1.2535E-02
 -2.5074E-02  1.3755E-02  1.8604E-02
 -2.7173E-02  1.6233E-02  1.6314E-02
 -2.4590E-02  1.3934E-02  2.3446E-02
 -2.6558E-02  1.7166E-02  2.6524E-02
 -2.5551E-02  1.6706E-02  3.1808E-02
 -2.2965E-02  1.3590E-02  3.4266E-02
 -2.2675E-02  1.4276E-02  4.0492E-02
 -2.6154E-02  1.9361E-02  4.2327E-02
 -2.9576E-02  2.1101E-02  2.5368E-02
 -3.1778E-02  2.4025E-02  2.4838E-02
 -2.9644E-02  2.1193E-02  2.5364E-02
 -3.2339E-02  2.4708E-02  2.4349E-02
 -3.1689E-02  2.3860E-02  2.4594E-02
 -3.0913E-02  2.3700E-02  2.9783E-02
 -3.1009E-02  2.3950E-02  3.0464E-02
 -3.0214E-02  2.3328E-02  3.3151E-02
 -3.4069E-02  2.6219E-02  1.9404E-02
 -3.6752E-02  2.9795E-02  1.8833E-02
 -3.2535E-02  2.3495E-02  1.5826E-02
 -3.3935E-02  2.4559E-02  1.0916E-02
 -3.1931E-02  2.1170E-02  7.2149E-03
 -3.4716E-02  2.5577E-02  1.0614E-02
 -3.5804E-02  2.6386E-02  6.7003E-03
 -3.4114E-02  2.5473E-02  1.4757E-02
 -3.4733E-02  2.6370E-02  1.5041E-02
 -3.2800E-02  2.3227E-02  1.2197E-02
 -3.3688E-02  2.4114E-02  1.0307E-02
 -3.0236E-02  1.9621E-02  1.1669E-02
 -2.8105E-02  1.6244E-02  9.0415E-03
 -2.6568E-02  1.3621E-02  6.0603E-03
 -2.8368E-02  1.5255E-02  1.2799E-03
 -2.6802E-02  1.2658E-02 -1.3193E-03
 -2.6124E-02  1.2276E-02  1.8286E-03
 -2.4362E-02  9.4724E-03 -4.1149E-04
 -2.5905E-02  1.3879E-02  1.2772E-02
 -2.5465E-02  1.4026E-02  1.7079E-02
 -2.4514E-02  1.1681E-02  1.1089E-02
 -2.2424E-02  9.3739E-03  1.4289E-02
 -2.2579E-02  9.2848E-03  1.2552E-02
 -2.1458E-02  8.3428E-03  1.5967E-02
 -2.2725E-02  9.6732E-03  1.3635E-02
 -2.2260E-02  1.0341E-02  2.1134E-02
 -1.9406E-02  5.2525E-03  1.4364E-02
 -1.8659E-02  3.5865E-03  1.0674E-02
 -1.7782E-02  3.7820E-03  1.8700E-02
 -1.4824E-02 -1.3487E-04  1.9483E-02
 -1.3708E-02 -7.0573E-04  2.4993E-02
 -1.5823E-02  2.6096E-03  2.7391E-02
 -1.0617E-02 -4.8144E-03  2.5719E-02
 -1.2731E-02 -3.3713E-03  1.7364E-02
 -1.2533E-02 -3.4372E-03  1.8546E-02
 -1.1098E-02 -6.1325E-03  1.4355E-02
 -9.0500E-03 -9.3206E-03  1.2156E-02
 -8.3416E-03 -1.1078E-02  7.6306E-03
 -1.1019E-02 -8.0692E-03  3.8431E-03
 -7.5126E-03 -1.2013E-02  8.7852E-03
 -6.2705E-03 -1.2517E-02  1.5677E-02
 -5.3834E-03 -1.3125E-02  1.9166E-02
 -7.9966E-04 -1.2343E-02  1.8898E-02
 -1.4216E-03 -1.1500E-02  1.8124E-02
 -1.0826E-03 -1.0786E-02  1.9240E-02
 -4.1428E-04 -1.2048E-02  1.9860E-02
 -1.2875E-05 -1.1583E-02  2.0956E-02
 -2.9928E-04 -1.3479E-02  1.9249E-02
 -2.1556E-03 -1.0107E-02  1.7447E-02
 -2.8632E-03 -9.7510E-03  1.6210E-02
 -1.9639E-03 -9.3180E-03  1.8305E-02
 -2.5714E-03 -7.9083E-03  1.7897E-02
 -2.1298E-03 -7.2671E-03  1.9179E-02
 -1.5448E-03 -6.7146E-03  2.0703E-02
 -7.2375E-04 -8.0982E-03  2.1564E-02
 -4.7457E-04 -8.0301E-03  2.2114E-02
 -3.1994E-04 -9.2316E-03  2.1719E-02
 -3.2104E-03 -8.2196E-03  1.6405E-02
 -3.9498E-03 -7.2693E-03  1.5455E-02
 -2.9243E-03 -9.5725E-03  1.6190E-02
 -3.4680E-03 -1.0041E-02  1.4801E-02
 -2.9726E-03 -1.1351E-02  1.5039E-02
 -3.3938E-03 -1.1411E-02  1.4143E-02
 -4.0184E-03 -1.2034E-02  1.2496E-02
 -2.7373E-03 -1.2503E-02  1.4839E-02
 -3.9089E-03 -1.0632E-02  1.3549E-02
 -4.6337E-03 -1.0329E-02  1.2247E-02
 -3.4858E-03 -1.1430E-02  1.3943E-02
 -3.8782E-03 -1.1976E-02  1.2817E-02
 -3.2970E-03 -1.2979E-02  1.3413E-02
 -2.5409E-03 -1.4281E-02  1.4190E-02
 -3.7284E-03 -1.3702E-02  1.2103E-02
 -4.5862E-03 -1.0567E-02  1.2203E-02
 -5.2426E-03 -1.0601E-02  1.0840E-02
 -4.4682E-03 -9.3332E-03  1.3174E-02
 -5.1365E-03 -7.9453E-03  1.2628E-02
 -4.8490E-03 -6.7492E-03  1.3923E-02
 -5.5299E-03 -5.0159E-03  1.3556E-02
 -4.6758E-03 -7.1181E-03  1.4060E-02
 -3.9755E-03 -8.7407E-03  1.4532E-02
 -5.8664E-03 -7.0778E-03  1.1648E-02
 -6.5798E-03 -6.4348E-03  1.0569E-02
 -5.6840E-03 -7.1063E-03  1.2004E-02
 -6.3078E-03 -6.3610E-03  1.1169E-02
 -5.8921E-03 -6.3706E-03  1.2014E-02
 -6.8379E-03 -7.2535E-03  9.5570E-03
 -7.5892E-03 -6.4908E-03  8.4712E-03
 -6.4473E-03 -8.8615E-03  9.4047E-03
 -6.8909E-03 -9.8220E-03  7.9292E-03
 -6.3074E-03 -1.1617E-02  8.0608E-03
 -5.6997E-03 -1.2292E-02  8.9046E-03
 -6.1174E-03 -1.1729E-02  8.3833E-03
 -5.3263E-03 -1.4105E-02  8.5957E-03
 -7.4166E-03 -9.5857E-03  6.9937E-03
 -8.0610E-03 -9.6667E-03  5.6275E-03
 -7.1387E-03 -9.3081E-03  7.7262E-03
 -7.5941E-03 -9.0669E-03  6.9375E-03
 -7.0573E-03 -9.1793E-03  7.9690E-03
 -6.3163E-03 -1.0846E-02  8.4985E-03
 -7.5779E-03 -8.7870E-03  7.1360E-03
 -8.3409E-03 -7.4189E-03  6.3847E-03
 -8.9894E-03 -7.2211E-03  5.1752E-03
 -8.2587E-03 -6.2251E-03  7.2590E-03
 -8.9529E-03 -4.5956E-03  6.8030E-03
 -8.6442E-03 -3.3863E-03  8.1498E-03
 -9.1653E-03 -1.7014E-03  8.0807E-03
 -8.6708E-03 -7.5046E-04  9.6547E-03
 -8.2838E-03 -7.6193E-04  1.0439E-02
 -7.7023E-03 -1.0792E-05  1.2073E-02
 -9.5974E-03 -4.5908E-03  5.4875E-03
 -1.0341E-02 -3.8594E-03  4.3999E-03
 -9.2994E-03 -5.4526E-03  5.5873E-03
 -9.8214E-03 -5.6324E-03  4.4132E-03
 -9.2767E-03 -6.6531E-03  4.9236E-03
 -9.7111E-03 -7.1951E-03  3.7145E-03
 -9.1372E-03 -8.2591E-03  4.2588E-03
 -9.1140E-03 -9.6022E-03  3.5117E-03
 -8.7145E-03 -7.7449E-03  5.4276E-03
 -1.0267E-02 -6.5137E-03  2.9808E-03
 -1.1024E-02 -5.8874E-03  1.8020E-03
 -1.1588E-03 -8.5764E-03 -2.1680E-02
 -4.0568E-03 -1.3903E-02 -2.4611E-02
 -5.7498E-03 -2.3649E-02 -1.4609E-02
 -8.8747E-03 -2.9753E-02 -1.7132E-02
 -1.4547E-02 -3.7130E-02 -2.8252E-02
 -1.7420E-02 -4.2208E-02 -3.1515E-02
 -1.6322E-02 -3.6221E-02 -3.7413E-02
 -1.9129E-02 -4.1606E-02 -3.9855E-02
 -1.2508E-02 -2.4934E-02 -4.1107E-02
 -1.0064E-03 -5.5453E-03 -2.6383E-02
 -3.0236E-03 -4.8929E-03 -3.6122E-02
  3.8162E-03  8.1921E-04 -1.7092E-02
  6.7855E-03  8.5520E-03 -1.8106E-02
  1.1483E-02  1.2787E-02 -5.5888E-03
  9.3056E-03  2.1480E-03  3.9276E-03
  1.6034E-02  2.1327E-02 -1.2972E-03
  2.0647E-02  2.5451E-02  1.1058E-02
  8.7630E-03  1.8806E-02 -2.7794E-02
  1.1653E-02  2.6514E-02 -2.9103E-02
  7.4376E-03  1.9159E-02 -3.4059E-02
  8.8062E-03  2.8157E-02 -4.4120E-02
  9.6870E-03  3.0708E-02 -4.4875E-02
  4.0800E-03  2.3678E-02 -5.6331E-02
  4.5489E-03  3.0295E-02 -6.6018E-02
 -5.4139E-04  1.2331E-02 -5.5966E-02
 -5.1601E-03  7.3119E-03 -6.6765E-02
 -1.0202E-02 -5.9902E-03 -6.4741E-02
 -1.2022E-02 -1.1061E-02 -6.3532E-02
 -1.7150E-02 -2.4472E-02 -6.1683E-02
 -1.9945E-02 -3.0156E-02 -6.3544E-02
 -1.8595E-02 -2.9670E-02 -5.8655E-02
 -3.4321E-03  1.2841E-02 -6.9172E-02
  1.2269E-06  1.6298E-02 -6.0661E-02
 -5.6950E-03  1.4051E-02 -8.0941E-02
 -4.2678E-03  1.9832E-02 -8.5072E-02
 -6.6491E-03  2.2136E-02 -9.9277E-02
 -4.7571E-03  2.9481E-02 -0.1042    
 -9.4466E-03  2.2943E-02 -0.1126    
 -1.0149E-02  2.7399E-02 -0.1235    
 -1.2390E-02  1.3470E-02 -0.1084    
 -5.7004E-03  1.3817E-02 -8.0552E-02
 -3.3276E-03  1.9462E-02 -8.0418E-02
 -9.5533E-03  2.3933E-03 -7.6781E-02
 -1.1214E-02 -4.3729E-03 -7.1903E-02
 -1.6850E-02 -1.7758E-02 -7.2262E-02
 -1.6840E-02 -2.2943E-02 -6.3062E-02
 -2.0700E-02 -3.3799E-02 -6.0327E-02
 -1.3135E-02 -1.6524E-02 -5.8625E-02
 -6.7493E-03 -9.5332E-04 -5.8936E-02
 -6.8826E-03 -3.8080E-03 -5.4463E-02
 -2.7191E-03  5.5465E-03 -5.3257E-02
  1.9240E-03  9.8605E-03 -4.1111E-02
  3.3286E-03  8.5580E-03 -3.2832E-02
 -1.9881E-03 -6.1521E-03 -2.9490E-02
  6.8393E-03  2.2806E-02 -4.3045E-02
  1.1512E-02  2.9371E-02 -3.4746E-02
  5.7997E-03  2.6591E-02 -5.4153E-02
  1.0200E-02  3.8879E-02 -5.7121E-02
  7.8803E-03  4.1251E-02 -7.1181E-02
  1.1994E-02  5.3875E-02 -7.5962E-02
  9.3300E-03  5.5564E-02 -9.0282E-02
  1.0764E-02  6.1824E-02 -9.5232E-02
  8.7057E-03  5.7117E-02 -9.5683E-02
  1.0311E-02  6.3621E-02 -0.1003    
  5.0116E-03  4.5918E-02 -9.1632E-02
  1.3219E-02  4.2169E-02 -5.0077E-02
  1.7907E-02  5.2549E-02 -4.8450E-02
  1.0610E-02  3.3322E-02 -4.5563E-02
  1.3101E-02  3.5403E-02 -3.8633E-02
  8.9530E-03  2.7735E-02 -4.2750E-02
  7.0284E-03  3.0712E-02 -5.6200E-02
  1.8165E-03  2.2533E-02 -6.3943E-02
  1.0156E-02  4.0142E-02 -5.9536E-02
  1.5404E-02  3.3040E-02 -2.4657E-02
  1.8115E-02  3.5463E-02 -1.7397E-02
  1.4225E-02  2.8102E-02 -2.0959E-02
  1.6144E-02  2.5388E-02 -7.9960E-03
  1.1218E-02  1.2847E-02 -6.8235E-03
  7.2141E-03  8.3208E-03 -1.5874E-02
  7.0067E-03  3.8310E-04 -8.3422E-03
  6.3274E-03 -1.0156E-03 -8.1184E-03
  6.0329E-03 -1.8444E-03 -8.3294E-03
  6.0432E-03 -1.2185E-03 -7.4959E-03
  6.5308E-03 -5.8789E-04 -8.1734E-03
  6.5241E-03 -7.0997E-05 -7.4369E-03
  6.0299E-03 -1.6777E-04 -6.0002E-03
  5.5404E-03 -7.8958E-04 -5.3046E-03
  5.5501E-03 -1.3097E-03 -6.0551E-03
  5.8254E-03 -1.1211E-03 -6.6692E-03
  5.9523E-03 -1.5509E-04 -5.7358E-03
  5.2719E-03 -2.2799E-03 -6.5132E-03
  4.7391E-03 -2.5507E-03 -5.1947E-03
  4.6450E-03 -2.9109E-03 -5.3940E-03
  4.0772E-03 -3.3351E-03 -4.1763E-03
  4.1121E-03 -3.6427E-03 -4.7129E-03
  4.1722E-03 -2.2206E-03 -2.9365E-03
  4.0805E-03 -3.7409E-03 -4.7484E-03
  3.7970E-03 -4.8650E-03 -5.4024E-03
  3.8777E-03 -3.4415E-03 -3.6897E-03
  3.2542E-03 -4.4389E-03 -3.0881E-03
  3.3776E-03 -3.7735E-03 -2.5594E-03
  2.8756E-03 -4.6233E-03 -2.1397E-03
  3.2054E-03 -3.6882E-03 -1.8944E-03
  2.7132E-03 -5.8076E-03 -3.2620E-03
  2.6842E-03 -4.8910E-03 -1.9020E-03
  2.6955E-03 -4.1116E-03 -8.5958E-04
  2.1930E-03 -6.1632E-03 -2.1008E-03
  1.6373E-03 -6.7397E-03 -1.1326E-03
  1.5186E-03 -7.6776E-03 -2.0528E-03
  8.7313E-04 -8.5641E-03 -1.2280E-03
  3.7071E-04 -9.7963E-03 -1.3360E-03
  8.7145E-04 -8.0561E-03 -5.1983E-04
  9.7730E-04 -7.4953E-03 -8.0350E-05
  6.6364E-04 -8.5202E-03 -5.0152E-04
  7.8102E-04 -6.9671E-03  1.2742E-03
  1.4859E-04 -7.6373E-03  2.3569E-03
  1.0641E-04 -7.7217E-03  2.3741E-03
 -4.5706E-04 -8.7156E-03  2.7899E-03
  7.0106E-04 -6.7361E-03  1.8479E-03
  7.2127E-04 -6.6903E-03  1.8471E-03
  7.8364E-04 -7.4871E-03  5.4643E-04
  7.7489E-04 -7.4797E-03  5.8450E-04
  1.3884E-03 -6.4896E-03  4.5004E-06
  1.3745E-03 -6.3973E-03  1.7643E-04
  7.5718E-04 -7.2826E-03  9.1351E-04
  1.4395E-04 -8.2775E-03  1.4858E-03
  1.5193E-04 -8.3786E-03  1.3207E-03
  1.3577E-03 -5.2230E-03  1.8544E-03
  1.9114E-03 -4.5729E-03  9.9412E-04
  1.2992E-03 -4.7094E-03  2.7511E-03
  1.9118E-03 -3.3049E-03  2.7470E-03
  1.5851E-03 -3.0177E-03  4.1827E-03
  1.0106E-03 -4.2462E-03  4.3090E-03
  6.9534E-04 -5.3667E-03  3.7607E-03
  6.1754E-05 -5.9370E-03  4.9852E-03
  1.0300E-04 -5.5784E-03  5.3503E-03
 -5.3116E-04 -6.8658E-03  5.5845E-03
 -1.1710E-03 -7.4513E-03  6.8081E-03
 -1.7485E-03 -8.9791E-03  6.5297E-03
 -1.6754E-03 -9.5243E-03  5.5430E-03
 -2.2144E-03 -1.1015E-02  5.1941E-03
 -1.8689E-03 -1.1329E-02  3.6615E-03
 -1.8294E-03 -1.1767E-02  2.9298E-03
 -1.4973E-03 -1.2017E-02  1.5279E-03
 -2.1395E-03 -1.1996E-02  3.5986E-03
 -1.4021E-03 -7.0119E-03  8.1503E-03
 -1.8892E-03 -7.2934E-03  9.3090E-03
 -1.0512E-03 -6.3123E-03  8.0029E-03
 -1.2409E-03 -5.8791E-03  9.2054E-03
 -1.7335E-03 -6.9329E-03  9.3129E-03
 -2.3601E-03 -8.3267E-03  9.3759E-03
 -1.3702E-03 -6.9817E-03  8.0907E-03
 -5.9639E-04 -4.5557E-03  8.9879E-03
 -7.3342E-05 -4.2202E-03  7.7898E-03
 -6.3622E-04 -3.8207E-03  1.0131E-02
 -5.7409E-05 -2.5332E-03  1.0073E-02
 -2.2906E-04 -1.8547E-03  1.1557E-02
  2.9516E-04 -7.5355E-04  1.1415E-02
 -2.2371E-04 -1.2424E-03  1.2387E-02
 -5.3989E-04 -8.4508E-04  1.3942E-02
  1.2382E-04 -2.7907E-03  9.1410E-03
  7.2684E-04 -1.9287E-03  8.4171E-03
 -4.3372E-03 -8.0134E-03  1.0961E-02
 -4.8065E-03 -8.2243E-03  1.1278E-02
 -5.1810E-03 -9.3926E-03  1.1972E-02
 -4.2359E-03 -1.0007E-02  1.1792E-02
 -4.1514E-03 -9.1043E-03  1.1354E-02
 -2.9585E-03 -9.3061E-03  1.0874E-02
 -2.8242E-03 -9.7196E-03  1.0992E-02
 -2.0907E-03 -9.0444E-03  1.0344E-02
 -9.0086E-04 -9.1732E-03  9.8333E-03
 -6.3121E-05 -9.0777E-03  9.3914E-03
  2.1485E-04 -1.0198E-02  9.7532E-03
  7.9797E-04 -1.0058E-02  9.4132E-03
  8.5981E-04 -8.9704E-03  8.9036E-03
  1.1446E-03 -1.0917E-02  9.6267E-03
 -7.7292E-04 -8.2537E-03  9.3665E-03
 -1.9331E-04 -8.5177E-03  9.2064E-03
 -1.3463E-03 -7.1775E-03  9.1652E-03
 -1.3123E-03 -6.2101E-03  8.7221E-03
 -1.8804E-03 -5.0558E-03  8.4839E-03
 -1.9145E-03 -6.3858E-03  9.0870E-03
 -1.5239E-03 -6.1350E-03  8.7899E-03
 -2.8862E-03 -6.8028E-03  9.7346E-03
 -3.5501E-03 -6.9910E-03  1.0134E-02
 -4.7119E-03 -7.2863E-03  1.0819E-02
 -5.6451E-03 -6.8758E-03  1.1083E-02
 -5.9520E-03 -7.6196E-03  1.1558E-02
 -6.0402E-03 -5.8013E-03  1.0798E-02
 -2.8892E-03 -7.9484E-03  1.0242E-02
 -2.9367E-03 -7.8495E-03  1.0221E-02
 -2.2558E-03 -8.8601E-03  1.0342E-02
 -1.5628E-03 -9.8397E-03  1.0443E-02
 -1.0920E-03 -1.0832E-02  1.0656E-02
 -5.7842E-04 -9.4394E-03  9.7968E-03
 -2.8900E-04 -9.8389E-03  9.8350E-03
 -5.2376E-05 -8.6561E-03  9.2002E-03
  8.7119E-04 -8.2125E-03  8.5638E-03
  1.3664E-03 -7.3332E-03  7.9395E-03
  2.2825E-03 -7.9094E-03  7.7566E-03
  2.6223E-03 -6.8150E-03  7.1115E-03
  3.6980E-03 -6.2955E-03  6.3691E-03
  3.8584E-04 -7.6030E-03  8.5264E-03
  9.5783E-04 -7.7032E-03  8.2977E-03
 -6.6402E-04 -6.9609E-03  8.7441E-03
 -1.1690E-03 -6.3243E-03  8.7041E-03
 -2.3015E-03 -5.4984E-03  8.8801E-03
 -2.7501E-03 -4.7003E-03  8.7420E-03
 -3.6479E-03 -3.6335E-03  8.6996E-03
 -4.8313E-03 -3.9327E-03  9.3963E-03
 -5.7188E-03 -2.8412E-03  9.3382E-03
 -1.3861E-03 -7.1656E-03  9.1789E-03
 -1.1492E-03 -6.9756E-03  8.9820E-03
 -1.8258E-03 -8.0944E-03  9.7986E-03
 -2.1135E-03 -8.9950E-03  1.0333E-02
 -2.7665E-03 -9.8260E-03  1.1012E-02
 -3.9054E-03 -9.2290E-03  1.1291E-02
 -4.8917E-03 -8.9797E-03  1.1652E-02
 -5.2933E-03 -7.9294E-03  1.1380E-02
 -5.2707E-03 -9.8419E-03  1.2213E-02
 -1.0627E-03 -9.6840E-03  1.0136E-02
 -1.1500E-03 -1.0099E-02  1.0361E-02
 -7.3712E-05 -9.8359E-03  9.7310E-03
  1.0020E-03 -1.0447E-02  9.4874E-03
  1.8464E-03 -1.0976E-02  9.3177E-03
  1.5658E-03 -9.6363E-03  8.8606E-03
  2.4928E-03 -1.0013E-02  8.5846E-03
  1.0160E-03 -8.5238E-03  8.6320E-03
  1.4498E-03 -7.6674E-03  8.0471E-03
  2.3213E-03 -7.0184E-03  7.3449E-03
  2.8510E-03 -6.4015E-03  6.8200E-03
  9.7393E-03 -2.7842E-03 -2.8981E-03
  9.7703E-03 -2.2410E-03 -2.4034E-03
  9.2466E-03 -1.9370E-03 -2.5035E-03
  9.2753E-03 -1.3724E-03 -1.9917E-03
  9.3091E-03 -2.3135E-03 -2.7878E-03
  8.7667E-03 -2.0945E-03 -2.9749E-03
  9.7044E-03 -1.8523E-03 -2.1107E-03
  9.1892E-03 -1.5340E-03 -2.1923E-03
  1.0219E-02 -1.8873E-03 -1.7828E-03
  1.0182E-02 -1.5277E-03 -1.4956E-03
  1.0723E-02 -1.8225E-03 -1.3755E-03
  1.1342E-02 -1.9190E-03 -1.0281E-03
  1.1687E-02 -1.6551E-03 -5.5784E-04
  1.1505E-02 -2.2186E-03 -1.1752E-03
  1.0202E-02 -9.6127E-04 -9.8796E-04
  1.0363E-02 -9.1577E-04 -8.3595E-04
  1.0021E-02 -5.2743E-04 -7.3634E-04
  1.0025E-02  4.0175E-05 -2.3881E-04
  9.3716E-03  5.0254E-04 -2.9141E-04
  8.9182E-03  5.9845E-04 -5.2372E-04
  9.1164E-03  3.3982E-04 -6.1090E-04
  1.0276E-02  2.5620E-04  1.2390E-04
  1.0114E-02  2.0920E-04 -2.9699E-05
  1.0673E-02  5.0109E-04  6.1369E-04
  1.0927E-02  7.1218E-04  9.7493E-04
  1.1496E-02  8.2318E-04  1.4675E-03
  1.1977E-02  3.0746E-04  1.3533E-03
  1.2039E-02  2.8191E-04  1.3748E-03
  1.2280E-02 -8.0588E-05  1.2265E-03
  1.0466E-02  1.2585E-03  1.1295E-03
  1.0484E-02  1.3514E-03  1.2231E-03
  1.0088E-02  1.6375E-03  1.1961E-03
  9.6443E-03  2.1887E-03  1.3672E-03
  9.8709E-03  2.6630E-03  1.9382E-03
  1.0449E-02  2.6034E-03  2.2892E-03
  1.0436E-02  2.8517E-03  2.4965E-03
  1.0994E-02  2.7913E-03  2.8321E-03
  1.1563E-02  2.4776E-03  2.9552E-03
  1.2125E-02  2.3988E-03  3.2781E-03
  1.1578E-02  2.2312E-03  2.7514E-03
  1.1024E-02  2.2955E-03  2.4212E-03
  9.0113E-03  2.3786E-03  1.0917E-03
  8.9318E-03  2.3116E-03  9.7799E-04
  8.5643E-03  2.6789E-03  1.0418E-03
  7.9158E-03  2.9192E-03  7.9939E-04
  7.5369E-03  2.6381E-03  2.9064E-04
  7.7865E-03  1.9999E-03 -9.1362E-05
  6.8654E-03  2.9176E-03  6.6309E-05
  7.7336E-03  3.5294E-03  1.2040E-03
  7.7429E-03  3.6464E-03  1.3123E-03
  7.6178E-03  3.9124E-03  1.4569E-03
  7.4531E-03  4.5121E-03  1.8646E-03
  7.8503E-03  4.7490E-03  2.3476E-03
  8.5542E-03  4.4079E-03  2.5409E-03
  8.8377E-03  4.3980E-03  2.7297E-03
  8.8467E-03  4.6819E-03  2.9833E-03
  6.7759E-03  4.8314E-03  1.6709E-03
  6.5576E-03  4.7335E-03  1.4337E-03
  6.4368E-03  5.1954E-03  1.7517E-03
  5.7862E-03  5.5310E-03  1.5909E-03
  5.3847E-03  5.4978E-03  1.2823E-03
  4.6886E-03  5.7917E-03  1.0534E-03
  4.2747E-03  5.9068E-03  8.6535E-04
  3.7087E-03  6.2057E-03  7.3138E-04
  4.5100E-03  5.7082E-03  8.5619E-04
  5.7426E-03  6.1395E-03  2.0906E-03
  5.8869E-03  6.3832E-03  2.4033E-03
  5.5591E-03  6.3771E-03  2.1697E-03
  5.5013E-03  6.9538E-03  2.6318E-03
  5.5766E-03  7.0052E-03  2.7290E-03
  5.7550E-03  7.4919E-03  3.2771E-03
  5.3036E-03  8.0050E-03  3.4097E-03
  5.4723E-03  8.4462E-03  3.9115E-03
  6.0976E-03  8.3700E-03  4.2807E-03
  6.5520E-03  7.8567E-03  4.1501E-03
  6.3758E-03  7.4244E-03  3.6508E-03
  4.8578E-03  7.3372E-03  2.5174E-03
  4.3933E-03  7.3827E-03  2.2335E-03
  4.8333E-03  7.6310E-03  2.7562E-03
  4.2408E-03  7.9880E-03  2.6545E-03
  4.3152E-03  7.9093E-03  2.6378E-03
  3.7145E-03  8.1722E-03  2.4483E-03
  3.6916E-03  8.5041E-03  2.7214E-03
  3.2684E-03  8.0470E-03  2.0285E-03
  3.9574E-03  8.6305E-03  3.0167E-03
  4.2463E-03  8.9367E-03  3.4847E-03
  2.6710E-03  9.5698E-03 -9.1188E-03
  2.7002E-03  6.8284E-03 -9.1316E-03
  1.4814E-03  5.6536E-03 -1.0594E-02
 -2.2305E-04  6.4192E-03 -1.2597E-02
  1.6902E-03  2.8329E-03 -1.0396E-02
  4.3783E-03  6.0335E-03 -7.1602E-03
  4.8633E-03  6.6423E-03 -6.5759E-03
  5.2957E-03  4.7285E-03 -6.0974E-03
  4.7137E-03  4.0019E-03 -6.7985E-03
  6.2476E-03  3.2985E-03 -4.9960E-03
  7.1959E-03  2.0183E-03 -3.8963E-03
  6.9393E-03  3.7794E-03 -4.1694E-03
  7.1597E-03  2.4329E-03 -3.9320E-03
  6.2632E-03  7.3256E-04 -5.0219E-03
  8.4168E-03  3.1333E-03 -2.4326E-03
  8.7756E-03  2.0418E-03 -2.0271E-03
  1.0470E-02  2.7236E-03 -1.0841E-05
  1.0573E-02  5.3832E-03  1.5721E-04
  1.1912E-02  6.0839E-03  1.7528E-03
  9.3285E-03  6.7449E-03 -1.2917E-03
  8.6087E-03 -7.4107E-04 -2.2727E-03
  7.8993E-03 -1.7186E-03 -3.1288E-03
  9.2994E-03 -2.0245E-03 -1.4777E-03
  9.2296E-03 -4.7397E-03 -1.6074E-03
  1.0171E-02 -5.8356E-03 -5.1260E-04
  1.1989E-02 -5.9388E-03  1.6360E-03
  1.2478E-02 -7.0607E-03  2.1956E-03
  1.3323E-02 -5.7422E-03  3.2176E-03
  1.2018E-02 -9.2234E-03  1.6141E-03
  7.5260E-03 -5.6432E-03 -3.6383E-03
  7.1376E-03 -7.4594E-03 -4.1292E-03
  6.5027E-03 -4.3549E-03 -4.8266E-03
  4.8538E-03 -5.1219E-03 -6.7905E-03
  4.0091E-03 -3.8238E-03 -7.7674E-03
  4.3493E-03 -5.0804E-03 -7.3866E-03
  3.1286E-03 -4.1415E-03 -8.8145E-03
  6.0359E-03 -4.6073E-03 -5.3832E-03
  4.0103E-03 -4.7171E-03 -7.7814E-03
  3.0998E-03 -6.3090E-03 -8.8861E-03
  4.3880E-03 -2.6581E-03 -7.2991E-03
  3.6803E-03 -2.1085E-03 -8.1268E-03
  4.1609E-03  5.0846E-04 -7.5129E-03
  3.6924E-03  7.6160E-04 -8.0628E-03
  3.3517E-03  2.5980E-03 -8.4341E-03
  3.9809E-03  5.1493E-03 -7.6455E-03
  4.2808E-03 -4.0815E-03 -7.4504E-03
  3.3407E-03 -4.9989E-03 -8.5784E-03
  5.8516E-03 -4.6404E-03 -5.6018E-03
  6.5964E-03 -6.4968E-03 -4.7528E-03
  8.3924E-03 -7.0003E-03 -2.6368E-03
  9.3627E-03 -4.6754E-03 -1.4488E-03
  9.0636E-03 -8.8804E-03 -1.8753E-03
  5.7190E-03 -8.9556E-03 -5.8333E-03
  5.2740E-03 -1.0093E-02 -6.3794E-03
  5.4319E-03 -9.7042E-03 -6.1859E-03
  4.5954E-03 -1.2012E-02 -7.2154E-03
  4.6321E-03 -1.2490E-02 -7.1802E-03
  6.3447E-03 -1.2862E-02 -5.1607E-03
  6.5480E-03 -1.2702E-02 -4.9174E-03
  7.4898E-03 -1.3299E-02 -3.8135E-03
  2.8531E-03 -1.1953E-02 -9.2755E-03
  2.2051E-03 -1.3859E-02 -1.0075E-02
  2.0847E-03 -9.7824E-03 -1.0147E-02
  4.1775E-04 -9.4685E-03 -1.2114E-02
 -2.7771E-04 -6.9676E-03 -1.2893E-02
 -4.4869E-04 -6.7956E-03 -1.3092E-02
 -9.2597E-04 -4.2062E-03 -1.3612E-02
 -1.0690E-03 -4.1285E-03 -1.3780E-02
 -1.6505E-03 -2.1929E-03 -1.4435E-02
 -1.7409E-03 -2.2873E-03 -1.4543E-02
 -2.1311E-03 -1.4404E-04 -1.4968E-02
  2.4328E-04 -9.6465E-03 -1.2323E-02
 -1.0460E-03 -1.0190E-02 -1.3858E-02
  1.5548E-03 -9.3622E-03 -1.0767E-02
  1.4266E-03 -9.4113E-03 -1.0919E-02
  1.9656E-03 -6.9005E-03 -1.0238E-02
  2.1078E-03 -7.0792E-03 -1.0073E-02
  7.6404E-04 -4.8423E-03 -1.1624E-02
  1.4683E-03 -2.2660E-03 -1.0746E-02
  2.2317E-03 -1.1538E-02 -1.0004E-02
  1.4504E-03 -1.2778E-02 -1.0949E-02
 -5.6263E-04 -1.5857E-02 -1.8442E-02
 -1.1058E-03 -1.4213E-02 -1.9216E-02
 -1.5147E-03 -1.4240E-02 -2.0984E-02
 -1.4852E-03 -1.4208E-02 -2.0829E-02
 -1.4330E-03 -1.5762E-02 -2.2065E-02
 -1.1551E-03 -1.2761E-02 -1.8063E-02
 -1.4470E-03 -1.1356E-02 -1.7988E-02
 -8.3522E-04 -1.3150E-02 -1.7064E-02
 -8.5590E-04 -1.1860E-02 -1.5941E-02
 -5.4428E-04 -1.1487E-02 -1.4262E-02
 -2.9518E-04 -1.1235E-02 -1.2963E-02
 -5.4143E-04 -1.1472E-02 -1.4235E-02
 -2.4703E-04 -1.1109E-02 -1.2639E-02
  2.7252E-04 -1.2706E-02 -1.1923E-02
  2.3134E-04 -1.3316E-02 -1.2671E-02
  7.8783E-04 -1.4781E-02 -1.1672E-02
  7.6608E-04 -1.5544E-02 -1.2482E-02
  1.0272E-03 -1.7189E-02 -1.2912E-02
  9.7835E-04 -1.7771E-02 -1.3667E-02
  1.3439E-03 -1.8262E-02 -1.2569E-02
 -5.8415E-04 -9.6551E-03 -1.2712E-02
 -8.9430E-04 -9.5362E-03 -1.3923E-02
 -5.3814E-04 -8.4997E-03 -1.1431E-02
 -8.2158E-04 -6.9579E-03 -1.1192E-02
 -1.0574E-03 -5.4197E-03 -1.0754E-02
 -1.3365E-03 -5.2919E-03 -1.1824E-02
 -1.8772E-03 -4.7730E-03 -1.3643E-02
 -2.1500E-03 -4.4757E-03 -1.4528E-02
 -2.1846E-03 -5.5518E-03 -1.5686E-02
 -2.4366E-03 -5.1742E-03 -1.6405E-02
 -1.9767E-03 -6.9911E-03 -1.6150E-02
 -4.1180E-04 -7.2326E-03 -9.7027E-03
  3.6627E-05 -7.9075E-03 -8.4238E-03
 -5.7471E-04 -6.6311E-03 -9.8328E-03
 -2.1963E-04 -6.8598E-03 -8.5332E-03
 -8.8779E-05 -8.1628E-03 -9.1983E-03
 -5.7818E-04 -7.4157E-03 -1.0584E-02
  1.1037E-04 -9.8026E-03 -9.8883E-03
 -4.4742E-04 -5.2140E-03 -7.9597E-03
 -9.2975E-04 -4.0737E-03 -8.9462E-03
 -1.0485E-04 -5.0507E-03 -6.3453E-03
 -2.9631E-04 -3.5601E-03 -5.7626E-03
  2.7886E-05 -3.0492E-03 -3.9003E-03
 -1.6539E-04 -1.5385E-03 -3.3065E-03
  9.9537E-05 -1.2340E-03 -1.8908E-03
 -2.7582E-04  3.0090E-04 -2.0507E-03
 -7.5425E-04  9.2332E-04 -3.5068E-03
 -6.9897E-04 -1.5859E-04 -4.2867E-03
 -2.4802E-04 -4.0519E-03 -6.0183E-03
  1.8659E-04 -4.9318E-03 -4.9909E-03
 -6.9611E-04 -3.4719E-03 -7.3848E-03
 -7.1055E-04 -3.8701E-03 -7.8203E-03
 -1.2883E-03 -2.7727E-03 -9.2540E-03
 -3.6382E-04 -3.8780E-03 -6.3489E-03
  1.5076E-05 -5.2291E-03 -6.0014E-03
 -4.8291E-04 -2.3932E-03 -5.4630E-03
 -9.7267E-04 -6.4449E-04 -5.9101E-03
 -1.0892E-03  2.5633E-04 -5.5612E-03
 -5.3827E-04 -4.5930E-04 -3.8836E-03
 -1.6147E-04 -2.3506E-03 -4.0521E-03
  3.7578E-04 -2.9689E-03 -2.3413E-03
  4.6835E-04 -2.0145E-03 -1.0506E-03
  7.2825E-04 -4.5661E-03 -2.3374E-03
  1.2552E-03 -5.3348E-03 -8.1182E-04
  1.2073E-03 -4.3565E-03 -9.7813E-05
  9.8959E-04 -4.5364E-03 -1.1950E-03
  1.5406E-03 -7.1518E-03 -1.3001E-03
  2.0309E-03 -8.2863E-03 -2.7409E-04
  1.2231E-03 -7.3827E-03 -2.8713E-03
  1.4313E-03 -9.0363E-03 -3.5353E-03
  1.5942E-03 -9.4181E-03 -3.1992E-03
  1.7522E-03 -1.0759E-02 -3.7845E-03
  2.3902E-03 -1.0064E-02  4.7126E-03
  2.2381E-03 -1.0660E-02  4.3414E-03
  2.7949E-03 -8.1006E-03  5.4335E-03
  3.3284E-03 -8.5638E-03  8.5436E-03
  4.0051E-03 -6.6781E-03  1.0738E-02
  4.2815E-03 -3.5282E-03  9.9490E-03
  4.8520E-03 -1.4511E-03  1.1454E-02
  5.0654E-03  1.3499E-03  1.0584E-02
  5.2090E-03 -2.1684E-03  1.3823E-02
  1.5420E-03 -1.1269E-02  1.1427E-03
  1.3651E-03 -9.7542E-03 -8.5203E-04
  1.1551E-03 -1.3455E-02  6.7265E-04
  4.6757E-04 -1.4334E-02 -2.2908E-03
 -8.6174E-05 -1.7418E-02 -2.9949E-03
 -7.8682E-04 -1.7998E-02 -6.2381E-03
 -7.8236E-05 -1.9862E-02 -1.2238E-03
  3.5043E-04 -1.4331E-02 -2.9034E-03
  5.4700E-04 -1.5403E-02 -1.1195E-03
  1.7926E-05 -1.3148E-02 -5.4748E-03
 -1.3111E-04 -1.2913E-02 -6.4184E-03
  2.2946E-04 -9.6496E-03 -6.8483E-03
  9.8360E-04 -7.8941E-03 -4.1583E-03
  1.2540E-03 -6.5740E-03 -3.6829E-03
  1.9444E-03 -5.1440E-03 -1.0948E-03
  2.3713E-03 -5.0248E-03  1.0469E-03
  3.0548E-03 -3.6492E-03  3.6376E-03
  2.1145E-03 -6.3082E-03  6.1633E-04
  1.4246E-03 -7.7237E-03 -1.9791E-03
 -8.8505E-04 -1.4377E-02 -9.3142E-03
 -1.2440E-03 -1.5115E-02 -1.0663E-02
 -1.1228E-03 -1.4901E-02 -1.0183E-02
 -1.8324E-03 -1.6114E-02 -1.3025E-02
 -2.2640E-03 -1.9455E-02 -1.2910E-02
 -3.0099E-03 -2.0734E-02 -1.5894E-02
 -3.5150E-03 -2.1981E-02 -1.7645E-02
 -4.0969E-03 -2.2611E-02 -2.0234E-02
 -3.9537E-03 -2.1787E-02 -2.0071E-02
 -3.3020E-03 -2.0650E-02 -1.7477E-02
 -1.8519E-03 -1.4535E-02 -1.4244E-02
 -1.7244E-03 -1.5075E-02 -1.3197E-02
 -2.0303E-03 -1.2664E-02 -1.6499E-02
 -2.0674E-03 -1.0936E-02 -1.7916E-02
 -2.5578E-03 -1.0059E-02 -2.1094E-02
 -3.2629E-03 -1.2773E-02 -2.2849E-02
 -2.2751E-03 -7.9295E-03 -2.1127E-02
 -2.2568E-03 -1.2426E-02 -1.7849E-02
 -2.0207E-03 -1.0934E-02 -1.7674E-02
 -2.6909E-03 -1.5352E-02 -1.8041E-02
 -2.8763E-03 -1.6939E-02 -1.7884E-02
 -3.6427E-03 -1.9366E-02 -2.0163E-02
 -4.1071E-03 -1.8304E-02 -2.3337E-02
 -4.3507E-03 -1.7957E-02 -2.4853E-02
 -4.8087E-03 -1.6817E-02 -2.8048E-02
 -5.0227E-03 -1.6415E-02 -2.9449E-02
 -2.4786E-03 -1.8305E-02 -1.4844E-02
 -2.0703E-03 -1.7457E-02 -1.3314E-02
 -2.5705E-03 -2.0275E-02 -1.3928E-02
 -2.2580E-03 -2.1929E-02 -1.1127E-02
 -2.5861E-03 -2.4471E-02 -1.1039E-02
 -3.3528E-03 -2.6141E-02 -1.3855E-02
 -3.6923E-03 -2.7102E-02 -1.4946E-02
 -4.3929E-03 -2.8409E-02 -1.7674E-02
 -4.7587E-03 -2.8769E-02 -1.9327E-02
 -4.4241E-03 -2.7836E-02 -1.8242E-02
 -3.7281E-03 -2.6543E-02 -1.5528E-02
 -1.4856E-03 -2.0284E-02 -8.2641E-03
 -1.2128E-03 -2.1040E-02 -6.3064E-03
 -1.1347E-03 -1.8162E-02 -7.9366E-03
 -3.8646E-04 -1.6424E-02 -5.2651E-03
 -1.1562E-04 -1.7869E-02 -2.8293E-03
 -1.5650E-04 -1.7462E-02 -3.3305E-03
  4.2124E-04 -1.6289E-02 -1.1482E-03
 -6.9919E-04 -1.8206E-02 -5.6340E-03
 -1.0564E-04 -1.3274E-02 -6.0303E-03
  1.6870E-04 -1.2307E-02 -5.2843E-03
 -1.8208E-04 -1.1634E-02 -7.5900E-03
 -4.5635E-04 -1.2452E-02 -8.4409E-03
 -1.3412E-04 -9.4781E-03 -8.8658E-03
 -1.5806E-04 -7.6662E-03 -1.0273E-02
  6.6316E-05 -8.5662E-03 -8.4661E-03
  8.3563E-04 -6.5892E-03 -5.8537E-03
  1.2006E-03 -7.2929E-03 -3.4525E-03
  1.0897E-03 -4.2301E-03 -6.1986E-03
  7.6131E-04 -3.3974E-03 -8.5007E-03
  1.3414E-03 -3.1592E-04 -7.6568E-03
  1.9328E-03 -5.0673E-04 -4.4379E-03
  1.8295E-03 -2.3367E-03 -3.6809E-03
  2.1087E-03 -4.5841E-04 -3.5548E-03
  1.7339E-03 -1.0939E-04 -5.7561E-03
  3.5874E-03  5.8431E-03  5.5144E-03
  3.7017E-03  9.4036E-03  7.4937E-03
  5.1805E-03  1.1099E-02  1.2011E-02
  7.2127E-03  7.5594E-03  1.5428E-02
  8.5064E-03  9.4045E-03  1.9551E-02
  1.0396E-02  5.5962E-03  2.2483E-02
  1.1381E-02  7.0287E-03  2.5636E-02
  1.7708E-03  1.3343E-02  4.5208E-03
  9.7676E-04  1.4885E-02  3.2609E-03
  1.0507E-03  1.5044E-02  3.5219E-03
 -8.2097E-04  1.8676E-02  5.5164E-04
 -9.7117E-04  2.2046E-02  1.7766E-03
  6.5711E-04  2.3567E-02  6.5856E-03
 -2.8510E-03  2.6165E-02 -9.8296E-04
 -1.9514E-03  1.5863E-02 -3.6223E-03
 -1.8769E-03  1.4246E-02 -4.2039E-03
 -2.8478E-03  1.4922E-02 -6.3192E-03
 -3.9509E-03  1.2185E-02 -1.0388E-02
 -4.9302E-03  1.1912E-02 -1.2975E-02
 -6.0707E-03  8.9042E-03 -1.7267E-02
 -4.9047E-03  3.7292E-03 -1.6801E-02
 -5.1245E-03  1.2209E-03 -1.8545E-02
 -3.8366E-03  2.1677E-03 -1.4863E-02
 -5.3480E-03  1.3943E-02 -1.3059E-02
 -6.3989E-03  1.8060E-02 -1.3739E-02
 -5.2825E-03  1.0769E-02 -1.4403E-02
 -6.4900E-03  1.1871E-02 -1.6909E-02
 -5.6269E-03  1.3413E-02 -1.4010E-02
 -6.3815E-03  1.4114E-02 -1.5571E-02
 -3.9842E-03  1.3696E-02 -9.7532E-03
 -3.0011E-03  1.5236E-02 -6.5543E-03
 -2.8904E-03  1.9707E-02 -4.1515E-03
 -4.7520E-03  2.3592E-02 -6.9767E-03
 -5.5713E-03  2.6351E-02 -7.7209E-03
 -7.1655E-03  3.0869E-02 -9.5741E-03
 -7.7851E-03  3.4098E-02 -9.5943E-03
 -1.0020E-03  1.1714E-02 -3.2121E-03
 -1.0822E-05  9.8086E-03 -1.6303E-03
 -3.9162E-04  1.0961E-02 -2.0383E-03
  1.5238E-03  7.7319E-03  1.2338E-03
  1.7087E-03  6.5268E-03  1.1249E-03
  3.7360E-03  3.9450E-03  4.9851E-03
  4.2975E-03  5.5118E-03  7.1390E-03
  4.7712E-03  4.2442E-04  5.9096E-03
  2.9148E-03  9.8207E-03  5.7173E-03
  2.7909E-03  1.3549E-02  7.1785E-03
  4.2845E-03  7.2658E-03  7.9401E-03
  5.7152E-03  8.7170E-03  1.2220E-02
  6.9564E-03  5.1220E-03  1.3626E-02
  5.8559E-03  4.5009E-03  1.0569E-02
  6.5927E-03  8.9352E-04  1.0704E-02
  4.2624E-03  7.6310E-03  8.0582E-03
  6.9520E-03  9.8875E-03  1.5880E-02
  7.6313E-03  1.2658E-02  1.8902E-02
  7.2783E-03  7.7302E-03  1.5674E-02
  8.4701E-03  8.5559E-03  1.9057E-02
  9.6643E-03  4.0330E-03  1.9904E-02
  1.1468E-02  1.5321E-03  2.3242E-02
  1.0116E-02  4.9203E-03  2.1458E-02
  7.4688E-03  1.2464E-02  1.8402E-02
  8.3018E-03  1.4715E-02  2.1562E-02
  5.6742E-03  1.3409E-02  1.4347E-02
  4.6277E-03  1.7049E-02  1.3451E-02
  3.8982E-03  1.5096E-02  1.0693E-02
  5.5130E-03  1.1296E-02  1.2938E-02
  2.6151E-03  1.3271E-02  6.6053E-03
  2.9474E-03  2.1013E-02  1.1119E-02
  2.2079E-03  2.4735E-02  1.1032E-02
  2.3787E-03  2.0279E-02  9.3430E-03
  7.5523E-04  2.3831E-02  6.9573E-03
 -8.9542E-04  2.4172E-02  2.9771E-03
 -2.1832E-03  2.7897E-02  1.5159E-03
 -3.7223E-03  1.1288E-02 -8.7811E-04
 -4.8264E-03  1.0782E-02 -3.0400E-03
 -4.1103E-03  9.3264E-03 -3.5823E-03
 -5.3455E-03  9.1681E-03 -5.5567E-03
 -4.5969E-03  7.8577E-03 -5.8929E-03
 -5.1807E-03  6.9939E-03 -7.6860E-03
 -3.4185E-03  7.6779E-03 -4.3698E-03
 -4.9836E-03  9.8474E-03 -4.2883E-03
 -3.7711E-03  8.7245E-03 -3.7434E-03
 -6.4698E-03  1.0312E-02 -5.9501E-03
 -6.7536E-03  9.5238E-03 -7.2232E-03
 -8.5969E-03  1.0444E-02 -8.9094E-03
 -9.6988E-03  1.2643E-02 -8.1204E-03
 -1.0187E-02  1.3010E-02 -8.4314E-03
 -1.1684E-02  1.4328E-02 -9.1787E-03
 -9.0879E-03  1.2007E-02 -7.9216E-03
 -5.6854E-03  7.2624E-03 -8.1296E-03
 -5.2427E-03  6.2342E-03 -8.6044E-03
 -5.2407E-03  6.5120E-03 -8.2988E-03
 -4.2264E-03  4.3963E-03 -9.1250E-03
 -3.0429E-03  3.8701E-03 -7.9721E-03
 -1.9039E-03  4.4739E-03 -5.6524E-03
 -7.6431E-04  3.4375E-03 -5.1197E-03
 -9.1804E-04  3.9468E-03 -4.7888E-03
 -5.3446E-03  3.8206E-03 -1.1384E-02
 -6.8139E-03  5.0972E-03 -1.2136E-02
 -4.6161E-03  1.8831E-03 -1.2433E-02
 -5.5126E-03  1.0779E-03 -1.4618E-02
 -5.8520E-03  4.3951E-04 -1.5809E-02
 -7.3270E-03  2.2323E-03 -1.6007E-02
 -4.4041E-03 -5.2131E-04 -1.4744E-02
 -4.5438E-03 -7.2959E-04 -1.5175E-02
 -3.2176E-03 -1.2967E-03 -1.3858E-02
 -5.2490E-03 -1.5844E-03 -1.7135E-02
 -4.4057E-03 -3.3412E-03 -1.7820E-02
 -5.4063E-03 -3.0159E-03 -1.8925E-02
 -4.8074E-03 -2.4601E-03 -1.7446E-02
 -7.1395E-03 -1.4723E-03 -1.9771E-02
 -4.2547E-03 -4.8961E-03 -1.9294E-02
 -5.3913E-03 -4.4194E-03 -2.0433E-02
 -2.8143E-03 -6.7022E-03 -1.9162E-02
 -2.5697E-03 -8.2976E-03 -2.0544E-02
 -7.1981E-04 -1.0062E-02 -1.9768E-02
 -9.1362E-05 -1.1114E-02 -1.9998E-02
  1.6555E-03 -1.3132E-02 -1.9649E-02
  2.9311E-03 -1.2998E-02 -1.7642E-02
  3.7719E-03 -1.2541E-02 -1.5918E-02
  4.9056E-03 -1.2471E-02 -1.4187E-02
  3.4803E-03 -1.2128E-02 -1.5893E-02
 -3.5825E-03 -8.8918E-03 -2.2669E-02
 -3.9554E-03 -8.5468E-03 -2.2837E-02
 -4.0579E-03 -9.7421E-03 -2.4289E-02
 -5.0155E-03 -1.0378E-02 -2.6379E-02
 -5.5277E-03 -1.1150E-02 -2.7967E-02
 -6.2540E-03 -1.2207E-02 -3.0179E-02
 -7.8360E-03 -1.0853E-02 -3.1011E-02
 -9.3696E-03 -9.3784E-03 -3.1641E-02
 -9.9704E-03 -1.0331E-02 -3.3557E-02
 -3.9707E-03 -1.2007E-02 -2.6631E-02
 -4.5843E-03 -1.2028E-02 -2.7549E-02
 -2.3787E-03 -1.3335E-02 -2.5756E-02
 -1.1815E-03 -1.4996E-02 -2.5819E-02
  5.3367E-04 -1.6248E-02 -2.4682E-02
  5.1870E-04 -1.6980E-02 -2.5502E-02
  1.5756E-03 -1.7280E-02 -2.4287E-02
 -5.3311E-04 -1.7260E-02 -2.7341E-02
 -1.0461E-03 -1.4280E-02 -2.4841E-02
 -9.2498E-04 -1.5144E-02 -2.5606E-02
 -1.0837E-03 -1.2684E-02 -2.3157E-02
 -9.4327E-04 -1.1832E-02 -2.2023E-02
 -8.0180E-04 -1.0204E-02 -2.0043E-02
  5.8804E-04 -1.0906E-02 -1.8781E-02
  6.7605E-04 -9.6146E-03 -1.7244E-02
  1.5700E-03 -1.2725E-02 -1.9331E-02
 -2.3716E-03 -1.1021E-02 -2.3224E-02
 -2.2388E-03 -1.0687E-02 -2.2666E-02
 -3.7239E-03 -1.0743E-02 -2.4892E-02
 -5.1854E-03 -9.9872E-03 -2.6201E-02
 -6.4711E-03 -9.9788E-03 -2.8067E-02
 -7.8427E-03 -7.9780E-03 -2.7888E-02
 -9.5143E-03 -7.0803E-03 -2.9348E-02
 -1.0847E-02 -5.6751E-03 -2.9760E-02
 -9.6090E-03 -7.6498E-03 -3.0107E-02
 -4.7591E-03 -1.1196E-02 -2.6897E-02
 -4.0319E-03 -1.2990E-02 -2.7791E-02
  2.3456E-03 -9.0421E-03 -1.2184E-02
  4.1283E-03 -8.5997E-03 -1.1129E-02
  4.9516E-03 -1.0921E-02 -9.7409E-03
  6.0883E-03 -1.0972E-02 -8.9494E-03
  6.5245E-03 -1.3461E-02 -7.7653E-03
  8.4116E-03 -1.3721E-02 -6.3885E-03
  4.9899E-03 -1.5148E-02 -8.2079E-03
  5.9234E-03 -6.5710E-03 -1.0631E-02
  6.7685E-03 -5.0978E-03 -1.0581E-02
  6.4910E-03 -6.4832E-03 -1.0276E-02
  8.1897E-03 -4.6053E-03 -9.7895E-03
  8.5598E-03 -5.0819E-03 -9.3677E-03
  1.0037E-02 -3.0329E-03 -9.0934E-03
  9.1683E-03 -2.4273E-03 -9.9001E-03
  9.7271E-03 -3.4357E-03 -9.1603E-03
  7.9266E-03 -9.5342E-04 -1.1270E-02
  7.6546E-03 -2.0852E-03 -1.1052E-02
  9.0044E-03 -3.4696E-04 -1.0753E-02
  5.6794E-03 -1.9076E-03 -1.2459E-02
  4.9251E-03  3.3927E-04 -1.3774E-02
  2.7159E-03  4.7349E-05 -1.5173E-02
  1.9104E-03  2.3981E-03 -1.6559E-02
  2.8251E-03 -7.2600E-04 -1.4823E-02
  4.8785E-03  1.0577E-03 -1.4061E-02
  5.6892E-03  3.1124E-03 -1.4242E-02
  4.0538E-03 -6.6207E-04 -1.4010E-02
  3.9022E-03 -1.8063E-04 -1.4284E-02
  2.7402E-03 -2.4233E-03 -1.4275E-02
  5.3574E-04 -3.1895E-03 -1.5502E-02
  2.6169E-03 -1.8843E-03 -1.4551E-02
  6.0655E-03  7.1217E-04 -1.3131E-02
  6.4346E-03  2.6529E-03 -1.3571E-02
  7.5087E-03 -6.5690E-04 -1.1661E-02
  9.6236E-03  6.2208E-05 -1.0478E-02
  1.0919E-02 -1.8826E-03 -8.9032E-03
  1.0203E-02 -4.0479E-03 -8.6185E-03
  1.2075E-02 -5.1553E-03 -6.9500E-03
  1.1608E-02 -6.6867E-03 -6.7217E-03
  1.1038E-02 -9.0631E-03 -6.2621E-03
  1.0640E-02 -1.0320E-02 -6.0847E-03
  1.0857E-02 -1.0178E-02 -5.9875E-03
  1.0795E-02  2.5171E-03 -1.0556E-02
  1.2075E-02  3.8064E-03 -1.0145E-02
  1.0328E-02  3.1826E-03 -1.1111E-02
  1.1306E-02  5.4957E-03 -1.1270E-02
  1.0880E-02  5.5045E-03 -1.1563E-02
  1.2830E-02  5.7854E-03 -1.0336E-02
  1.2156E-02  4.9831E-03 -1.0509E-02
  1.0174E-02  5.9445E-03 -1.2201E-02
  8.9846E-03  4.5087E-03 -1.2498E-02
  1.0398E-02  7.5036E-03 -1.2604E-02
  1.1571E-02  9.3739E-03 -1.2473E-02
  8.3168E-03  7.1346E-03 -1.3888E-02
  7.3364E-03  8.9323E-03 -1.5197E-02
  4.9665E-03  8.0268E-03 -1.6486E-02
  3.6980E-03  8.3642E-03 -1.7470E-02
  1.4708E-03  8.7217E-03 -1.9113E-02
  2.0319E-04  6.5593E-03 -1.9204E-02
 -1.1779E-03  4.9412E-03 -1.9567E-02
 -2.2505E-03  3.0242E-03 -1.9613E-02
 -1.5056E-03  5.2535E-03 -1.9901E-02
  8.2618E-03  9.5009E-03 -1.4770E-02
  8.6769E-03  1.1590E-02 -1.5232E-02
  8.5755E-03  7.6325E-03 -1.3890E-02
  9.4032E-03  7.9730E-03 -1.3448E-02
  9.1096E-03  5.5870E-03 -1.2797E-02
  6.8388E-03  4.3870E-03 -1.3915E-02
  5.9504E-03  5.8758E-03 -1.5050E-02
  6.8437E-03  1.7999E-03 -1.2989E-02
  1.1665E-02  9.2908E-03 -1.2379E-02
  1.2193E-02  1.0741E-02 -1.2537E-02
  1.3033E-02  8.8190E-03 -1.1280E-02
  1.5245E-02  1.0108E-02 -1.0234E-02
  1.6698E-02  9.1304E-03 -8.8970E-03
  1.8926E-02  1.0650E-02 -7.9229E-03
  1.5837E-02  9.1932E-03 -9.5053E-03
  1.5282E-02  1.2776E-02 -1.1161E-02
  1.6248E-02  1.4381E-02 -1.1075E-02
  1.4069E-02  1.3174E-02 -1.2128E-02
  1.3828E-02  1.5538E-02 -1.3134E-02
  1.2167E-02  1.5151E-02 -1.4127E-02
  1.2468E-02  1.7008E-02 -1.4584E-02
  1.0925E-02  1.8717E-02 -1.6243E-02
  1.1620E-02  2.0932E-02 -1.6560E-02
  9.0182E-03  1.7834E-02 -1.7226E-02
  1.3126E-02  1.6957E-02 -1.4118E-02
  1.3916E-02  1.9124E-02 -1.4353E-02
  1.1013E-02  1.1279E-02 -7.8193E-03
  9.8267E-03  1.0121E-02 -6.8608E-03
  1.0014E-02  1.0367E-02 -6.6126E-03
  8.7659E-03  9.0965E-03 -5.9378E-03
  8.0720E-03  8.1286E-03 -7.2377E-03
  6.8757E-03  6.9014E-03 -6.6541E-03
  6.3614E-03  6.6342E-03 -4.7377E-03
  5.1582E-03  5.3947E-03 -4.1845E-03
  7.0423E-03  7.5896E-03 -3.4261E-03
  8.2433E-03  8.8187E-03 -4.0311E-03
  8.6789E-03  8.6802E-03 -7.9881E-03
  7.6220E-03  7.6403E-03 -7.1889E-03
  8.8879E-03  8.6185E-03 -9.8560E-03
  7.8577E-03  7.2937E-03 -1.1068E-02
  8.2265E-03  7.3988E-03 -1.2996E-02
  8.1131E-03  7.2837E-03 -1.2932E-02
  9.0296E-03  8.2680E-03 -1.3097E-02
  8.3835E-03  7.5950E-03 -1.2847E-02
  7.1169E-03  6.2461E-03 -1.2547E-02
  6.9298E-03  6.0326E-03 -1.2594E-02
  7.4171E-03  6.7649E-03 -1.1344E-02
  6.2495E-03  5.4655E-03 -1.1425E-02
  8.3178E-03  7.7247E-03 -1.1555E-02
  7.9068E-03  7.2354E-03 -1.1788E-02
  9.0915E-03  8.4688E-03 -1.2250E-02
  9.9691E-03  9.6887E-03 -1.0632E-02
  1.1142E-02  1.0908E-02 -1.1098E-02
  1.1768E-02  1.1323E-02 -1.2863E-02
  1.1489E-02  1.1485E-02 -9.8585E-03
  7.0725E-03  6.6053E-03 -9.9366E-03
  6.1480E-03  5.5804E-03 -9.9752E-03
  7.3910E-03  7.2083E-03 -8.3240E-03
  6.7446E-03  6.7933E-03 -6.4216E-03
  7.7199E-03  8.0932E-03 -4.9819E-03
  7.2731E-03  7.9249E-03 -2.9080E-03
  8.6763E-03  9.6769E-03 -1.5925E-03
  8.3266E-03  9.5047E-03 -2.2919E-04
  5.4320E-03  5.4318E-03 -5.8772E-03
  4.4810E-03  4.5115E-03 -5.0603E-03
  5.3477E-03  5.2474E-03 -6.4623E-03
  4.1666E-03  4.0222E-03 -5.9735E-03
  4.5080E-03  4.4769E-03 -5.4722E-03
  3.3785E-03  3.4187E-03 -4.2786E-03
  5.5753E-03  5.8296E-03 -4.3428E-03
  3.1889E-03  2.7191E-03 -7.4172E-03
  2.0590E-03  1.5502E-03 -6.9292E-03
  3.5901E-03  2.8856E-03 -9.1807E-03
  2.7006E-03  1.6773E-03 -1.0639E-02
  3.4073E-03  2.1547E-03 -1.2568E-02
  1.4273E-03  3.6998E-04 -1.0026E-02
  3.6260E-04 -8.1916E-04 -1.0127E-02
  1.5108E-03  5.6478E-04 -9.3682E-03
  2.6497E-03  1.8173E-03 -9.3850E-03
  2.0941E-03  1.3863E-03 -8.2254E-03
  7.2994E-04 -1.9003E-04 -8.6919E-03
  2.8677E-04 -6.9247E-04 -8.7816E-03
 -5.0102E-04 -1.2684E-03 -6.9121E-03
 -1.6829E-03 -2.5210E-03 -6.5926E-03
  1.3658E-04 -3.7948E-04 -5.7204E-03
 -5.2889E-04 -8.3382E-04 -3.9352E-03
  4.6285E-04  4.5839E-04 -2.6604E-03
 -1.6230E-04  6.2137E-05 -7.8791E-04
  9.3271E-04  1.4363E-03  2.8319E-04
 -1.0499E-03 -7.3703E-04  3.5732E-04
 -1.3887E-03 -1.8534E-03 -4.3963E-03
 -2.4846E-03 -2.9259E-03 -3.5311E-03
 -8.7428E-04 -1.5043E-03 -5.7892E-03
 -1.6003E-03 -2.4021E-03 -6.4146E-03
 -7.9641E-04 -1.7703E-03 -8.0400E-03
 -1.5772E-03 -2.7341E-03 -8.7013E-03
  4.7127E-04 -2.6946E-04 -7.3763E-03
  2.6174E-04 -2.2010E-04 -5.5832E-03
 -2.7851E-03 -3.8314E-03 -7.2050E-03
 -3.8795E-03 -4.9732E-03 -6.7937E-03
 -2.5497E-03 -3.7499E-03 -8.3430E-03
 -3.5849E-03 -5.0277E-03 -9.2200E-03
 -4.5764E-03 -5.8847E-03 -7.7115E-03
 -5.7401E-03 -7.1985E-03 -7.9122E-03
 -5.0375E-03 -2.1550E-03 -4.1542E-03
 -5.1088E-03 -4.0230E-03 -2.9248E-03
 -4.0073E-03 -4.6649E-03 -1.7478E-03
 -3.7401E-03 -6.4877E-03 -3.2248E-04
 -5.0006E-03 -8.1019E-03 -6.3690E-05
 -4.7580E-03 -9.7920E-03  1.2544E-03
 -3.2375E-03 -9.8640E-03  2.3227E-03
 -2.9878E-03 -1.1546E-02  3.6396E-03
 -1.9636E-03 -8.2647E-03  2.0830E-03
 -2.2150E-03 -6.6005E-03  7.7676E-04
 -4.2369E-03 -4.0480E-03 -2.3234E-03
 -5.0557E-03 -5.1488E-03 -2.1196E-03
 -2.5682E-03 -2.8442E-03 -2.0280E-03
 -1.6169E-03 -2.7745E-03 -1.4381E-03
  3.9950E-04 -1.6151E-03 -8.7936E-04
  1.5718E-03 -2.6749E-03  6.3091E-04
  2.6734E-03 -2.0201E-03  9.2152E-04
  3.7002E-03 -3.0573E-03  2.3188E-03
  3.6066E-03 -4.7759E-03  3.4311E-03
  4.5617E-03 -5.8188E-03  4.7841E-03
  2.5273E-03 -5.4474E-03  3.1667E-03
  1.5189E-03 -4.3862E-03  1.7654E-03
 -2.5574E-03 -2.2291E-03 -2.4413E-03
 -2.2344E-03 -2.6939E-03 -1.9071E-03
 -3.6755E-03 -1.2231E-03 -3.8785E-03
 -4.6647E-03 -7.7870E-04 -4.8453E-03
 -5.4647E-03  7.5450E-04 -6.4296E-03
 -4.0442E-03  2.3658E-03 -6.5792E-03
 -6.2375E-03 -2.4775E-03 -4.7379E-03
 -6.5929E-03 -2.8426E-03 -4.7265E-03
 -7.1880E-03 -3.5183E-03 -4.6634E-03
 -8.7086E-03 -5.1799E-03 -4.5465E-03
 -9.7727E-03 -6.0608E-03 -4.6575E-03
 -1.1647E-02 -5.7076E-03 -6.1548E-03
 -1.2900E-02 -6.9532E-03 -6.1435E-03
 -1.4668E-02 -6.4559E-03 -7.6681E-03
 -1.5770E-02 -7.4398E-03 -7.7338E-03
 -7.9623E-03 -6.5122E-03 -3.1355E-03
 -8.8346E-03 -7.4535E-03 -3.0766E-03
 -6.3132E-03 -6.5531E-03 -2.0023E-03
 -5.4135E-03 -7.7468E-03 -5.8317E-04
 -3.6716E-03 -7.6694E-03  5.3136E-04
 -4.0315E-03 -8.7722E-03  1.0441E-03
 -4.8626E-03 -1.0777E-02  1.8577E-03
 -6.3606E-03 -1.1623E-02  1.4319E-03
 -4.0465E-03 -1.1505E-02  2.9025E-03
 -4.9130E-03 -7.0957E-03 -6.9285E-04
 -5.1775E-03 -8.1933E-03 -1.1975E-04
 -4.1959E-03 -5.2996E-03 -1.4402E-03
 -3.6578E-03 -4.4857E-03 -1.6361E-03
 -2.8395E-03 -2.4191E-03 -2.5005E-03
 -5.3121E-03 -4.9928E-03 -2.3981E-03
 -5.1763E-03 -5.5510E-03 -1.9255E-03
 -6.8765E-03 -4.8222E-03 -3.5632E-03
 -8.6259E-03 -5.2847E-03 -4.4194E-03
 -1.0099E-02 -4.6764E-03 -5.8227E-03
 -9.8393E-03 -2.5771E-03 -7.0838E-03
 -1.1033E-02 -1.9111E-03 -8.3390E-03
 -1.0346E-02 -3.6084E-04 -8.9389E-03
 -1.2646E-02 -2.9138E-03 -8.7343E-03
 -9.3360E-03 -7.3479E-03 -3.4848E-03
 -1.0243E-02 -7.9454E-03 -3.6844E-03
 -8.8797E-03 -8.4249E-03 -2.4426E-03
 -9.4380E-03 -1.0390E-02 -1.4734E-03
 -9.3184E-03 -1.1315E-02 -7.6046E-04
 -8.2000E-03 -1.0873E-02 -3.1314E-04
 -8.5444E-03 -1.2453E-02  5.3583E-04
 -6.7223E-03 -9.5222E-03 -2.4659E-04
 -5.4495E-03 -9.8310E-03  8.1764E-04
 -3.9922E-03 -1.0599E-02  2.3194E-03
 -2.9713E-03 -1.1104E-02  3.3491E-03
 -3.8464E-03 -1.0618E-02  2.4299E-03
 -2.5147E-03 -1.1338E-02  3.8148E-03
 -3.2196E-03 -1.2042E-02  3.8234E-03
 -4.7478E-03 -1.3891E-02  4.0633E-03
 -6.2482E-03 -1.4004E-02  3.1351E-03
 -4.5694E-03 -1.5200E-02  5.0782E-03
 -5.4331E-04 -1.0001E-02  4.2220E-03
  7.6348E-04 -1.0559E-02  5.4795E-03
  1.2182E-02 -3.2151E-03 -8.5436E-04
  1.1755E-02 -2.3163E-03  6.3901E-05
  1.1150E-02 -1.2299E-03 -5.3679E-04
  1.0921E-02 -8.9223E-04 -1.5297E-03
  1.0745E-02 -3.7073E-04  3.9237E-04
  1.1738E-02 -2.2412E-03  5.0117E-04
  1.2047E-02 -2.8699E-03  4.2240E-05
  1.1419E-02 -1.5438E-03  1.4457E-03
  1.1357E-02 -1.3804E-03  1.9221E-03
  1.1563E-02 -1.6321E-03  3.3177E-03
  1.2220E-02 -2.8456E-03  3.6458E-03
  1.2400E-02 -3.1529E-03  3.9819E-03
  1.2420E-02 -3.0528E-03  5.3940E-03
  1.2568E-02 -3.2958E-03  5.7689E-03
  1.0713E-02 -1.8127E-04  1.7130E-03
  1.0335E-02  5.6185E-04  1.9859E-03
  1.0585E-02  1.0482E-05  1.1956E-03
  9.9836E-03  1.1262E-03  9.6009E-04
  9.8647E-03  1.2148E-03 -4.3132E-04
  9.3180E-03  2.2208E-03 -7.2780E-04
  9.3511E-03  2.1428E-03 -8.8591E-04
  8.8542E-03  3.0655E-03 -1.0694E-03
  8.3137E-03  4.0856E-03 -1.1031E-03
  7.8395E-03  4.9667E-03 -1.2751E-03
  8.2593E-03  4.2030E-03 -9.5624E-04
  8.7664E-03  3.2610E-03 -7.7176E-04
  9.8933E-03  1.3779E-03  1.7833E-03
  1.0291E-02  6.4640E-04  1.9937E-03
  9.3880E-03  2.3837E-03  2.2829E-03
  9.2868E-03  2.6517E-03  3.0614E-03
  9.5066E-03  2.3696E-03  4.4266E-03
  8.6469E-03  3.8532E-03  2.9590E-03
  8.2775E-03  4.5434E-03  2.8645E-03
  8.5170E-03  4.0955E-03  2.9206E-03
  7.9124E-03  5.2318E-03  2.8350E-03
  7.8262E-03  5.3046E-03  1.9131E-03
  7.2116E-03  6.4595E-03  1.8229E-03
  6.9214E-03  6.8778E-03  4.8586E-04
  7.2489E-03  6.1713E-03 -3.9411E-04
  7.7358E-03  5.1951E-03 -9.4832E-04
  7.7741E-03  5.6210E-03  4.1330E-03
  8.1049E-03  5.0555E-03  4.7536E-03
  7.2726E-03  6.6077E-03  4.5116E-03
  7.0952E-03  7.0652E-03  5.7523E-03
  6.9760E-03  7.3559E-03  6.4130E-03
  7.5473E-03  6.3227E-03  6.9074E-03
  6.5857E-03  8.1966E-03  7.4514E-03
  6.5531E-03  8.0848E-03  5.6815E-03
  6.1160E-03  8.8466E-03  5.0105E-03
  6.5785E-03  8.1033E-03  6.3606E-03
  6.0724E-03  9.0599E-03  6.3424E-03
  6.2499E-03  8.7723E-03  6.8382E-03
  5.7478E-03  9.7058E-03  6.6631E-03
  5.7564E-03  9.7607E-03  7.3878E-03
  5.3522E-03  1.0370E-02  5.7953E-03
  5.6484E-03  9.9420E-03  7.1509E-03
  5.7561E-03  9.8479E-03  8.2710E-03
  5.1833E-03  1.0765E-02  6.5634E-03
  4.7517E-03  1.1649E-02  7.2493E-03
  4.3255E-03  1.2507E-02  7.7673E-03
  3.9085E-03  1.3349E-02  8.2989E-03
  4.4219E-03  1.2308E-02  7.5962E-03
  4.0429E-03  1.3070E-02  8.0534E-03
  3.9976E-03  1.3068E-02  7.1611E-03
  3.8202E-03  1.3273E-02  5.8236E-03
  4.5545E-03  1.2018E-02  7.2060E-03
  4.2720E-03  1.2764E-02  9.3563E-03
  4.0725E-03  1.3185E-02  9.7904E-03
  4.7189E-03  1.1975E-02  9.9382E-03
  4.9682E-03  1.1625E-02  1.1181E-02
  5.6223E-03  1.0401E-02  1.1322E-02
  5.9640E-03  9.6958E-03  1.0734E-02
  6.5839E-03  8.5578E-03  1.1098E-02
  6.9913E-03  7.7306E-03  1.0529E-02
  7.5931E-03  6.6438E-03  1.1065E-02
  4.7286E-03  1.2176E-02  1.2175E-02
  4.4668E-03  1.2646E-02  1.1906E-02
 -8.5385E-04  1.0013E-02  3.7418E-02
  4.2681E-04  8.7520E-03  4.0394E-02
  7.4826E-04  8.0946E-03  4.2825E-02
 -2.3151E-03  9.7463E-03  4.2447E-02
 -2.8935E-03  1.0827E-02  3.8575E-02
 -1.8306E-03  1.0698E-02  3.6515E-02
  9.9994E-04  9.3721E-03  3.5873E-02
 -4.1025E-03  1.2068E-02  3.5515E-02
 -3.4483E-03  1.2132E-02  3.3539E-02
 -6.5111E-03  1.3750E-02  3.3323E-02
 -8.5797E-03  1.5299E-02  3.0925E-02
 -5.8326E-03  1.3668E-02  3.2007E-02
 -9.1083E-04  1.0515E-02  3.5080E-02
  1.1978E-03  9.8146E-03  3.3184E-02
 -1.0052E-03  9.8637E-03  3.8538E-02
  1.2984E-03  8.3111E-03  4.0357E-02
  2.2633E-04  8.0906E-03  4.4171E-02
  4.5326E-03  6.7470E-03  3.9869E-02
  6.9505E-03  5.4565E-03  4.0103E-02
  4.6283E-03  6.8079E-03  3.9325E-02
  7.6830E-03  5.3460E-03  3.8787E-02
  7.5459E-03  5.2315E-03  3.9702E-02
  1.0737E-02  3.4142E-03  4.0573E-02
  1.0561E-02  3.1528E-03  4.2312E-02
  1.2983E-02  1.9653E-03  4.2027E-02
  8.0322E-03  4.1174E-03  4.3971E-02
  8.9931E-03  5.4236E-03  3.5076E-02
  1.1728E-02  4.1467E-03  3.4438E-02
  7.0082E-03  6.9387E-03  3.2632E-02
  8.0421E-03  7.1523E-03  2.8950E-02
  5.3263E-03  9.0059E-03  2.6691E-02
  3.9089E-03  9.6485E-03  2.7117E-02
  6.5105E-03  9.1558E-03  2.2941E-02
  9.4096E-03  6.5618E-03  2.8393E-02
  1.1970E-02  5.5955E-03  2.6663E-02
  7.6856E-03  7.1383E-03  2.9925E-02
  8.6596E-03  6.6752E-03  2.9739E-02
  6.2004E-03  7.5030E-03  3.1896E-02
  6.5664E-03  7.3846E-03  3.1551E-02
  7.4441E-03  6.2447E-03  3.4954E-02
  5.0702E-03  7.1678E-03  3.6424E-02
  5.5866E-03  6.8196E-03  3.6833E-02
  3.2797E-03  7.7292E-03  3.8199E-02
  8.4040E-03  5.5639E-03  3.5879E-02
  1.1909E-02  4.7258E-03  3.1115E-02
  1.4030E-02  3.9538E-03  2.9542E-02
  1.2350E-02  3.9187E-03  3.3983E-02
  1.5365E-02  2.0644E-03  3.5486E-02
  1.5188E-02  1.4962E-03  3.8743E-02
  1.7867E-02  1.3126E-03  3.2843E-02
  2.0370E-02  1.4810E-04  3.2238E-02
  1.7181E-02  1.9900E-03  3.1238E-02
  1.9422E-02  1.3663E-03  2.8627E-02
  1.8120E-02  2.3225E-03  2.7210E-02
  1.8344E-02  1.7210E-03  2.9613E-02
  1.6603E-02  2.7078E-03  2.9160E-02
  2.0255E-02  2.7485E-04  3.1903E-02
  2.0302E-02  1.5249E-03  2.5607E-02
  2.3090E-02  3.2736E-04  2.4443E-02
  1.7946E-02  2.9937E-03  2.4335E-02
  1.8505E-02  3.2874E-03  2.1465E-02
  1.5422E-02  5.0576E-03  2.0551E-02
  1.3831E-02  6.2936E-03  1.8484E-02
  1.6215E-02  5.6404E-03  1.5655E-02
  1.1125E-02  8.0065E-03  1.6895E-02
  2.0801E-02  1.9796E-03  2.2093E-02
  2.2669E-02  1.4970E-03  1.9731E-02
  2.0664E-02  1.4071E-03  2.5271E-02
  2.2806E-02  1.3819E-04  2.6097E-02
  2.1772E-02 -4.4549E-05  2.9627E-02
  1.8769E-02  1.5000E-03  2.9626E-02
  1.8260E-02  1.1351E-03  3.2723E-02
  1.6262E-02  1.6706E-03  3.5152E-02
  1.9831E-02  3.3116E-04  3.2703E-02
  2.6160E-02 -1.5681E-03  2.6007E-02
  2.8403E-02 -2.5185E-03  2.5004E-02
  2.2995E-02  4.3005E-03  2.7125E-02
  2.6613E-02  4.1674E-03  2.8188E-02
  2.6451E-02  3.4540E-03  3.1968E-02
  2.6323E-02  2.8613E-03  3.5109E-02
  2.3314E-02  2.2768E-03  3.7925E-02
  2.3676E-02  1.9682E-03  3.9602E-02
  2.0480E-02  1.4585E-03  4.2001E-02
  2.8145E-02  4.7088E-03  2.5457E-02
  3.1264E-02  4.7058E-03  2.5779E-02
  2.5908E-02  5.1652E-03  2.2810E-02
  2.7045E-02  5.7109E-03  2.0018E-02
  2.3935E-02  5.8095E-03  1.9188E-02
  2.4505E-02  6.5117E-03  1.5508E-02
  2.3715E-02  5.2459E-03  2.2166E-02
  2.0566E-02  5.2821E-03  2.1664E-02
  2.7920E-02  6.3827E-03  1.6529E-02
  3.0598E-02  6.7706E-03  1.4727E-02
  2.5726E-02  6.4978E-03  1.5702E-02
  2.6045E-02  7.1309E-03  1.2364E-02
  2.2196E-02  7.3149E-03  1.1008E-02
  1.9887E-02  7.3517E-03  1.0586E-02
  2.1444E-02  7.9467E-03  7.5728E-03
  1.5914E-02  7.3965E-03  9.9585E-03
  2.8321E-02  7.1638E-03  1.2412E-02
  3.0388E-02  7.6824E-03  9.8548E-03
  2.7841E-02  6.6234E-03  1.5240E-02
  2.9781E-02  6.6116E-03  1.5493E-02
  2.7863E-02  7.0401E-03  1.3025E-02
  2.9077E-02  7.6532E-03  9.8819E-03
  2.5042E-02  6.7709E-03  1.4181E-02
