 -6.4140E-03  4.0503E-03  8.7616E-03
 -6.2084E-03  4.0422E-03  8.3677E-03
 -6.1447E-03  4.0217E-03  8.2067E-03
 -5.9443E-03  4.0045E-03  7.8029E-03
 -6.0971E-03  3.7300E-03  7.4887E-03
 -6.2543E-03  3.4896E-03  7.2565E-03
 -5.9010E-03  4.3096E-03  8.3835E-03
 -5.7518E-03  4.5360E-03  8.6001E-03
 -5.8215E-03  4.2822E-03  8.1786E-03
 -5.5309E-03  4.5235E-03  8.1686E-03
 -5.6077E-03  4.5279E-03  8.3185E-03
 -5.7117E-03  4.6325E-03  8.7353E-03
 -5.8746E-03  4.5514E-03  8.8580E-03
 -5.9533E-03  4.6735E-03  9.2663E-03
 -5.9592E-03  4.7542E-03  9.4517E-03
 -6.0320E-03  4.8661E-03  9.8271E-03
 -5.8912E-03  4.7251E-03  9.2640E-03
 -5.3299E-03  4.5054E-03  7.7615E-03
 -5.4240E-03  4.3125E-03  7.5165E-03
 -5.0498E-03  4.7116E-03  7.6947E-03
 -4.8432E-03  4.7132E-03  7.3199E-03
 -4.8313E-03  4.6699E-03  7.2046E-03
 -4.5875E-03  4.7080E-03  6.8407E-03
 -5.1578E-03  4.3835E-03  7.1827E-03
 -5.1922E-03  4.3671E-03  7.2102E-03
 -4.5100E-03  4.9873E-03  7.3029E-03
 -4.3992E-03  5.2059E-03  7.5729E-03
 -4.3668E-03  4.9679E-03  6.9989E-03
 -4.0401E-03  5.2101E-03  6.9246E-03
 -4.0161E-03  5.1767E-03  6.8084E-03
 -4.1504E-03  5.2238E-03  7.1561E-03
 -4.1652E-03  5.1694E-03  7.0658E-03
 -3.6734E-03  5.3799E-03  6.6207E-03
 -3.8739E-03  5.1922E-03  6.5818E-03
 -3.9908E-03  4.9683E-03  6.3114E-03
 -3.6194E-03  5.4185E-03  6.6055E-03
 -3.4429E-03  5.4276E-03  6.3020E-03
 -3.3952E-03  5.5457E-03  6.4701E-03
 -3.2854E-03  5.5190E-03  6.2114E-03
 -3.2746E-03  5.6369E-03  6.4467E-03
 -3.5054E-03  5.2185E-03  5.9640E-03
 -3.1218E-03  5.6113E-03  6.1116E-03
 -2.9257E-03  5.8600E-03  6.2905E-03
 -3.0716E-03  5.4882E-03  5.7533E-03
 -2.7702E-03  5.6433E-03  5.5371E-03
 -2.8310E-03  5.4894E-03  5.3155E-03
 -3.0345E-03  5.4029E-03  5.5009E-03
 -2.9059E-03  5.6466E-03  5.7925E-03
 -3.0398E-03  5.2577E-03  5.1964E-03
 -2.5661E-03  5.6840E-03  5.2517E-03
 -2.6890E-03  5.5123E-03  5.1052E-03
 -2.2547E-03  5.9062E-03  5.1620E-03
 -2.0498E-03  5.9563E-03  4.8954E-03
 -1.7025E-03  6.2295E-03  4.8505E-03
 -1.6021E-03  6.4390E-03  5.1200E-03
 -1.5146E-03  6.2282E-03  4.5037E-03
 -1.1746E-03  6.4748E-03  4.4148E-03
 -1.0247E-03  6.4022E-03  3.9835E-03
 -1.0171E-03  6.6979E-03  4.6090E-03
 -1.1483E-03  6.6382E-03  4.7201E-03
 -7.5038E-04  6.9616E-03  4.6913E-03
 -5.8298E-04  7.1872E-03  4.8728E-03
 -3.0901E-04  7.4507E-03  4.9412E-03
 -2.7998E-04  7.3512E-03  4.6729E-03
 -6.2019E-04  7.0730E-03  4.6938E-03
 -4.5615E-04  7.1656E-03  4.5938E-03
 -2.8555E-04  7.1604E-03  4.2703E-03
 -5.5346E-04  7.1386E-03  4.7136E-03
 -4.4944E-04  7.1158E-03  4.4738E-03
 -7.0445E-04  6.8242E-03  4.3099E-03
 -6.6920E-04  6.7901E-03  4.1716E-03
 -2.7815E-03  7.1967E-04  1.5913E-03
 -2.9025E-03 -8.1621E-06  1.6947E-03
 -2.7835E-03 -5.1807E-04  1.3738E-03
 -3.2800E-03 -1.7788E-04  2.3932E-03
 -3.4036E-03 -7.1606E-04  2.5355E-03
 -3.4621E-03  2.7007E-04  2.8247E-03
 -3.8229E-03  1.5066E-04  3.4999E-03
 -4.0077E-03 -4.5936E-04  3.7476E-03
 -4.2219E-03 -8.9491E-04  4.0831E-03
 -3.9345E-03 -4.9382E-04  3.6001E-03
 -4.1051E-03 -1.0639E-03  3.8274E-03
 -3.9129E-03 -1.1352E-03  3.4437E-03
 -3.8282E-03 -4.5164E-04  3.4025E-03
 -3.6823E-03 -5.6781E-04  3.1000E-03
 -3.7088E-03  5.3923E-05  3.2624E-03
 -3.4548E-03  6.9318E-04  2.8864E-03
 -4.4511E-03 -9.1547E-04  4.5219E-03
 -4.6751E-03 -1.3954E-03  4.8686E-03
 -4.4918E-03 -2.4369E-04  4.7207E-03
 -4.8101E-03 -2.3774E-05  5.3745E-03
 -5.0763E-03 -3.7964E-04  5.8246E-03
 -5.3686E-03 -4.8303E-04  6.3704E-03
 -4.9752E-03 -6.0694E-04  5.5889E-03
 -5.2089E-03 -9.5269E-04  5.9782E-03
 -5.0240E-03 -1.1700E-03  5.5823E-03
 -4.7821E-03 -5.3378E-04  5.2291E-03
 -4.8482E-03 -1.7490E-03  5.1395E-03
 -5.4430E-03 -1.6057E-03  6.3134E-03
 -5.7261E-03 -1.7685E-03  6.8308E-03
 -5.3306E-03 -1.9591E-03  6.0332E-03
 -5.5321E-03 -2.5914E-03  6.3092E-03
 -5.3159E-03 -3.1734E-03  5.7877E-03
 -5.4601E-03 -3.8734E-03  5.9409E-03
 -5.5174E-03 -3.8220E-03  6.0607E-03
 -5.8305E-03 -3.9668E-03  6.6393E-03
 -5.2843E-03 -3.6860E-03  5.6350E-03
 -5.7055E-03 -2.4842E-03  6.6629E-03
 -5.8959E-03 -2.9678E-03  6.9440E-03
 -5.6607E-03 -1.8332E-03  6.6929E-03
 -5.8049E-03 -1.6638E-03  7.0015E-03
 -5.6685E-03 -9.1981E-04  6.8713E-03
 -6.1799E-03 -1.7756E-03  7.7055E-03
 -6.3306E-03 -2.1220E-03  7.9345E-03
 -6.3352E-03 -1.4779E-03  8.0586E-03
 -6.6996E-03 -1.5781E-03  8.7441E-03
 -6.8252E-03 -1.2556E-03  9.0442E-03
 -6.9265E-03 -5.3299E-04  9.3690E-03
 -7.1255E-03 -3.3310E-04  9.7888E-03
 -7.0428E-03  3.2432E-04  9.7468E-03
 -7.3515E-03 -7.6707E-04  1.0148E-02
 -6.8436E-03 -2.3566E-03  8.8828E-03
 -7.0949E-03 -2.5677E-03  9.3302E-03
 -6.6859E-03 -2.7849E-03  8.5018E-03
 -6.8062E-03 -3.5474E-03  8.5977E-03
 -6.5902E-03 -3.9130E-03  8.1153E-03
 -6.6184E-03 -4.7059E-03  8.0281E-03
 -6.3501E-03 -5.0002E-03  7.4576E-03
 -6.3770E-03 -5.7243E-03  7.3800E-03
 -6.6746E-03 -6.1634E-03  7.8759E-03
 -6.9461E-03 -5.8787E-03  8.4509E-03
 -6.9160E-03 -5.1537E-03  8.5224E-03
 -6.8122E-03 -3.8674E-03  8.5521E-03
 -7.0635E-03 -4.2281E-03  8.9727E-03
 -6.5341E-03 -3.7137E-03  8.0427E-03
 -6.5004E-03 -3.9726E-03  7.9313E-03
 -6.1488E-03 -3.7280E-03  7.2964E-03
 -6.1100E-03 -3.9449E-03  7.1827E-03
 -5.9129E-03 -4.0756E-03  6.7788E-03
 -5.5637E-03 -3.7787E-03  6.1578E-03
 -6.7600E-03 -3.7451E-03  8.4731E-03
 -6.9298E-03 -4.1879E-03  8.7218E-03
  7.1971E-05 -3.8786E-03  6.9574E-03
  8.1585E-05 -3.8919E-03  7.0300E-03
  3.7132E-04 -4.0942E-03  7.1105E-03
  4.6782E-04 -4.1887E-03  7.4287E-03
  8.4442E-04 -4.4438E-03  7.4478E-03
  8.8928E-04 -4.4903E-03  7.6231E-03
 -7.3350E-06 -3.8043E-03  6.7319E-03
 -1.8846E-04 -3.6851E-03  6.7597E-03
  1.0977E-04 -3.8562E-03  6.4433E-03
  5.0415E-05 -3.7879E-03  6.1388E-03
  2.4571E-04 -3.8934E-03  5.8613E-03
  2.0864E-04 -3.8376E-03  5.5308E-03
  4.8023E-04 -4.0036E-03  5.3520E-03
  4.7612E-04 -3.9813E-03  5.1426E-03
  6.9657E-04 -4.1555E-03  5.4210E-03
 -2.4584E-04 -3.5797E-03  6.0421E-03
 -3.5454E-04 -3.4919E-03  5.8852E-03
 -3.8081E-04 -3.4977E-03  6.1370E-03
 -6.6313E-04 -3.2993E-03  6.0448E-03
 -7.2657E-04 -3.2546E-03  6.0234E-03
 -9.4203E-04 -3.0869E-03  5.7781E-03
 -8.4571E-04 -3.1191E-03  5.4282E-03
 -1.0606E-03 -2.9513E-03  5.1779E-03
 -1.3228E-03 -2.7818E-03  5.2508E-03
 -8.7464E-04 -3.1792E-03  6.2820E-03
 -1.0822E-03 -3.0300E-03  6.1786E-03
 -8.1625E-04 -3.2480E-03  6.5990E-03
 -1.0039E-03 -3.1452E-03  6.8500E-03
 -1.0728E-03 -3.1244E-03  7.1238E-03
 -1.1702E-03 -3.0451E-03  6.9763E-03
 -9.8188E-04 -3.1628E-03  6.8800E-03
 -1.0586E-03 -3.0938E-03  6.6927E-03
 -1.3282E-03 -2.9039E-03  6.6006E-03
 -1.3932E-03 -2.8409E-03  6.3937E-03
 -1.5233E-03 -2.7819E-03  6.6998E-03
 -1.4430E-03 -2.8534E-03  6.8874E-03
 -9.0979E-04 -3.2221E-03  6.9962E-03
 -1.0716E-03 -3.1288E-03  7.1637E-03
 -6.5169E-04 -3.3895E-03  6.9307E-03
 -5.5771E-04 -3.4653E-03  7.0656E-03
 -5.5154E-04 -3.5039E-03  7.4355E-03
 -6.5655E-04 -3.4495E-03  7.6097E-03
 -4.1397E-04 -3.6074E-03  7.5531E-03
 -3.8747E-04 -3.6580E-03  7.9057E-03
 -5.7533E-04 -3.5439E-03  8.0362E-03
 -8.7009E-04 -3.3370E-03  7.9435E-03
 -4.7769E-04 -3.5957E-03  7.8874E-03
 -6.8264E-04 -3.4618E-03  7.9295E-03
 -8.7274E-05 -3.8641E-03  7.9507E-03
  5.8248E-05 -3.9406E-03  7.7215E-03
  1.2850E-05 -3.9587E-03  8.2433E-03
 -1.1714E-04 -3.8948E-03  8.4959E-03
  9.4719E-05 -4.0616E-03  8.7570E-03
  3.5936E-04 -4.2207E-03  8.5546E-03
  2.9793E-04 -4.1570E-03  8.3146E-03
  3.4016E-04 -4.2005E-03  8.4760E-03
  1.4929E-04 -4.0856E-03  8.6211E-03
  5.9798E-04 -4.3732E-03  8.4688E-03
  6.7672E-04 -4.4403E-03  8.6209E-03
  9.0781E-04 -4.5766E-03  8.4158E-03
  1.0117E-03 -4.6609E-03  8.5718E-03
  1.2641E-03 -4.8135E-03  8.3869E-03
  1.4329E-03 -4.9435E-03  8.5646E-03
  1.3071E-03 -4.8146E-03  8.0886E-03
  7.8051E-04 -4.5415E-03  8.9580E-03
  9.7141E-04 -4.6727E-03  8.9889E-03
  6.5040E-04 -4.4777E-03  9.2124E-03
  7.2679E-04 -4.5603E-03  9.5476E-03
  4.6967E-04 -4.4087E-03  9.7760E-03
  5.5015E-04 -4.4962E-03  1.0134E-02
  3.1927E-04 -4.2969E-03  9.6622E-03
  3.1888E-05 -4.1186E-03  9.8222E-03
  8.4025E-04 -4.6470E-03  9.6593E-03
  7.2419E-04 -4.5631E-03  9.5960E-03
  1.0713E-03 -4.8168E-03  9.8143E-03
  1.1879E-03 -4.9073E-03  9.9445E-03
  1.4321E-03 -5.0510E-03  9.7240E-03
  1.6839E-03 -5.2311E-03  9.8394E-03
  1.2692E-03 -4.9939E-03  1.0287E-02
  1.3408E-03 -5.0462E-03  1.0332E-02
  5.8606E-04 -1.5619E-02  1.9677E-03
  3.8705E-04 -1.5001E-02  4.4795E-04
  1.0492E-03 -1.5175E-02 -9.3755E-04
  2.4060E-03 -1.6383E-02 -8.5636E-04
  5.4245E-04 -1.4766E-02 -8.2093E-04
 -9.5347E-04 -1.3802E-02  3.5211E-04
 -1.2212E-03 -1.3338E-02 -4.3861E-04
 -1.8025E-03 -1.3314E-02  1.2185E-03
 -3.0876E-03 -1.2179E-02  1.1748E-03
 -3.4845E-03 -1.2047E-02  1.9078E-03
 -4.1506E-03 -1.1292E-02  1.3146E-03
 -3.0357E-03 -1.2807E-02  3.1692E-03
 -3.3679E-03 -1.2759E-02  3.9988E-03
 -2.9103E-03 -1.3616E-02  5.5656E-03
 -3.6903E-03 -1.3310E-02  6.8501E-03
 -3.1974E-03 -1.4066E-02  7.9657E-03
 -4.7889E-03 -1.2328E-02  6.7719E-03
 -2.8018E-03 -1.2970E-02  3.0299E-03
 -3.3858E-03 -1.2425E-02  2.9094E-03
 -1.6352E-03 -1.3798E-02  2.3757E-03
 -8.9091E-04 -1.4165E-02  1.4080E-03
  3.8243E-04 -1.5129E-02  9.0173E-04
  1.3466E-03 -1.5808E-02  3.4292E-04
  2.6905E-03 -1.6920E-02  1.3058E-04
  2.4760E-03 -1.6228E-02 -1.5969E-03
 -1.4124E-03 -1.3291E-02 -2.6904E-05
 -1.4418E-03 -1.3150E-02 -4.2101E-04
 -1.7721E-03 -1.2742E-02 -8.3169E-04
 -2.3234E-03 -1.1856E-02 -2.2167E-03
 -2.7062E-03 -1.1348E-02 -2.8120E-03
 -1.8334E-03 -1.1717E-02 -4.1583E-03
 -1.6908E-03 -1.1423E-02 -5.5905E-03
 -2.3645E-03 -1.1152E-02 -4.5061E-03
 -3.4635E-03 -1.0993E-02 -1.7641E-03
 -3.5492E-03 -1.0737E-02 -2.3831E-03
 -4.3272E-03 -1.0565E-02 -6.4590E-04
 -5.4733E-03 -9.7402E-03 -4.3875E-05
 -6.2584E-03 -9.4331E-03  1.2525E-03
 -6.6770E-03 -8.8882E-03  6.3831E-04
 -7.6552E-03 -8.3838E-03  1.8362E-03
 -7.1459E-03 -9.1770E-03  3.0293E-03
 -6.6970E-03 -9.5176E-03  2.8535E-03
 -6.2508E-03 -1.0243E-02  4.0044E-03
 -6.6958E-03 -9.1335E-03  1.5345E-03
 -5.2966E-03 -1.0062E-02  5.3094E-04
 -6.1447E-03 -9.3734E-03  7.0776E-04
 -4.1850E-03 -1.1099E-02  7.5884E-04
 -3.9108E-03 -1.1495E-02  1.2921E-03
 -3.1070E-03 -1.2560E-02  2.5368E-03
 -3.2828E-03 -1.1654E-02 -3.8392E-05
 -3.2410E-03 -1.1749E-02  1.5980E-04
 -2.7525E-03 -1.1728E-02 -1.3709E-03
 -2.1301E-03 -1.1880E-02 -2.7118E-03
 -1.2376E-03 -1.2340E-02 -3.8059E-03
 -3.0961E-03 -1.0787E-02 -3.5674E-03
 -3.0195E-03 -1.0708E-02 -4.0672E-03
 -3.9987E-03 -9.9510E-03 -3.7315E-03
 -5.0070E-03 -8.8452E-03 -4.5032E-03
 -5.9070E-03 -8.0971E-03 -4.3736E-03
 -5.3787E-03 -8.2219E-03 -5.5263E-03
 -7.1548E-03 -6.9260E-03 -4.6532E-03
 -5.6186E-03 -8.5358E-03 -3.7339E-03
 -5.5724E-03 -8.3630E-03 -4.4638E-03
 -6.1405E-03 -8.5173E-03 -2.2367E-03
 -6.7571E-03 -8.2600E-03 -1.2737E-03
 -6.8919E-03 -8.6494E-03  4.6301E-04
 -7.1505E-03 -8.7685E-03  1.6441E-03
 -6.9576E-03 -9.4134E-03  3.2757E-03
 -5.6005E-03 -1.0604E-02  3.2947E-03
 -5.3705E-03 -1.1251E-02  4.8234E-03
 -6.0282E-03 -8.8062E-03 -1.5829E-03
 -6.4661E-03 -8.2560E-03 -2.1577E-03
 -7.2485E-03 -6.8913E-03  5.9182E-03
 -8.6606E-03 -8.6060E-03  7.9517E-03
 -9.8447E-03 -1.2933E-02  8.3019E-03
 -1.1362E-02 -1.3313E-02  1.1173E-02
 -7.5973E-03 -8.1432E-03  6.0320E-03
 -7.3750E-03 -1.0973E-02  4.2581E-03
 -6.9305E-03 -4.5144E-03  6.3939E-03
 -5.8688E-03 -3.4601E-03  4.7549E-03
 -6.6117E-03 -6.4108E-03  4.8640E-03
 -7.6684E-03 -6.0330E-03  7.1646E-03
 -6.0995E-03 -9.4616E-03  2.4038E-03
 -6.6147E-03 -1.2548E-02  1.9917E-03
 -7.2011E-03 -1.6515E-02  1.3098E-03
 -6.0471E-03 -1.6214E-02 -8.6853E-04
 -4.7272E-03 -1.1564E-02 -1.3398E-03
 -3.2213E-03 -9.0946E-03 -3.2078E-03
 -4.7881E-03 -1.3433E-02 -2.0941E-03
 -3.0443E-03 -1.2631E-02 -5.2220E-03
 -3.4739E-03 -1.5497E-02 -5.7032E-03
 -1.6917E-03 -1.5585E-02 -9.3257E-03
 -5.6705E-04 -1.1841E-02 -9.8296E-03
  1.0272E-03 -1.1537E-02 -1.2891E-02
 -1.2688E-03 -9.2488E-03 -7.2037E-03
 -1.3279E-03 -1.2707E-02 -8.7072E-03
  1.9376E-04 -9.8093E-03 -1.0406E-02
 -1.5851E-03 -1.5946E-02 -9.7091E-03
 -3.6972E-05 -1.6282E-02 -1.2978E-02
 -6.2222E-04 -2.0464E-02 -1.3763E-02
 -5.9553E-04 -2.3620E-02 -1.5297E-02
 -1.6580E-03 -2.3425E-02 -1.3070E-02
  1.4611E-03 -2.3104E-02 -1.9188E-02
  5.4340E-04 -1.3336E-02 -1.2763E-02
  2.2689E-03 -1.1639E-02 -1.5434E-02
 -8.9853E-04 -1.2677E-02 -9.5559E-03
 -5.6070E-04 -9.9740E-03 -8.9668E-03
  7.3888E-04 -5.8261E-03 -9.6331E-03
  1.9074E-03 -3.6873E-03 -1.0978E-02
  5.0042E-04 -4.6980E-03 -8.6248E-03
  1.6537E-03 -8.4411E-04 -9.1348E-03
  8.2520E-04 -1.5584E-04 -7.1472E-03
 -1.3656E-03 -1.0905E-03 -3.1830E-03
 -1.8880E-03  2.3872E-03 -5.0236E-04
 -1.4832E-03  3.5647E-03 -7.6343E-04
 -1.8503E-03  7.2218E-03  1.6894E-03
  3.6936E-03 -7.3971E-04 -1.3185E-02
  5.0976E-03  2.1077E-03 -1.4671E-02
  3.8461E-03 -3.8916E-03 -1.4970E-02
  5.7180E-03 -4.1961E-03 -1.8874E-02
  5.4511E-03 -8.1829E-03 -2.0208E-02
  5.0620E-03 -8.4304E-03 -1.9542E-02
  4.5325E-03 -1.2527E-02 -2.0399E-02
  2.6800E-03 -1.4483E-02 -1.7594E-02
  5.7730E-03 -1.3887E-02 -2.3530E-02
  6.8047E-03 -3.7283E-03 -2.0839E-02
  8.5073E-03 -1.5076E-03 -2.3219E-02
  5.7791E-03 -5.6901E-03 -1.9698E-02
  6.6003E-03 -5.6007E-03 -2.1306E-02
  5.2950E-03 -9.0760E-03 -2.0313E-02
  7.0070E-03 -1.8047E-03 -2.0343E-02
  8.2952E-03 -7.5589E-04 -2.2440E-02
  5.8696E-03  1.6081E-04 -1.7136E-02
  6.1592E-03  3.8628E-03 -1.5981E-02
  4.5235E-03  5.2272E-03 -1.2054E-02
  4.8502E-03  9.2058E-03 -1.0845E-02
  3.1525E-03  1.0365E-02 -6.8895E-03
  3.6524E-03  1.4773E-02 -5.8270E-03
  4.6708E-03  1.7129E-02 -6.7684E-03
  8.0833E-03  7.0203E-03 -1.8367E-02
  9.1544E-03  9.2314E-03 -1.9483E-02
  1.5045E-02  1.1496E-02 -1.4711E-02
  1.9051E-02  1.4032E-02 -1.4368E-02
  1.7876E-02  1.5509E-02 -1.1480E-02
  1.6250E-02  1.7927E-02 -6.9805E-03
  1.2341E-02  1.7161E-02 -5.0185E-03
  1.8881E-02  2.0591E-02 -5.4112E-03
  2.1975E-02  1.2612E-02 -1.8518E-02
  2.5970E-02  1.4130E-02 -1.9535E-02
  1.9973E-02  9.7170E-03 -2.0880E-02
  2.2416E-02  8.0756E-03 -2.4959E-02
  1.9244E-02  4.7266E-03 -2.7037E-02
  2.1268E-02  2.4301E-03 -3.1677E-02
  1.8157E-02  5.4590E-03 -2.5219E-02
  1.4908E-02  2.4285E-03 -2.6808E-02
  2.4998E-02  7.5339E-03 -2.7666E-02
  2.8957E-02  8.4771E-03 -2.9429E-02
  2.2721E-02  6.0162E-03 -2.7964E-02
  2.4749E-02  5.3808E-03 -3.0373E-02
  2.1402E-02  3.9120E-03 -2.9786E-02
  1.7919E-02  3.5092E-04 -3.1910E-02
  1.4939E-02 -4.5550E-04 -3.0712E-02
  1.9305E-02  2.1758E-04 -3.3150E-02
  2.8463E-02  8.6458E-03 -2.8824E-02
  3.2099E-02  8.9203E-03 -3.1239E-02
  2.7366E-02  1.1018E-02 -2.4792E-02
  3.0462E-02  1.4347E-02 -2.2683E-02
  2.8201E-02  1.6514E-02 -1.8035E-02
  2.5022E-02  1.5529E-02 -1.6926E-02
  2.3819E-02  1.7562E-02 -1.3270E-02
  2.3731E-02  1.2756E-02 -1.9669E-02
  3.4618E-02  1.6190E-02 -2.3386E-02
  3.8200E-02  1.8117E-02 -2.3537E-02
  3.4114E-02  1.5658E-02 -2.3716E-02
  3.7856E-02  1.7245E-02 -2.4447E-02
  3.6222E-02  1.7568E-02 -2.2760E-02
  4.0277E-02  1.5226E-02 -2.9018E-02
  4.3428E-02  1.6072E-02 -3.0293E-02
  3.8736E-02  1.2537E-02 -3.1456E-02
  4.0698E-02  1.0369E-02 -3.5876E-02
  3.9887E-02  8.5087E-03 -3.7758E-02
  4.2602E-02  7.7127E-03 -4.0908E-02
  3.6284E-02  8.0070E-03 -3.5674E-02
  3.5006E-02  6.2415E-03 -3.7070E-02
  3.3135E-02  7.8346E-03 -3.3493E-02
  3.6645E-02  1.1012E-02 -3.1906E-02
  3.4542E-02  1.2617E-02 -2.8136E-02
  3.1494E-02  1.3562E-02 -2.4529E-02
  2.9049E-02  1.4891E-02 -2.0869E-02
  3.1555E-02  2.6585E-03 -3.9248E-02
  2.9224E-02  1.8771E-03 -3.8515E-02
  3.1235E-02  4.6736E-04 -4.1952E-02
  2.8174E-02 -3.0465E-03 -4.4335E-02
  3.0247E-02 -5.0248E-03 -4.8585E-02
  2.8685E-02 -8.6332E-03 -5.2245E-02
  3.2227E-02 -9.4507E-03 -5.6057E-02
  2.7822E-02 -9.1848E-03 -5.2326E-02
  2.3739E-02 -3.8970E-03 -4.2083E-02
  2.3565E-02 -2.4996E-03 -4.0070E-02
  2.0183E-02 -6.0218E-03 -4.2219E-02
  1.5645E-02 -7.1345E-03 -4.0241E-02
  1.2223E-02 -9.0087E-03 -4.0141E-02
  1.3365E-02 -6.8136E-03 -3.8062E-02
  7.4860E-03 -1.0098E-02 -3.7980E-02
  1.4490E-02 -9.4912E-03 -4.2527E-02
  1.4897E-02 -1.2004E-02 -4.6219E-02
  1.2909E-02 -8.7458E-03 -4.0313E-02
  1.1732E-02 -1.0845E-02 -4.2236E-02
  1.1712E-02 -8.8573E-03 -3.9547E-02
  1.6411E-02 -6.1695E-03 -3.9528E-02
  9.0534E-03 -7.3092E-03 -3.5427E-02
  7.2940E-03 -1.4119E-02 -4.3242E-02
  4.3441E-03 -1.4337E-02 -4.1276E-02
 -2.2788E-03 -1.5875E-02 -2.2677E-02
 -2.0919E-04 -1.7515E-02 -2.0603E-02
  1.1118E-03 -1.8798E-02 -2.1604E-02
 -1.8006E-04 -1.7598E-02 -2.1166E-02
  5.9673E-04 -1.8417E-02 -2.2379E-02
 -1.9316E-03 -1.5872E-02 -1.9604E-02
  1.4280E-03 -1.8994E-02 -2.0756E-02
  2.5345E-03 -1.9748E-02 -1.8447E-02
  1.5592E-03 -1.9399E-02 -2.3568E-02
  3.0877E-03 -2.0835E-02 -2.4249E-02
  2.8709E-03 -2.0998E-02 -2.7736E-02
  3.6127E-03 -2.1865E-02 -2.9729E-02
  1.8426E-03 -2.0312E-02 -3.0030E-02
  2.5562E-03 -2.0916E-02 -2.9693E-02
 -2.4882E-04 -1.8507E-02 -3.0674E-02
  2.6549E-03 -2.0261E-02 -2.2415E-02
  4.2938E-03 -2.1594E-02 -2.1108E-02
  4.4496E-04 -1.8268E-02 -2.2255E-02
 -2.4389E-04 -1.7478E-02 -2.0548E-02
 -2.7542E-03 -1.5331E-02 -2.1509E-02
 -3.4415E-03 -1.4708E-02 -2.1424E-02
 -3.5800E-03 -1.4248E-02 -1.8133E-02
 -5.7616E-03 -1.2811E-02 -2.3172E-02
  5.7170E-05 -1.7394E-02 -1.7090E-02
  7.5006E-04 -1.7825E-02 -1.5238E-02
 -3.8751E-04 -1.6907E-02 -1.6213E-02
 -5.7081E-05 -1.6871E-02 -1.2969E-02
 -8.2253E-04 -1.6120E-02 -1.2319E-02
 -3.2131E-03 -1.4127E-02 -1.3735E-02
 -7.4735E-04 -1.5830E-02 -8.8197E-03
  2.4752E-03 -1.9016E-02 -1.1790E-02
  2.9763E-03 -1.9211E-02 -9.3116E-03
  4.0842E-03 -2.0628E-02 -1.3492E-02
  6.5577E-03 -2.2733E-02 -1.2432E-02
  8.1705E-03 -2.4377E-02 -1.4408E-02
  1.0551E-02 -2.6525E-02 -1.4594E-02
  8.6705E-03 -2.4661E-02 -1.2812E-02
  6.5813E-03 -2.2767E-02 -1.2563E-02
  7.3808E-03 -2.3444E-02 -1.2195E-02
  8.8875E-03 -2.4584E-02 -1.0162E-02
  6.3351E-03 -2.2716E-02 -1.4224E-02
  6.8709E-03 -2.3204E-02 -1.4304E-02
  5.6890E-03 -2.2439E-02 -1.7168E-02
  6.1043E-03 -2.2219E-02 -1.1374E-02
  7.3149E-03 -2.3174E-02 -1.0119E-02
  4.1051E-03 -2.0320E-02 -1.0292E-02
  3.2416E-03 -1.9263E-02 -7.5032E-03
  7.4099E-04 -1.6984E-02 -7.0787E-03
 -1.2199E-03 -1.5476E-02 -9.4899E-03
 -1.2452E-03 -1.5543E-02 -1.0371E-02
 -3.4328E-03 -1.3349E-02 -8.0419E-03
  4.6989E-03 -2.0278E-02 -4.6716E-03
  4.9636E-03 -2.0287E-02 -2.4490E-03
  5.6257E-03 -2.1114E-02 -4.7401E-03
  7.0694E-03 -2.2137E-02 -2.1137E-03
  7.4744E-03 -2.2525E-02 -2.3695E-03
  5.2027E-03 -2.0493E-02 -2.3669E-03
  9.1349E-03 -2.3741E-02  2.6985E-04
  9.4146E-03 -2.4215E-02 -1.9216E-03
  1.0427E-02 -2.4861E-02  6.0881E-04
  1.0298E-02 -2.5276E-02 -4.5800E-03
  1.2559E-02 -2.7299E-02 -4.5886E-03
  1.3448E-02 -2.8424E-02 -7.8263E-03
  1.6053E-02 -3.0759E-02 -7.8715E-03
  1.6795E-02 -3.1737E-02 -1.0945E-02
  1.5574E-02 -3.0936E-02 -1.3798E-02
  1.6029E-02 -3.1659E-02 -1.6892E-02
  1.2310E-02 -2.6962E-02 -3.4745E-03
  1.3805E-02 -2.8116E-02 -1.6767E-03
  1.0372E-02 -2.5334E-02 -4.5028E-03
  9.8143E-03 -2.4741E-02 -3.5771E-03
  7.5022E-03 -2.2847E-02 -5.2787E-03
  6.4535E-03 -2.1796E-02 -4.1737E-03
  4.1073E-03 -1.9870E-02 -5.8582E-03
  2.4025E-03 -1.8185E-02 -4.2902E-03
  3.9699E-03 -2.0043E-02 -8.7591E-03
  9.5625E-03 -2.4156E-02 -5.4759E-05
  1.0817E-02 -2.5096E-02  1.7305E-03
  4.8309E-04 -2.9309E-02  6.8176E-03
  3.0630E-03 -2.5636E-02  6.9578E-03
  1.4949E-03 -2.1854E-02  5.4063E-03
  4.0922E-03 -1.7849E-02  5.4724E-03
  8.0085E-03 -1.7864E-02  7.0480E-03
  1.0675E-02 -1.4235E-02  7.2334E-03
  1.2688E-02 -1.3691E-02  7.9089E-03
  1.5008E-02 -1.0268E-02  8.0055E-03
  1.2458E-02 -1.6583E-02  8.5215E-03
  3.7872E-03 -2.4697E-02  7.0195E-03
  7.1592E-03 -2.4344E-02  8.2867E-03
  6.8167E-04 -2.4248E-02  5.6636E-03
  1.2466E-03 -2.3116E-02  5.6144E-03
 -2.4957E-03 -2.1705E-02  3.7683E-03
 -4.0206E-03 -1.8288E-02  2.3232E-03
 -5.6072E-03 -2.5341E-02  3.4060E-03
 -9.3823E-03 -2.4159E-02  1.6025E-03
  2.8724E-03 -2.6451E-02  7.0798E-03
  3.2407E-03 -2.6067E-02  7.1342E-03
  3.6186E-03 -2.9833E-02  8.2039E-03
  5.3687E-03 -3.3258E-02  9.7414E-03
  3.9472E-03 -3.7313E-02  1.0159E-02
  9.8843E-03 -3.2469E-02  1.1361E-02
  1.2068E-02 -3.4652E-02  1.2770E-02
  1.1275E-02 -2.9457E-02  1.1185E-02
  1.5463E-02 -2.8341E-02  1.2594E-02
  1.6297E-02 -2.5477E-02  1.2231E-02
  1.5183E-02 -2.7643E-02  1.2312E-02
  1.6004E-02 -2.4967E-02  1.1989E-02
  1.8194E-02 -2.1405E-02  1.1999E-02
  1.4688E-02 -2.6114E-02  1.1740E-02
  1.6864E-02 -2.6429E-02  1.2690E-02
  1.4626E-02 -2.4652E-02  1.1359E-02
  2.0546E-02 -2.6967E-02  1.4299E-02
  2.2304E-02 -2.5590E-02  1.4669E-02
  2.6206E-02 -2.7550E-02  1.6713E-02
  2.5749E-02 -3.2336E-02  1.7696E-02
  2.8051E-02 -3.4095E-02  1.9049E-02
  3.0605E-02 -3.6486E-02  2.0657E-02
  2.7301E-02 -3.3129E-02  1.8513E-02
  2.2797E-02 -2.0951E-02  1.3736E-02
  2.3151E-02 -1.9534E-02  1.3533E-02
  2.2791E-02 -1.8603E-02  1.3161E-02
  2.3129E-02 -1.4110E-02  1.2202E-02
  2.4432E-02 -1.2078E-02  1.2229E-02
  2.1323E-02 -1.2548E-02  1.1096E-02
  2.1681E-02 -1.0113E-02  1.0646E-02
  1.8578E-02 -1.5288E-02  1.0662E-02
  1.9333E-02 -1.2512E-02  1.0289E-02
  1.9340E-02 -8.9194E-03  9.4154E-03
  1.6169E-02 -1.5258E-02  9.6879E-03
  1.2390E-02 -1.4246E-02  7.9247E-03
  8.9607E-03 -1.6027E-02  6.9823E-03
  9.0167E-03 -1.4121E-02  6.5401E-03
  1.1941E-02 -1.6085E-02  8.1928E-03
  8.6655E-03 -1.6892E-02  7.0746E-03
  1.5240E-02 -1.6849E-02  9.7029E-03
  1.5167E-02 -1.8658E-02  1.0115E-02
  1.9207E-02 -2.0140E-02  1.2098E-02
  1.9602E-02 -2.2273E-02  1.2776E-02
  2.3609E-02 -2.4109E-02  1.4832E-02
  2.3306E-02 -2.8612E-02  1.5808E-02
  2.2801E-02 -3.0611E-02  1.6093E-02
  2.2551E-02 -3.4709E-02  1.6991E-02
  2.2591E-02 -2.8527E-02  1.5500E-02
  1.3913E-02 -1.5640E-02  8.8755E-03
  1.2559E-02 -1.6945E-02  8.6502E-03
  1.4240E-02 -1.1633E-02  8.0299E-03
  1.3126E-02 -8.4423E-03  6.8052E-03
  1.6189E-02 -4.7205E-03  7.1269E-03
  2.0191E-02 -5.7392E-03  8.9818E-03
  2.3092E-02 -5.5302E-03  1.0095E-02
  2.0688E-02 -6.6215E-03  9.3964E-03
  9.1086E-03 -6.9717E-03  4.8341E-03
  7.5403E-03 -4.6305E-03  3.6338E-03
  7.4817E-03 -8.3224E-03  4.5104E-03
  3.6822E-03 -7.1808E-03  2.7071E-03
  4.1947E-03 -5.7960E-03  2.5752E-03
  6.8904E-03 -6.9478E-03  3.9379E-03
 -3.8020E-03  5.2736E-03  4.5814E-03
 -3.1311E-03  3.6472E-03  4.9042E-03
 -2.7669E-03  3.9199E-03  5.9084E-03
 -2.4932E-03  5.2054E-03  7.4388E-03
 -2.9970E-03  6.8361E-03  7.4903E-03
 -2.7338E-03  7.9870E-03  8.9006E-03
 -1.9602E-03  7.5347E-03  1.0294E-02
 -1.4497E-03  5.9172E-03  1.0267E-02
 -1.7191E-03  4.7633E-03  8.8404E-03
 -2.4164E-03  2.6251E-03  5.7578E-03
 -2.3421E-03  3.3343E-03  6.4317E-03
 -1.9161E-03  9.5631E-04  5.6712E-03
 -1.1995E-03 -1.9680E-04  6.4349E-03
 -1.2932E-03 -1.6484E-03  5.1853E-03
 -5.8469E-04 -3.0915E-03  5.7229E-03
 -8.6217E-04 -4.3253E-03  4.2214E-03
 -4.2890E-04 -2.4201E-03  6.5507E-03
 -4.0781E-04 -9.1309E-04  7.6789E-03
 -2.7982E-04 -1.8957E-03  7.2580E-03
  8.1408E-05 -2.8934E-04  9.2129E-03
  8.7661E-04 -8.2018E-04  1.0598E-02
  9.9280E-04  6.9685E-04  1.1944E-02
  1.6693E-03  6.4387E-04  1.3409E-02
  1.5181E-03  2.4093E-03  1.4340E-02
  1.6262E-03  6.7144E-05  1.2899E-02
  1.5778E-03 -2.3058E-03  1.1089E-02
  1.7448E-03 -2.1346E-03  1.1582E-02
  1.9698E-03 -3.7881E-03  1.0896E-02
  2.6110E-03 -5.3450E-03  1.1202E-02
  2.4452E-03 -6.7325E-03  9.8383E-03
  3.1481E-03 -8.5080E-03  1.0125E-02
  3.6323E-03 -9.4685E-03  1.0511E-02
  3.2005E-03 -8.9804E-03  9.9024E-03
  3.5290E-03 -5.8058E-03  1.2910E-02
  3.8042E-03 -6.1847E-03  1.3249E-02
  3.9892E-03 -5.7196E-03  1.3994E-02
  4.8785E-03 -6.1746E-03  1.5642E-02
  5.0696E-03 -5.0688E-03  1.6860E-02
  5.7472E-03 -5.7216E-03  1.7896E-02
  4.4595E-03 -3.4187E-03  1.6689E-02
  4.5806E-03 -2.2346E-03  1.7808E-02
  4.3179E-03 -2.1244E-03  1.7303E-02
  4.4803E-03 -9.4199E-04  1.8513E-02
  3.8470E-03  7.7396E-04  1.8338E-02
  4.0284E-03  1.8922E-03  1.9543E-02
  4.8314E-03  1.3182E-03  2.0914E-02
  5.4661E-03 -3.7515E-04  2.1108E-02
  5.2917E-03 -1.5038E-03  1.9911E-02
  4.0081E-03 -5.2569E-04  1.7763E-02
  3.2562E-03 -1.9190E-05  1.6457E-02
  4.3374E-03  4.4441E-04  1.9190E-02
  3.7947E-03  2.1711E-03  1.9224E-02
  4.4541E-03  2.4682E-03  2.0902E-02
  5.0996E-03  1.8037E-03  2.1858E-02
  5.1956E-03  1.1417E-04  2.0859E-02
  5.9817E-03 -1.3659E-03  2.1542E-02
  5.9076E-03 -2.0080E-03  2.0917E-02
  6.7348E-03 -1.9299E-03  2.2810E-02
  7.5456E-03 -3.2708E-03  2.3648E-02
  8.0428E-03 -4.6639E-03  2.3753E-02
  7.6710E-03 -5.7209E-03  2.2169E-02
  8.1299E-03 -6.9524E-03  2.2304E-02
  7.4942E-03 -6.7484E-03  2.1039E-02
  7.4134E-03 -6.0996E-03  2.1325E-02
  6.8071E-03 -5.9542E-03  2.0083E-02
  7.9539E-03 -5.6465E-03  2.2850E-02
  8.1171E-03 -2.6139E-03  2.5389E-02
  8.7806E-03 -3.5424E-03  2.6196E-02
  7.8600E-03 -1.0087E-03  2.5970E-02
  8.3676E-03 -2.8457E-04  2.7616E-02
  8.9660E-03 -4.8944E-04  2.8798E-02
  9.5210E-03 -2.3277E-03  2.8712E-02
  8.4519E-03  4.9293E-04  2.8362E-02
  7.7753E-03  1.6239E-03  2.7671E-02
  7.0410E-03  2.3861E-03  2.6587E-02
  8.0947E-03  2.3941E-03  2.8933E-02
  7.6019E-03  4.2541E-03  2.9173E-02
  8.1096E-03  4.8107E-03  3.0700E-02
  7.6849E-03  6.7819E-03  3.1171E-02
  8.1555E-03  4.2040E-03  3.0366E-02
  8.7965E-03  4.3090E-03  3.1865E-02
  7.3588E-03  5.2533E-03  2.9350E-02
  6.6731E-03  6.6189E-03  2.8807E-02
  9.6622E-03  4.4699E-03  3.5108E-02
  1.0490E-02  1.8693E-03  3.7589E-02
  1.0845E-02  2.1352E-03  3.9309E-02
  1.0162E-02  2.7520E-03  3.6536E-02
  9.4848E-03  5.4883E-03  3.4797E-02
  8.6851E-03  5.5375E-03  3.1228E-02
  8.2374E-03  7.7464E-03  3.0270E-02
  8.5135E-03  3.0741E-03  2.9283E-02
  7.7397E-03  2.9441E-03  2.5745E-02
  7.7782E-03 -4.3188E-04  2.4308E-02
  8.2036E-03 -2.9974E-03  2.4996E-02
  8.4362E-03 -6.5115E-03  2.4365E-02
  8.3342E-03 -6.9326E-03  2.3706E-02
  8.7410E-03 -8.8576E-03  2.4616E-02
  7.0426E-03  5.6149E-03  2.3887E-02
  6.3918E-03  7.1720E-03  2.1705E-02
  7.1905E-03  6.2012E-03  2.4831E-02
  6.5875E-03  8.6776E-03  2.3302E-02
  6.8960E-03  8.3216E-03  2.4519E-02
  6.3735E-03  1.2187E-02  2.4014E-02
  5.6822E-03  1.4310E-02  2.1921E-02
  6.9780E-03  1.2798E-02  2.7021E-02
  6.8549E-03  1.6051E-02  2.8020E-02
  7.6652E-03  1.6170E-02  3.1716E-02
  7.6193E-03  1.9593E-02  3.3142E-02
  7.6078E-03  2.1300E-02  3.3905E-02
  7.5652E-03  2.0614E-02  3.3386E-02
  6.3634E-03  1.6919E-02  2.6226E-02
  5.8580E-03  1.9763E-02  2.5311E-02
  6.5024E-03  1.4445E-02  2.5670E-02
  6.0662E-03  1.4910E-02  2.3932E-02
  6.4323E-03  1.1864E-02  2.4124E-02
  5.1902E-03  1.5733E-02  2.0389E-02
  4.6722E-03  1.7738E-02  1.9019E-02
  5.0174E-03  1.4184E-02  1.8875E-02
  4.1855E-03  1.4964E-02  1.5509E-02
  4.1140E-03  1.2916E-02  1.4211E-02
  4.1799E-03  9.5600E-03  1.2908E-02
  4.2361E-03  7.2489E-03  1.2058E-02
  3.2076E-03  8.4775E-03  8.0235E-03
  3.7726E-03  1.8579E-02  1.5378E-02
  3.0856E-03  2.0248E-02  1.3088E-02
  4.1818E-03  1.9813E-02  1.7805E-02
  3.8062E-03  2.3281E-02  1.7771E-02
  4.3291E-03  2.4078E-02  2.0500E-02
  3.8881E-03  2.7581E-02  2.0189E-02
  4.2609E-03  2.8158E-02  2.2139E-02
  5.0033E-03  2.8726E-02  2.5745E-02
  5.1750E-03  3.0337E-02  2.7284E-02
  3.6322E-03  2.5602E-02  1.8096E-02
  2.9874E-03  2.8085E-02  1.6383E-02
  4.2127E-03  2.4723E-02  2.0285E-02
  4.1681E-03  2.6646E-02  2.1001E-02
  4.9767E-03  2.5256E-02  2.3971E-02
  5.6697E-03  2.5313E-02  2.7112E-02
  5.6827E-03  2.8726E-02  2.8797E-02
  5.5324E-03  3.0308E-02  2.8876E-02
  5.8514E-03  2.9806E-02  3.0070E-02
  3.5115E-03  2.6780E-02  1.8116E-02
  3.1751E-03  2.9209E-02  1.7762E-02
  3.3415E-03  2.4142E-02  1.6094E-02
  2.6976E-03  2.4062E-02  1.3163E-02
  2.8470E-03  2.0488E-02  1.2130E-02
  1.8705E-03  2.5897E-02  1.0322E-02
  1.2621E-03  2.6014E-02  7.6459E-03
  1.8565E-03  2.7247E-02  1.0904E-02
  1.1103E-03  2.9094E-02  8.4320E-03
  8.2066E-04  2.6991E-02  6.1281E-03
  1.5322E-04  2.8220E-02  3.7159E-03
 -6.4710E-03  1.4566E-02  1.1521E-02
 -6.5259E-03  1.3612E-02  1.0652E-02
 -5.8440E-03  1.2732E-02  1.0838E-02
 -5.8966E-03  1.1735E-02  9.9372E-03
 -5.9364E-03  1.3112E-02  1.1030E-02
 -5.2276E-03  1.2375E-02  1.1371E-02
 -6.4294E-03  1.3206E-02  1.0444E-02
 -5.7424E-03  1.2592E-02  1.0858E-02
 -7.1078E-03  1.3569E-02  9.8324E-03
 -7.0497E-03  1.3209E-02  9.6112E-03
 -7.7553E-03  1.4071E-02  9.3785E-03
 -8.5879E-03  1.4309E-02  8.4556E-03
 -9.0459E-03  1.4113E-02  7.6752E-03
 -8.8135E-03  1.4645E-02  8.4315E-03
 -7.0919E-03  1.2197E-02  8.7113E-03
 -7.3219E-03  1.1940E-02  8.1883E-03
 -6.8464E-03  1.1608E-02  8.5521E-03
 -6.8655E-03  1.0619E-02  7.7026E-03
 -6.0050E-03  9.5697E-03  7.9880E-03
 -5.3877E-03  9.4927E-03  8.7553E-03
 -5.6770E-03  9.4901E-03  8.3634E-03
 -7.1890E-03  1.0595E-02  7.2472E-03
 -6.9587E-03  1.0849E-02  7.7687E-03
 -7.7257E-03  1.0280E-02  6.2615E-03
 -8.0556E-03  1.0250E-02  5.7921E-03
 -8.8215E-03  1.0166E-02  4.6912E-03
 -9.4619E-03  1.1051E-02  4.5655E-03
 -9.5604E-03  1.0859E-02  4.2724E-03
 -9.8505E-03  1.1950E-02  4.7907E-03
 -7.4418E-03  9.3212E-03  5.8458E-03
 -7.4531E-03  9.4232E-03  5.9155E-03
 -6.9535E-03  8.3979E-03  5.7346E-03
 -6.3651E-03  7.4423E-03  5.7315E-03
 -6.6788E-03  6.6850E-03  4.6783E-03
 -7.4411E-03  7.1244E-03  4.0175E-03
 -7.4127E-03  6.9742E-03  3.9306E-03
 -8.1474E-03  7.3981E-03  3.2941E-03
 -8.9092E-03  7.9745E-03  2.7479E-03
 -9.6508E-03  8.4168E-03  2.1173E-03
 -8.9410E-03  8.1255E-03  2.8309E-03
 -8.2100E-03  7.7006E-03  3.4617E-03
 -5.5307E-03  6.7936E-03  6.3152E-03
 -5.4379E-03  6.6327E-03  6.3062E-03
 -4.9290E-03  6.3219E-03  6.7328E-03
 -4.0721E-03  5.6317E-03  7.3123E-03
 -3.5527E-03  6.1158E-03  8.4150E-03
 -3.8789E-03  7.1815E-03  8.8630E-03
 -2.6660E-03  5.3496E-03  8.9713E-03
 -3.8330E-03  4.6738E-03  6.8366E-03
 -3.8326E-03  4.7355E-03  6.8886E-03
 -3.6964E-03  3.8107E-03  6.3020E-03
 -3.4828E-03  2.8385E-03  5.7802E-03
 -4.0269E-03  2.4146E-03  4.6944E-03
 -4.9610E-03  3.2057E-03  4.0949E-03
 -5.3226E-03  3.6016E-03  3.9376E-03
 -5.3680E-03  2.6515E-03  3.0852E-03
 -2.5882E-03  2.0197E-03  6.3033E-03
 -2.3079E-03  1.8906E-03  6.5733E-03
 -2.1304E-03  1.4997E-03  6.4869E-03
 -1.2705E-03  6.8278E-04  6.9649E-03
 -7.1985E-04  8.4358E-04  7.8405E-03
  2.0061E-04  6.3060E-05  8.4303E-03
  7.6581E-04 -1.4819E-05  9.1267E-03
  1.5142E-03 -7.3053E-04  9.5388E-03
  4.6862E-04  6.1837E-04  9.2537E-03
 -1.2241E-03 -3.5544E-04  6.1629E-03
 -1.4094E-03 -5.1372E-04  5.7815E-03
 -9.9740E-04 -1.0488E-03  5.8909E-03
 -9.3312E-04 -2.0668E-03  5.1298E-03
 -1.0525E-03 -2.4321E-03  4.6648E-03
 -1.3031E-03 -3.2437E-03  3.6515E-03
 -7.1472E-04 -4.3296E-03  3.5398E-03
 -9.5318E-04 -5.0953E-03  2.5810E-03
 -1.7868E-03 -4.7645E-03  1.7336E-03
 -2.3790E-03 -3.6747E-03  1.8434E-03
 -2.1309E-03 -2.9278E-03  2.7995E-03
 -7.4720E-05 -2.8138E-03  5.6640E-03
  5.3652E-04 -3.1791E-03  6.1830E-03
 -3.3318E-05 -3.0711E-03  5.5054E-03
  7.5896E-04 -3.7304E-03  6.0236E-03
  6.7926E-04 -3.2655E-03  6.3033E-03
  1.4856E-03 -3.7482E-03  6.9874E-03
  1.5222E-03 -4.1016E-03  6.7426E-03
  2.0783E-03 -3.7728E-03  7.7654E-03
  1.1229E-03 -4.9385E-03  5.5079E-03
  7.3568E-04 -5.2836E-03  4.6989E-03
  1.5495E-03  2.1502E-03 -1.2905E-02
  3.9540E-04 -1.0834E-03 -1.1896E-02
 -3.1492E-03 -1.3313E-03 -1.3135E-02
 -5.8329E-03 -9.2416E-04 -1.4339E-02
 -3.9720E-03 -4.6889E-03 -1.1945E-02
  2.9606E-03 -1.4312E-03 -1.0764E-02
  3.3865E-03  6.4062E-04 -1.1529E-02
  4.7603E-03 -3.9968E-03 -8.9301E-03
  4.2472E-03 -6.4717E-03 -8.0176E-03
  7.4044E-03 -8.1466E-03 -6.0656E-03
  7.9034E-03 -8.3163E-03 -5.7996E-03
  7.3639E-03 -4.8259E-03 -7.5676E-03
  6.2705E-03 -4.8153E-03 -7.9887E-03
  3.5418E-03 -6.4115E-03 -8.3131E-03
  8.5169E-03 -3.1201E-03 -7.8922E-03
  7.8169E-03 -2.8297E-03 -8.2887E-03
  1.1070E-02 -1.4424E-03 -7.6712E-03
  1.2101E-02  2.2880E-03 -8.9486E-03
  1.4715E-02  3.6223E-03 -8.5506E-03
  1.0296E-02  3.8770E-03 -1.0347E-02
  6.2203E-03 -6.0369E-03 -7.4609E-03
  3.7592E-03 -6.0650E-03 -8.3854E-03
  7.6742E-03 -8.7236E-03 -5.7045E-03
  6.3506E-03 -1.1946E-02 -4.7662E-03
  8.5161E-03 -1.4656E-02 -2.7282E-03
  1.1851E-02 -1.4521E-02 -1.5189E-03
  1.1361E-02 -1.4215E-02 -1.8424E-03
  1.3055E-02 -1.1748E-02 -2.3014E-03
  9.2998E-03 -1.6398E-02 -1.6501E-03
  2.6804E-03 -1.3074E-02 -5.6585E-03
  6.6342E-04 -1.4421E-02 -5.8234E-03
  1.8035E-03 -1.2487E-02 -6.2550E-03
 -1.6629E-03 -1.3519E-02 -7.1129E-03
 -1.9075E-03 -1.3407E-02 -7.2565E-03
 -8.5929E-04 -1.6515E-02 -5.4658E-03
 -2.1109E-03 -1.6622E-02 -5.8944E-03
  2.9745E-03 -1.6562E-02 -3.9852E-03
 -4.0390E-03 -1.1459E-02 -8.9399E-03
 -6.8176E-03 -1.2806E-02 -9.3952E-03
 -2.8627E-03 -8.2263E-03 -9.9393E-03
 -4.9078E-03 -6.0014E-03 -1.1714E-02
 -3.1939E-03 -2.2676E-03 -1.2733E-02
 -5.0146E-03 -2.0411E-04 -1.4350E-02
 -3.2751E-03 -7.8123E-04 -1.3429E-02
 -1.1814E-03  2.6677E-03 -1.4176E-02
 -5.3272E-03 -7.0966E-03 -1.1384E-02
 -8.1233E-03 -7.2026E-03 -1.2401E-02
 -2.5186E-03 -7.7657E-03 -1.0014E-02
 -2.5276E-03 -8.8593E-03 -9.5284E-03
  9.5605E-04 -9.8312E-03 -7.7668E-03
  3.8052E-03 -6.9831E-03 -7.9569E-03
  7.5201E-04 -1.0881E-02 -7.3745E-03
 -5.2106E-03 -1.1943E-02 -9.1694E-03
 -7.2723E-03 -1.2086E-02 -9.8907E-03
 -5.2239E-03 -1.4335E-02 -8.1037E-03
 -7.6386E-03 -1.7451E-02 -7.6282E-03
 -6.7214E-03 -1.9839E-02 -6.2100E-03
 -3.1869E-03 -2.0924E-02 -4.3785E-03
 -1.8528E-03 -2.2233E-02 -3.2844E-03
 -1.7192E-03 -2.0468E-02 -4.0236E-03
 -1.1309E-02 -1.6841E-02 -9.2988E-03
 -1.3713E-02 -1.8564E-02 -9.4428E-03
 -1.1746E-02 -1.4446E-02 -1.0538E-02
 -1.5120E-02 -1.3600E-02 -1.2201E-02
 -1.5016E-02 -1.1254E-02 -1.3212E-02
 -1.4209E-02 -1.2885E-02 -1.2174E-02
 -1.3642E-02 -1.0434E-02 -1.3056E-02
 -1.2860E-02 -1.2112E-02 -1.2007E-02
 -1.2642E-02 -1.0679E-02 -1.2565E-02
 -1.1930E-02 -1.2393E-02 -1.1527E-02
 -1.3105E-02 -7.5121E-03 -1.4159E-02
 -1.6586E-02 -1.2001E-02 -1.3475E-02
 -1.9663E-02 -1.2065E-02 -1.4618E-02
 -1.4435E-02 -1.0767E-02 -1.3208E-02
 -1.5715E-02 -9.0826E-03 -1.4450E-02
 -1.3985E-02 -5.3882E-03 -1.5445E-02
 -1.4851E-02 -3.7641E-03 -1.6502E-02
 -1.5131E-02 -3.4400E-03 -1.6753E-02
 -1.2661E-02 -3.3973E-04 -1.7201E-02
 -1.5617E-02 -1.0684E-02 -1.3696E-02
 -1.8232E-02 -1.1198E-02 -1.4461E-02
 -2.1682E-02 -1.5382E-02 -2.3758E-02
 -2.1907E-02 -1.3620E-02 -2.4618E-02
 -2.3686E-02 -1.3340E-02 -2.6653E-02
 -2.4041E-02 -1.2051E-02 -2.7489E-02
 -2.4878E-02 -1.5645E-02 -2.7146E-02
 -2.0693E-02 -1.1329E-02 -2.4096E-02
 -2.0069E-02 -1.0146E-02 -2.3830E-02
 -2.0260E-02 -1.0810E-02 -2.3806E-02
 -1.9137E-02 -8.6581E-03 -2.3336E-02
 -1.7339E-02 -8.5607E-03 -2.1412E-02
 -1.6359E-02 -7.5395E-03 -2.0702E-02
 -1.6872E-02 -9.6236E-03 -2.0532E-02
 -1.5151E-02 -9.5429E-03 -1.8687E-02
 -1.4738E-02 -1.1818E-02 -1.7443E-02
 -1.5118E-02 -1.3704E-02 -1.7197E-02
 -1.4455E-02 -1.5707E-02 -1.5776E-02
 -1.4976E-02 -1.7666E-02 -1.5658E-02
 -1.5750E-02 -1.9732E-02 -1.5780E-02
 -1.6200E-02 -2.1413E-02 -1.5682E-02
 -1.6057E-02 -2.0135E-02 -1.5973E-02
 -1.4504E-02 -8.6655E-03 -1.8289E-02
 -1.5277E-02 -9.3239E-03 -1.8901E-02
 -1.3120E-02 -7.0414E-03 -1.7349E-02
 -1.2235E-02 -5.8766E-03 -1.6793E-02
 -1.1743E-02 -3.2923E-03 -1.7159E-02
 -1.3066E-02 -2.2543E-03 -1.8963E-02
 -1.4435E-02 -2.1109E-03 -2.0504E-02
 -1.5548E-02 -8.5737E-04 -2.2153E-02
 -1.7027E-02 -1.8229E-03 -2.3426E-02
 -1.7939E-02 -5.3944E-04 -2.4868E-02
 -1.7609E-02 -4.0659E-03 -2.3276E-02
 -1.0692E-02 -6.7590E-03 -1.4805E-02
 -9.8882E-03 -7.0313E-03 -1.3834E-02
 -1.0238E-02 -7.0851E-03 -1.4197E-02
 -8.8299E-03 -7.9895E-03 -1.2347E-02
 -9.3994E-03 -1.0478E-02 -1.2098E-02
 -1.0130E-02 -1.0500E-02 -1.2886E-02
 -1.0656E-02 -1.1940E-02 -1.2956E-02
 -7.6556E-03 -6.5803E-03 -1.1561E-02
 -8.1553E-03 -5.5429E-03 -1.2468E-02
 -6.0818E-03 -6.4585E-03 -9.8903E-03
 -4.9265E-03 -5.2633E-03 -9.0499E-03
 -3.2401E-03 -4.2187E-03 -7.5788E-03
 -2.0505E-03 -3.0460E-03 -6.6933E-03
 -4.8519E-04 -3.1028E-03 -4.9692E-03
 -9.6183E-06 -1.8557E-03 -4.8871E-03
 -1.2341E-03 -1.0489E-03 -6.5021E-03
 -2.4791E-03 -1.7339E-03 -7.6183E-03
 -4.7971E-03 -7.0623E-03 -8.2806E-03
 -3.9409E-03 -8.4123E-03 -6.8768E-03
 -5.6444E-03 -7.0568E-03 -9.2051E-03
 -5.6721E-03 -8.7112E-03 -8.6573E-03
 -6.4764E-03 -8.0268E-03 -9.7720E-03
 -4.0491E-03 -9.3496E-03 -6.6672E-03
 -3.9245E-03 -1.1312E-02 -5.8461E-03
 -2.7904E-03 -7.7237E-03 -5.8648E-03
 -2.8255E-03 -5.4887E-03 -6.6837E-03
 -1.8473E-03 -5.4643E-03 -5.6272E-03
 -4.3741E-04 -6.3887E-03 -3.7693E-03
 -1.2233E-03 -8.2715E-03 -3.9672E-03
 -6.1982E-05 -8.3304E-03 -2.6823E-03
  1.3249E-03 -7.0541E-03 -1.6182E-03
 -6.2545E-04 -9.8318E-03 -2.7713E-03
  3.3617E-04 -1.0096E-02 -1.6319E-03
  8.1950E-04 -7.8728E-03 -1.8824E-03
 -5.6113E-04 -7.3140E-03 -3.5808E-03
 -7.1150E-04 -1.1933E-02 -2.1310E-03
 -9.5638E-05 -1.3156E-02 -1.0332E-03
 -2.3033E-03 -1.2034E-02 -3.8287E-03
 -3.4645E-03 -1.3697E-02 -4.5120E-03
 -3.7542E-03 -1.2905E-02 -5.1041E-03
 -4.7826E-03 -1.4148E-02 -5.7897E-03
  2.3023E-05 -1.2950E-02  2.8447E-03
 -3.9730E-04 -1.2123E-02  1.7543E-03
  1.5463E-03 -7.4934E-03  2.8141E-03
  3.9182E-03 -7.7669E-03  6.8977E-03
  6.3664E-03 -6.0339E-03  1.0163E-02
  6.9594E-03 -1.3424E-03  8.9420E-03
  8.9350E-03  8.5712E-04  1.1200E-02
  9.3293E-03  5.0907E-03  9.8629E-03
  1.0514E-02 -1.1799E-03  1.4791E-02
 -3.1914E-03 -1.2402E-02 -2.7727E-03
 -4.2517E-03 -1.0651E-02 -5.3655E-03
 -4.3547E-03 -1.4544E-02 -3.7033E-03
 -7.0616E-03 -1.5200E-02 -7.9075E-03
 -8.8785E-03 -2.0354E-02 -8.5091E-03
 -1.1716E-02 -2.0871E-02 -1.2996E-02
 -8.3460E-03 -2.3229E-02 -6.2670E-03
 -7.4382E-03 -1.3402E-02 -9.3825E-03
 -6.3524E-03 -1.4146E-02 -7.2217E-03
 -9.0262E-03 -1.1087E-02 -1.3121E-02
 -9.5889E-03 -9.0659E-03 -1.5011E-02
 -8.6359E-03 -3.8428E-03 -1.5882E-02
 -5.7997E-03 -1.7610E-03 -1.2134E-02
 -4.9984E-03 -1.3165E-03 -1.1007E-02
 -2.3736E-03  2.6228E-04 -7.3747E-03
 -5.2202E-04  1.4236E-03 -4.8347E-03
  2.0828E-03  2.9096E-03 -1.1917E-03
 -1.2721E-03  1.0409E-03 -5.9051E-03
 -3.8983E-03 -5.3262E-04 -9.5424E-03
 -1.2486E-02 -1.0842E-02 -1.9005E-02
 -1.3941E-02 -1.2994E-02 -2.0417E-02
 -1.3295E-02 -1.0095E-02 -2.0705E-02
 -1.6037E-02 -1.1290E-02 -2.4714E-02
 -1.7227E-02 -1.5892E-02 -2.4530E-02
 -2.0124E-02 -1.7393E-02 -2.8654E-02
 -2.2095E-02 -2.0163E-02 -3.0636E-02
 -2.4382E-02 -2.0161E-02 -3.4448E-02
 -2.3831E-02 -1.7500E-02 -3.4783E-02
 -2.1278E-02 -1.5794E-02 -3.1331E-02
 -1.6310E-02 -7.4506E-03 -2.6977E-02
 -1.5588E-02 -7.0099E-03 -2.5981E-02
 -1.7417E-02 -4.8031E-03 -3.0071E-02
 -1.7806E-02 -9.5499E-04 -3.2531E-02
 -2.0059E-02  1.1940E-04 -3.6794E-02
 -2.2557E-02 -4.0766E-03 -3.8983E-02
 -1.9349E-02  1.8409E-03 -3.6421E-02
 -1.8225E-02 -1.5312E-03 -3.2959E-02
 -1.7424E-02  1.8175E-03 -3.3200E-02
 -1.9517E-02 -5.7431E-03 -3.3130E-02
 -1.9910E-02 -6.5860E-03 -3.3387E-02
 -2.2688E-02 -9.8572E-03 -3.6478E-02
 -2.4824E-02 -7.9034E-03 -4.0960E-02
 -2.6019E-02 -8.8782E-03 -4.2493E-02
 -2.8146E-02 -6.8667E-03 -4.6987E-02
 -2.9226E-02 -7.7569E-03 -4.8368E-02
 -1.7970E-02 -8.5313E-03 -2.9236E-02
 -1.6333E-02 -6.3297E-03 -2.7545E-02
 -1.8068E-02 -1.2522E-02 -2.7520E-02
 -1.6444E-02 -1.5014E-02 -2.3638E-02
 -1.7441E-02 -1.9902E-02 -2.2998E-02
 -2.0369E-02 -2.2200E-02 -2.6797E-02
 -2.1718E-02 -2.4939E-02 -2.7756E-02
 -2.4435E-02 -2.6734E-02 -3.1441E-02
 -2.5820E-02 -2.5796E-02 -3.4191E-02
 -2.4486E-02 -2.3089E-02 -3.3243E-02
 -2.1786E-02 -2.1328E-02 -2.9571E-02
 -1.3492E-02 -1.2824E-02 -1.9748E-02
 -1.2145E-02 -1.3150E-02 -1.7348E-02
 -1.2472E-02 -1.0815E-02 -1.8993E-02
 -9.6421E-03 -8.5311E-03 -1.5351E-02
 -8.3069E-03 -1.1834E-02 -1.1569E-02
 -8.6703E-03 -1.2961E-02 -1.1644E-02
 -6.5052E-03 -1.2207E-02 -8.3894E-03
 -1.0861E-02 -1.4504E-02 -1.4570E-02
 -9.0678E-03 -4.4035E-03 -1.6338E-02
 -8.1744E-03 -4.3276E-03 -1.4884E-02
 -9.6210E-03 -8.9619E-04 -1.8913E-02
 -1.0519E-02 -4.2278E-04 -2.0634E-02
 -9.6533E-03  4.7056E-03 -2.1605E-02
 -1.0171E-02  6.1384E-03 -2.3144E-02
 -9.1581E-03  3.2712E-03 -2.0104E-02
 -6.2927E-03  5.7656E-03 -1.6501E-02
 -4.5904E-03  5.1366E-03 -1.3367E-02
 -5.7147E-03  8.2966E-03 -1.6730E-02
 -7.3241E-03  8.5463E-03 -1.9531E-02
 -5.4736E-03  1.2517E-02 -1.8316E-02
 -2.9510E-03  1.1984E-02 -1.3859E-02
 -2.9554E-03  1.0719E-02 -1.3270E-02
 -2.0237E-03  1.4921E-02 -1.3696E-02
 -3.6098E-03  1.6411E-02 -1.7043E-02
  3.6720E-03  2.8263E-02 -6.9862E-03
  5.0381E-03  3.4917E-02 -5.7208E-03
  1.0084E-02  3.6683E-02 -6.1442E-04
  1.3868E-02  3.2412E-02  3.3220E-03
  1.8606E-02  3.3979E-02  8.1186E-03
  2.2137E-02  2.8549E-02  1.1818E-02
  2.6110E-02  2.8715E-02  1.5862E-02
  1.6508E-03  3.9936E-02 -9.2667E-03
 -4.4286E-04  4.3896E-02 -1.1475E-02
  1.2451E-03  3.9859E-02 -9.6786E-03
 -2.0393E-03  4.4213E-02 -1.3107E-02
 -1.8078E-04  4.6656E-02 -1.1260E-02
  4.8265E-03  4.9299E-02 -6.2094E-03
 -3.3767E-03  5.2017E-02 -1.4618E-02
 -6.1240E-03  3.9364E-02 -1.7176E-02
 -5.9425E-03  3.4975E-02 -1.6908E-02
 -9.5888E-03  3.9758E-02 -2.0713E-02
 -1.3666E-02  3.5324E-02 -2.4782E-02
 -1.7234E-02  3.7185E-02 -2.8452E-02
 -2.1617E-02  3.2614E-02 -3.2830E-02
 -2.0917E-02  2.5929E-02 -3.1991E-02
 -2.2079E-02  2.0682E-02 -3.3074E-02
 -1.9397E-02  2.5924E-02 -3.0442E-02
 -1.5864E-02  3.5180E-02 -2.7019E-02
 -1.6741E-02  4.0437E-02 -2.8011E-02
 -1.6564E-02  2.9079E-02 -2.7616E-02
 -1.8547E-02  2.8053E-02 -2.9616E-02
 -1.4801E-02  2.8192E-02 -2.5803E-02
 -1.5798E-02  2.6851E-02 -2.6793E-02
 -1.0430E-02  2.9459E-02 -2.1374E-02
 -6.4679E-03  2.9938E-02 -1.7347E-02
 -4.4375E-03  3.7071E-02 -1.5414E-02
 -7.8397E-03  4.2559E-02 -1.8984E-02
 -7.9938E-03  4.3820E-02 -1.9165E-02
 -1.0426E-02  5.0355E-02 -2.1767E-02
 -9.8800E-03  5.2461E-02 -2.1251E-02
 -2.6030E-03  2.5197E-02 -1.3320E-02
 -1.4356E-03  2.4667E-02 -1.2121E-02
 -5.2186E-04  2.1922E-02 -1.1138E-02
  3.3377E-03  1.7312E-02 -7.1188E-03
  4.2292E-03  1.2837E-02 -6.1257E-03
  8.7475E-03  8.9554E-03 -1.4493E-03
  1.1574E-02  9.4246E-03  1.4216E-03
  9.5198E-03  5.5270E-03 -5.9748E-04
  7.7511E-03  2.1339E-02 -2.6994E-03
  9.4098E-03  2.5592E-02 -1.0905E-03
  9.7339E-03  1.9707E-02 -6.4856E-04
  1.3884E-02  2.3099E-02  3.5146E-03
  1.4944E-02  2.0312E-02  4.6469E-03
  1.0980E-02  2.1396E-02  5.8835E-04
  1.0880E-02  1.7875E-02  5.5391E-04
  7.9928E-03  2.5781E-02 -2.5375E-03
  1.8344E-02  2.3170E-02  8.0561E-03
  2.1223E-02  2.7782E-02  1.0902E-02
  1.8975E-02  1.8029E-02  8.7971E-03
  2.3173E-02  1.7562E-02  1.3083E-02
  2.4771E-02  1.0202E-02  1.4850E-02
  2.7957E-02  8.7032E-03  1.8124E-02
  2.7289E-02  8.8120E-03  1.7441E-02
  2.2897E-02  2.0847E-02  1.2739E-02
  2.6438E-02  2.3307E-02  1.6299E-02
  1.8703E-02  2.1167E-02  8.4606E-03
  1.8158E-02  2.4146E-02  7.8489E-03
  1.6054E-02  1.9035E-02  5.8022E-03
  1.9082E-02  1.2854E-02  9.0043E-03
  1.1472E-02  1.7144E-02  1.1704E-03
  1.5083E-02  3.0378E-02  4.5975E-03
  1.5171E-02  3.4225E-02  4.6149E-03
  1.2472E-02  3.1496E-02  1.9165E-03
  9.3605E-03  3.7170E-02 -1.3605E-03
  5.6542E-03  3.5553E-02 -5.1054E-03
  4.0708E-03  3.9889E-02 -6.8006E-03
 -4.4910E-03  1.3019E-02 -7.3075E-03
 -6.1704E-03  1.1701E-02 -8.6735E-03
 -5.1414E-03  9.3341E-03 -8.7531E-03
 -6.5934E-03  8.1458E-03 -9.9482E-03
 -5.4040E-03  5.9381E-03 -9.8878E-03
 -6.4572E-03  4.3224E-03 -1.0972E-02
 -3.4140E-03  5.8039E-03 -8.7589E-03
 -7.6050E-03  1.1224E-02 -9.6528E-03
 -6.8151E-03  1.0727E-02 -9.3328E-03
 -9.7032E-03  1.1383E-02 -1.0838E-02
 -1.1210E-02  1.1002E-02 -1.1832E-02
 -1.3541E-02  1.1539E-02 -1.3045E-02
 -1.4300E-02  1.4206E-02 -1.2720E-02
 -1.5714E-02  1.5444E-02 -1.3192E-02
 -1.7426E-02  1.6733E-02 -1.3824E-02
 -1.5118E-02  1.5151E-02 -1.2927E-02
 -1.0801E-02  8.5330E-03 -1.2305E-02
 -1.0051E-02  6.7103E-03 -1.2392E-02
 -1.1252E-02  8.5333E-03 -1.2570E-02
 -1.0969E-02  6.3610E-03 -1.3031E-02
 -1.0184E-02  6.9105E-03 -1.2412E-02
 -8.1299E-03  8.0717E-03 -1.0871E-02
 -6.2636E-03  6.4159E-03 -1.0254E-02
 -7.7068E-03  8.6168E-03 -1.0465E-02
 -1.3105E-02  5.3827E-03 -1.4567E-02
 -1.4814E-02  6.6489E-03 -1.5204E-02
 -1.3002E-02  3.1620E-03 -1.5147E-02
 -1.4892E-02  1.9377E-03 -1.6610E-02
 -1.4926E-02  1.1874E-04 -1.7156E-02
 -1.5767E-02  1.3788E-03 -1.7285E-02
 -1.2779E-02 -1.0857E-03 -1.6243E-02
 -1.4923E-02  5.8435E-04 -1.7019E-02
 -1.3555E-02  7.1022E-04 -1.6180E-02
 -1.6552E-02 -6.3129E-04 -1.8326E-02
 -1.6687E-02 -2.0304E-03 -1.8809E-02
 -1.8744E-02 -1.1988E-03 -1.9776E-02
 -1.8283E-02  5.2472E-04 -1.9008E-02
 -2.0375E-02 -5.4916E-05 -2.0403E-02
 -1.6722E-02 -4.5535E-03 -1.9559E-02
 -1.7694E-02 -4.8973E-03 -2.0228E-02
 -1.5529E-02 -6.2918E-03 -1.9360E-02
 -1.5492E-02 -8.7801E-03 -2.0057E-02
 -1.3630E-02 -1.0349E-02 -1.9418E-02
 -1.2427E-02 -1.2335E-02 -1.9286E-02
 -1.0926E-02 -1.4184E-02 -1.8939E-02
 -9.3039E-03 -1.3144E-02 -1.7687E-02
 -7.4161E-03 -1.2672E-02 -1.6442E-02
 -6.0716E-03 -1.1732E-02 -1.5382E-02
 -6.8641E-03 -1.3096E-02 -1.6241E-02
 -1.7675E-02 -9.5305E-03 -2.1555E-02
 -1.8766E-02 -8.4548E-03 -2.1884E-02
 -1.8334E-02 -1.1333E-02 -2.2462E-02
 -2.0383E-02 -1.2194E-02 -2.3913E-02
 -2.0852E-02 -1.4133E-02 -2.4748E-02
 -2.2738E-02 -1.5484E-02 -2.6245E-02
 -2.4890E-02 -1.3820E-02 -2.7027E-02
 -2.5898E-02 -1.3082E-02 -2.7405E-02
 -2.6785E-02 -1.5076E-02 -2.8502E-02
 -2.0281E-02 -1.3213E-02 -2.4147E-02
 -2.1823E-02 -1.2802E-02 -2.4933E-02
 -1.8413E-02 -1.4500E-02 -2.3423E-02
 -1.7994E-02 -1.5615E-02 -2.3499E-02
 -1.5700E-02 -1.6980E-02 -2.2547E-02
 -1.5261E-02 -1.8835E-02 -2.2825E-02
 -1.3363E-02 -1.9335E-02 -2.1856E-02
 -1.6792E-02 -1.9795E-02 -2.4000E-02
 -1.8242E-02 -1.3754E-02 -2.3107E-02
 -1.9110E-02 -1.4157E-02 -2.3733E-02
 -1.7487E-02 -1.1710E-02 -2.2074E-02
 -1.7575E-02 -9.7636E-03 -2.1563E-02
 -1.6325E-02 -7.8410E-03 -2.0275E-02
 -1.4036E-02 -8.8390E-03 -1.9220E-02
 -1.2960E-02 -7.4540E-03 -1.8189E-02
 -1.3336E-02 -1.0983E-02 -1.9428E-02
 -1.9854E-02 -8.6540E-03 -2.2580E-02
 -2.0189E-02 -7.4075E-03 -2.2417E-02
 -2.1421E-02 -9.1462E-03 -2.3642E-02
 -2.3687E-02 -8.2189E-03 -2.4704E-02
 -2.5093E-02 -9.2512E-03 -2.5827E-02
 -2.5758E-02 -7.5917E-03 -2.5738E-02
 -2.8162E-02 -6.6738E-03 -2.6883E-02
 -2.9008E-02 -5.8361E-03 -2.7138E-02
 -2.9252E-02 -6.7265E-03 -2.7538E-02
 -2.4423E-02 -8.7908E-03 -2.5300E-02
 -2.4217E-02 -1.0862E-02 -2.5778E-02
 -3.5200E-04 -1.0967E-02 -1.7887E-03
  3.2163E-03 -1.1086E-02 -3.9240E-04
  5.5813E-03 -1.6552E-02  1.2676E-03
  7.4360E-03 -1.8028E-02  2.1862E-03
  8.8360E-03 -2.3900E-02  3.5283E-03
  1.3368E-02 -2.4855E-02  5.4115E-03
  5.4163E-03 -2.7556E-02  2.7040E-03
  7.3026E-03 -6.5572E-03  5.7062E-04
  8.4283E-03 -4.1837E-03  6.8240E-04
  9.4815E-03 -5.3382E-03  1.2472E-03
  1.3456E-02 -1.0143E-03  2.1950E-03
  1.5428E-02 -8.2932E-04  2.9326E-03
  1.8957E-02  4.0772E-03  3.6284E-03
  1.7624E-02  6.7436E-03  2.7491E-03
  1.9873E-02  5.3231E-03  3.8127E-03
  1.4321E-02  1.0229E-02  9.9661E-04
  1.1473E-02  4.4927E-03  6.7726E-04
  1.4067E-02  7.7959E-03  1.2302E-03
  6.8887E-03  5.4657E-03 -1.2287E-03
  4.4718E-03  1.0442E-02 -2.8419E-03
 -3.4782E-04  1.0705E-02 -4.7419E-03
 -2.8559E-03  1.5993E-02 -6.4330E-03
  9.8991E-04  1.0172E-02 -4.1519E-03
  3.2222E-03  1.0743E-02 -3.3663E-03
  4.4424E-03  1.4824E-02 -3.4507E-03
  1.0880E-03  6.3339E-03 -3.5906E-03
 -3.3001E-04  6.1657E-03 -4.1162E-03
 -3.0912E-03  7.3669E-04 -4.4439E-03
 -7.8343E-03 -1.0970E-04 -6.1630E-03
 -4.4959E-03  6.3642E-04 -4.9735E-03
  4.2342E-03  7.2308E-03 -2.4960E-03
  4.2651E-03  1.0923E-02 -2.9875E-03
  8.1252E-03  4.1175E-03 -5.6663E-04
  1.2657E-02  4.8641E-03  1.0843E-03
  1.6384E-02  5.7876E-04  3.1102E-03
  1.4612E-02 -4.8350E-03  3.1630E-03
  1.9090E-02 -7.9463E-03  5.3193E-03
  1.7561E-02 -1.2277E-02  5.3182E-03
  1.6792E-02 -1.7378E-02  5.7161E-03
  1.5401E-02 -2.1064E-02  5.6806E-03
  1.7392E-02 -1.8780E-02  6.1396E-03
  1.5202E-02  1.0508E-02  1.2992E-03
  1.7485E-02  1.2500E-02  1.9106E-03
  1.4723E-02  1.3119E-02  7.5806E-04
  1.6889E-02  1.8550E-02  8.5542E-04
  1.6841E-02  1.9940E-02  6.4715E-04
  2.2017E-02  2.0994E-02  2.5053E-03
  2.1525E-02  2.0581E-02  2.3715E-03
  1.6840E-02  2.3422E-02  1.7224E-04
  1.5063E-02  2.1429E-02 -2.4365E-04
  1.3798E-02  2.2540E-02 -8.8432E-04
  1.5931E-02  2.6157E-02 -5.5253E-04
  8.7834E-03  2.1918E-02 -2.7390E-03
  5.5706E-03  2.5461E-02 -4.4646E-03
  1.5865E-05  2.3737E-02 -6.3781E-03
 -2.2978E-03  2.5766E-02 -7.5496E-03
 -7.9797E-03  2.6577E-02 -9.8578E-03
 -1.0896E-02  2.1498E-02 -1.0293E-02
 -1.3381E-02  1.8748E-02 -1.0879E-02
 -1.5905E-02  1.4156E-02 -1.1230E-02
 -1.3393E-02  2.0621E-02 -1.1139E-02
  6.7366E-03  2.5338E-02 -3.9969E-03
  6.9604E-03  2.9508E-02 -4.4789E-03
  7.4545E-03  2.0531E-02 -3.0639E-03
  8.4775E-03  1.9971E-02 -2.5919E-03
  7.8533E-03  1.4112E-02 -2.0344E-03
  2.4381E-03  1.1499E-02 -3.7726E-03
 -7.3476E-04  1.4006E-02 -5.3417E-03
  2.7376E-03  5.3604E-03 -2.8199E-03
  1.3529E-02  2.2426E-02 -9.7258E-04
  1.3847E-02  2.4732E-02 -1.1640E-03
  1.7521E-02  2.1964E-02  6.3437E-04
  2.2494E-02  2.4409E-02  2.2245E-03
  2.6890E-02  2.2921E-02  4.1274E-03
  3.1839E-02  2.5863E-02  5.6406E-03
  2.5735E-02  2.4433E-02  3.4745E-03
  2.2129E-02  3.0522E-02  1.2495E-03
  2.3580E-02  3.3254E-02  1.4383E-03
  1.9792E-02  3.2486E-02  7.8185E-05
  1.8945E-02  3.8124E-02 -1.0183E-03
  1.5781E-02  3.8516E-02 -2.2953E-03
  1.6780E-02  4.3515E-02 -2.5909E-03
  1.2602E-02  4.7437E-02 -4.7414E-03
  1.3843E-02  5.2341E-02 -4.9301E-03
  8.0855E-03  4.5598E-02 -6.2375E-03
  1.6151E-02  4.0336E-02 -2.4004E-03
  1.7402E-02  4.4811E-02 -2.5266E-03
  1.5721E-02  2.3424E-02  1.2796E-02
  1.4128E-02  2.2303E-02  1.3695E-02
  1.3403E-02  2.1810E-02  1.4117E-02
  1.1799E-02  2.0404E-02  1.4802E-02
  1.1427E-02  1.8654E-02  1.3831E-02
  9.9623E-03  1.7327E-02  1.4422E-02
  8.8448E-03  1.7750E-02  1.6012E-02
  7.3941E-03  1.6408E-02  1.6576E-02
  9.1908E-03  1.9479E-02  1.6996E-02
  1.0668E-02  2.0802E-02  1.6387E-02
  1.3811E-02  2.0652E-02  1.2740E-02
  1.2876E-02  2.0115E-02  1.3365E-02
  1.4602E-02  1.9848E-02  1.1215E-02
  1.4379E-02  1.8250E-02  1.0196E-02
  1.5088E-02  1.7348E-02  8.6844E-03
  1.4220E-02  1.6458E-02  8.9527E-03
  1.4499E-02  1.6838E-02  8.9419E-03
  1.3287E-02  1.5617E-02  9.3332E-03
  1.2306E-02  1.4526E-02  9.5689E-03
  1.2846E-02  1.5007E-02  9.3439E-03
  1.4873E-02  1.8410E-02  9.7685E-03
  1.4118E-02  1.7238E-02  9.6860E-03
  1.6142E-02  1.9791E-02  9.4412E-03
  1.6622E-02  1.9983E-02  9.0542E-03
  1.8196E-02  2.1533E-02  8.5178E-03
  1.8311E-02  2.3347E-02  9.8275E-03
  1.9884E-02  2.4889E-02  9.2861E-03
  2.1025E-02  2.4657E-02  7.8206E-03
  2.0053E-02  2.6281E-02  1.0200E-02
  1.5489E-02  2.0249E-02  1.0537E-02
  1.5185E-02  1.9654E-02  1.0407E-02
  1.4830E-02  2.1095E-02  1.1948E-02
  1.3749E-02  2.1510E-02  1.3491E-02
  1.3791E-02  2.3109E-02  1.4713E-02
  1.2756E-02  2.3780E-02  1.6407E-02
  1.3262E-02  2.5867E-02  1.7495E-02
  1.1670E-02  2.5329E-02  1.8856E-02
  1.2153E-02  1.9978E-02  1.4067E-02
  1.1411E-02  1.9690E-02  1.4671E-02
  1.1674E-02  1.8919E-02  1.3764E-02
  1.0170E-02  1.7469E-02  1.4301E-02
  9.5070E-03  1.7309E-02  1.4919E-02
  7.8278E-03  1.6325E-02  1.6023E-02
  9.9151E-03  1.9038E-02  1.5833E-02
  9.9637E-03  1.5691E-02  1.3122E-02
  8.7125E-03  1.4520E-02  1.3597E-02
  1.1174E-02  1.5476E-02  1.1593E-02
  1.1058E-02  1.3802E-02  1.0395E-02
  1.2625E-02  1.3893E-02  8.7084E-03
  1.0233E-02  1.3159E-02  1.0811E-02
  9.1740E-03  1.1674E-02  1.0821E-02
  1.0688E-02  1.4258E-02  1.1172E-02
  1.2035E-02  1.5960E-02  1.1011E-02
  1.1760E-02  1.6577E-02  1.1809E-02
  1.0937E-02  1.4934E-02  1.1429E-02
  9.8845E-03  1.3626E-02  1.1572E-02
  8.2972E-03  1.3439E-02  1.3206E-02
  7.3759E-03  1.2451E-02  1.3456E-02
  7.9563E-03  1.4322E-02  1.4289E-02
  6.4616E-03  1.4189E-02  1.5861E-02
  6.4856E-03  1.5624E-02  1.6973E-02
  4.9702E-03  1.5558E-02  1.8622E-02
  5.1917E-03  1.7044E-02  1.9552E-02
  4.3508E-03  1.5713E-02  1.9440E-02
  5.3818E-03  1.2408E-02  1.5660E-02
  4.1077E-03  1.1563E-02  1.6420E-02
  5.9125E-03  1.1839E-02  1.4613E-02
  5.0161E-03  1.0137E-02  1.4269E-02
  5.8843E-03  9.7887E-03  1.3017E-02
  4.9348E-03  7.9846E-03  1.2651E-02
  6.3631E-03  1.1222E-02  1.3617E-02
  5.0747E-03  1.1431E-02  1.5229E-02
  4.7048E-03  8.7877E-03  1.3547E-02
  3.4394E-03  7.5411E-03  1.3978E-02
  5.8787E-03  9.0582E-03  1.2444E-02
  5.7645E-03  7.8770E-03  1.1635E-02
  4.7185E-03  7.8834E-03  1.2814E-02
  3.9128E-03  6.5507E-03  1.2661E-02
  5.6603E-03  1.2888E-02  3.1477E-02
  4.8649E-03  1.5554E-02  3.0964E-02
  5.1458E-03  1.4219E-02  3.0826E-02
  4.2507E-03  1.6660E-02  2.9796E-02
  4.4425E-03  1.8715E-02  3.2107E-02
  3.6309E-03  2.0951E-02  3.1192E-02
  2.6156E-03  2.1132E-02  2.7925E-02
  1.8522E-03  2.3268E-02  2.7091E-02
  2.3997E-03  1.9115E-02  2.5564E-02
  3.2126E-03  1.6902E-02  2.6503E-02
  3.5635E-03  1.6943E-02  2.7716E-02
  2.7849E-03  1.9937E-02  2.7526E-02
  3.3246E-03  1.4773E-02  2.5152E-02
  2.1045E-03  1.5868E-02  2.1939E-02
  1.9727E-03  1.3145E-02  1.9288E-02
  1.7501E-03  1.2896E-02  1.8338E-02
  2.4897E-03  9.9340E-03  1.8422E-02
  2.3097E-03  9.7564E-03  1.7673E-02
  1.3902E-03  1.2578E-02  1.6870E-02
  1.2546E-03  1.2404E-02  1.6273E-02
  6.4534E-04  1.5536E-02  1.6764E-02
  8.2342E-04  1.5682E-02  1.7481E-02
  1.6399E-03  1.7414E-02  2.1631E-02
  5.4090E-04  1.9322E-02  1.9483E-02
  2.4423E-03  1.6592E-02  2.3662E-02
  2.0005E-03  1.8214E-02  2.3492E-02
  2.9545E-03  1.6439E-02  2.5259E-02
  3.2908E-03  1.3257E-02  2.3810E-02
  1.6141E-03  2.1710E-02  2.5027E-02
  7.0278E-04  2.3972E-02  2.3798E-02
  2.3024E-03  2.2171E-02  2.7715E-02
  1.9774E-03  2.5475E-02  2.9302E-02
  2.9548E-03  2.5443E-02  3.2562E-02
  3.7234E-03  2.5926E-02  3.5538E-02
  4.4865E-03  2.6716E-02  3.8744E-02
  5.3314E-03  2.6854E-02  4.1697E-02
  6.2214E-03  2.7085E-02  4.4876E-02
  7.8094E-04  2.7622E-02  2.7021E-02
  3.5447E-05  3.0517E-02  2.6862E-02
  5.8464E-04  2.6166E-02  2.5180E-02
 -5.4562E-04  2.7938E-02  2.2817E-02
 -4.3845E-04  2.5759E-02  2.1410E-02
  2.6260E-04  2.5578E-02  2.3621E-02
 -3.7579E-04  2.8892E-02  2.4161E-02
  1.8367E-04  3.0073E-02  2.7000E-02
 -1.4534E-03  3.0374E-02  2.1741E-02
 -1.5713E-03  2.8826E-02  2.0089E-02
 -2.5577E-03  3.1575E-02  1.9002E-02
 -1.3274E-03  2.6479E-02  1.9006E-02
 -2.2164E-03  2.6978E-02  1.6422E-02
 -1.6890E-03  2.3841E-02  1.5651E-02
 -2.6071E-03  2.9836E-02  1.7426E-02
 -3.6894E-03  3.1979E-02  1.5525E-02
 -1.7194E-03  2.9873E-02  2.0440E-02
 -1.9335E-03  3.2491E-02  2.1843E-02
 -7.3282E-04  3.1592E-02  2.5151E-02
 -1.6538E-04  2.8984E-02  2.4944E-02
  1.1727E-03  2.7491E-02  2.8231E-02
  1.8880E-03  2.4481E-02  2.8195E-02
  1.5065E-03  2.9304E-02  3.0824E-02
 -2.6078E-03  3.5770E-02  2.2236E-02
 -3.2990E-03  3.8394E-02  2.2040E-02
 -2.4226E-03  3.5595E-02  2.2716E-02
 -3.0318E-03  3.8527E-02  2.3045E-02
 -2.3641E-03  3.7763E-02  2.4671E-02
 -4.3281E-03  3.9783E-02  1.9706E-02
 -5.0452E-03  4.2434E-02  1.9444E-02
 -4.6162E-03  3.7823E-02  1.7148E-02
 -5.8361E-03  3.8794E-02  1.3834E-02
 -6.0822E-03  3.8090E-02  1.2436E-02
 -7.1159E-03  3.9128E-02  9.8024E-03
 -5.1213E-03  3.6209E-02  1.4141E-02
 -5.2225E-03  3.5354E-02  1.3108E-02
 -4.1788E-03  3.4694E-02  1.6081E-02
 -4.3539E-03  3.7852E-02  1.8053E-02
 -3.4132E-03  3.7897E-02  2.1253E-02
 -5.3142E-03  4.0192E-02  1.6722E-02
 -5.2749E-03  3.2429E-02  1.0559E-02
 -5.6005E-03  3.1906E-02  9.0405E-03
 -8.1233E-03  2.3583E-02  1.2312E-02
 -8.9003E-03  2.1843E-02  1.1325E-02
 -7.5341E-03  2.1708E-02  1.1996E-02
 -5.0497E-03  2.0741E-02  1.2976E-02
 -8.4543E-03  2.0192E-02  1.1009E-02
 -8.4824E-03  1.9438E-02  1.0743E-02
 -7.5901E-03  1.9309E-02  1.1168E-02
 -9.2706E-03  1.7578E-02  9.7097E-03
 -8.9021E-03  1.5141E-02  9.0907E-03
 -1.1143E-02  1.4166E-02  7.5912E-03
 -1.2602E-02  1.5464E-02  7.2587E-03
 -1.4390E-02  1.7552E-02  7.0176E-03
 -1.6694E-02  1.6713E-02  5.5298E-03
 -1.8469E-02  1.8646E-02  5.2438E-03
 -7.4844E-03  1.3477E-02  9.2794E-03
 -7.9572E-03  1.3523E-02  9.0468E-03
 -5.7059E-03  1.2054E-02  9.7377E-03
 -4.2630E-03  1.0423E-02  9.9503E-03
 -1.8140E-03  1.0950E-02  1.1410E-02
 -8.6674E-05  8.9800E-03  1.1659E-02
  1.0979E-03  7.2952E-03  1.1718E-02
  2.5817E-03  5.3505E-03  1.1848E-02
  2.9189E-03  5.0535E-03  1.1926E-02
  4.4091E-03  3.0449E-03  1.2038E-02
  1.7778E-03  6.7058E-03  1.1878E-02
  2.7203E-04  8.6844E-03  1.1748E-02
 -4.4787E-03  7.8274E-03  8.9724E-03
 -4.7189E-03  7.3453E-03  8.6859E-03
 -4.4682E-03  6.1672E-03  8.4247E-03
 -4.6378E-03  3.6539E-03  7.4983E-03
 -7.1254E-03  3.2553E-03  6.0615E-03
 -3.3826E-03  1.9030E-03  7.5728E-03
 -3.3978E-03  2.4321E-03  7.7412E-03
 -2.2169E-03 -1.2196E-04  7.5091E-03
 -9.5687E-04 -1.9581E-03  7.5578E-03
  1.3538E-03 -2.9156E-03  8.4500E-03
  2.7227E-03 -4.9383E-03  8.4935E-03
  5.1024E-03 -4.4096E-03  9.9172E-03
  6.5999E-03 -4.1423E-03  1.0791E-02
  6.2524E-03 -1.6308E-03  1.1446E-02
 -2.3652E-03 -4.0175E-03  6.1332E-03
 -3.1634E-03 -4.9264E-03  5.4120E-03
 -2.5757E-03 -4.8112E-03  5.7584E-03
 -3.9717E-03 -6.6667E-03  4.4083E-03
 -5.7787E-03 -5.6191E-03  3.8102E-03
 -7.7200E-03 -3.9825E-03  3.3379E-03
 -6.6759E-03 -7.5895E-03  2.6833E-03
 -2.5256E-03 -8.9375E-03  4.4097E-03
 -1.1963E-03 -8.8105E-03  5.1488E-03
 -2.7530E-03 -1.1025E-02  3.5949E-03
 -1.4259E-03 -1.3278E-02  3.5397E-03
 -1.3722E-03 -1.5285E-02  2.8989E-03
  2.9554E-04 -1.7609E-02  2.9988E-03
 -7.4638E-05 -1.9587E-02  2.1459E-03
  1.9971E-03 -1.7481E-02  3.9336E-03
 -2.5431E-03 -1.3966E-02  2.7247E-03
 -4.3805E-03 -1.4651E-02  1.5333E-03
 -1.4767E-03 -1.3636E-02  3.3939E-03
 -2.4023E-03 -1.4232E-02  2.7099E-03
 -1.9132E-03 -1.6904E-02  2.0758E-03
 -2.4552E-03 -1.7667E-02  1.5376E-03
 -8.4878E-04 -1.8338E-02  2.1560E-03
 -2.8078E-04 -2.0955E-02  1.5818E-03
  1.9639E-03 -2.1913E-02  2.4392E-03
  3.8389E-03 -2.0467E-02  3.9038E-03
  1.6438E-03 -2.1697E-02  2.3436E-03
 -2.1370E-03 -2.2330E-02  1.5064E-04
 -1.7760E-03 -2.4540E-02 -3.9673E-04
 -4.0574E-03 -2.1006E-02 -4.1482E-04
 -5.9431E-03 -2.2111E-02 -1.7718E-03
 -7.1628E-03 -2.0575E-02 -1.8991E-03
 -6.0098E-03 -2.0737E-02 -1.3486E-03
 -7.6077E-03 -1.9292E-02 -1.7049E-03
 -6.6274E-03 -1.9224E-02 -1.1682E-03
 -8.4303E-03 -1.8016E-02 -1.7109E-03
 -7.7233E-03 -2.2298E-02 -2.7672E-03
 -7.7448E-03 -2.1153E-02 -2.3969E-03
 -4.5913E-03 -2.4021E-02  2.6917E-03
 -4.5815E-03 -2.5083E-02  2.3855E-03
 -6.2069E-03 -2.5112E-02  1.2239E-03
 -6.7149E-03 -2.5362E-02  7.8975E-04
 -5.7940E-03 -2.4298E-02  1.7570E-03
 -6.6827E-03 -2.2545E-02  1.6437E-03
 -6.9634E-03 -2.1393E-02  1.7844E-03
 -7.1236E-03 -2.2361E-02  1.3852E-03
 -7.9840E-03 -2.0763E-02  1.2463E-03
 -8.5516E-03 -2.1051E-02  7.5878E-04
 -7.2661E-03 -2.1248E-02  1.6124E-03
 -9.7287E-03 -1.9553E-02  3.6566E-04
 -9.2396E-03 -2.0078E-02  5.5770E-04
 -9.5462E-03 -1.8509E-02  8.0301E-04
 -9.8976E-03 -2.1278E-02 -2.6317E-04
 -1.1111E-02 -2.0803E-02 -9.8408E-04
 -1.1892E-02 -2.2326E-02 -1.9873E-03
 -1.0572E-02 -2.0133E-02 -4.0357E-04
 -1.1421E-02 -1.9130E-02 -7.1013E-04
 -9.1834E-03 -2.0723E-02  4.0731E-04
 -8.6338E-03 -2.0080E-02  9.8681E-04
 -7.3513E-03 -2.1328E-02  1.5283E-03
 -7.2079E-03 -2.1046E-02  1.7132E-03
 -6.1975E-03 -2.2514E-02  1.9970E-03
 -5.5893E-03 -2.2176E-02  2.5281E-03
 -6.0160E-03 -2.3998E-02  1.6880E-03
 -8.2021E-03 -1.8329E-02  1.8095E-03
 -8.6114E-03 -1.7122E-02  1.8751E-03
 -7.4595E-03 -1.8148E-02  2.3896E-03
 -7.0095E-03 -1.6489E-02  3.1982E-03
 -6.2634E-03 -1.6572E-02  3.7031E-03
 -4.9122E-03 -1.7948E-02  4.2557E-03
 -5.8450E-03 -1.4826E-02  4.5149E-03
 -8.3686E-03 -1.5060E-02  2.6556E-03
 -8.3734E-03 -1.3646E-02  3.0694E-03
 -9.5218E-03 -1.5463E-02  1.7188E-03
 -1.0918E-02 -1.4276E-02  1.0788E-03
 -1.1999E-02 -1.5188E-02  4.2427E-05
 -1.3418E-02 -1.4061E-02 -6.3167E-04
 -1.4721E-02 -1.4601E-02 -1.7153E-03
 -1.5788E-02 -1.5186E-02 -2.6444E-03
 -1.7177E-02 -1.4387E-02 -3.3938E-03
 -1.8069E-02 -1.5017E-02 -4.2126E-03
 -1.7681E-02 -1.2956E-02 -3.3299E-03
 -1.1498E-02 -1.3763E-02  8.1868E-04
 -1.1972E-02 -1.2236E-02  9.3266E-04
 -1.1403E-02 -1.5030E-02  5.1168E-04
 -1.1889E-02 -1.4691E-02  2.6744E-04
 -1.1678E-02 -1.6358E-02 -7.4981E-05
 -1.0991E-02 -1.3432E-02  1.2755E-03
 -1.1604E-02 -1.2170E-02  1.2131E-03
 -9.5369E-03 -1.3764E-02  2.2093E-03
 -8.5783E-03 -1.2621E-02  3.2265E-03
 -6.9708E-03 -1.3283E-02  4.1716E-03
 -6.2967E-03 -1.4749E-02  4.2171E-03
 -5.1454E-03 -1.5676E-02  4.7604E-03
 -6.8956E-03 -1.4967E-02  3.7281E-03
 -8.9761E-03 -1.0776E-02  3.4885E-03
 -9.0330E-03 -9.5343E-03  3.8145E-03
 -9.2472E-03 -1.0593E-02  3.3501E-03
 -9.6474E-03 -8.8941E-03  3.5675E-03
 -9.8606E-03 -9.0864E-03  3.3595E-03
 -8.3410E-03 -9.4657E-03  4.3256E-03
 -7.3962E-03 -8.1790E-03  5.3754E-03
 -8.4940E-03 -9.2950E-03  4.2674E-03
 -1.1000E-02 -7.7885E-03  2.9344E-03
 -1.1074E-02 -6.2082E-03  3.3480E-03
 -1.2088E-02 -8.6035E-03  1.9221E-03
 -1.3406E-02 -7.6473E-03  1.2693E-03
 -1.4605E-02 -8.7713E-03  8.6940E-05
 -1.5217E-02 -9.1166E-03 -4.4871E-04
 -1.6698E-02 -9.7402E-03 -1.6836E-03
 -1.6722E-02 -1.1321E-02 -2.1672E-03
 -1.7833E-02 -8.6469E-03 -2.1663E-03
 -1.3066E-02 -7.0071E-03  1.6990E-03
 -1.3707E-02 -5.6083E-03  1.6572E-03
 -1.3369E-02 -6.8023E-03  2.2546E-03
 -1.2971E-02 -6.3798E-03  2.6403E-03
 -1.2156E-02 -8.1532E-03  2.5475E-03
 -1.3374E-02 -9.4525E-03  1.3653E-03
 -1.2764E-02 -1.1512E-02  1.0506E-03
 -1.1036E-02 -1.2313E-02  1.8430E-03
 -1.0410E-02 -1.4239E-02  1.5828E-03
 -1.1840E-02 -4.8934E-03  3.8314E-03
 -1.1475E-02 -4.2702E-03  4.2635E-03
 -1.1260E-02 -4.3571E-03  4.3666E-03
 -1.0182E-02 -2.9403E-03  5.5020E-03
 -8.6969E-03 -3.5071E-03  6.2232E-03
 -7.9496E-03 -1.8152E-03  7.2475E-03
 -7.3466E-03 -4.9919E-03  6.5549E-03
 -5.9618E-03 -5.7037E-03  7.1663E-03
 -1.1181E-02 -1.0954E-03  5.5059E-03
 -1.0974E-02  3.6070E-04  6.1203E-03
 -1.2315E-02 -1.1902E-03  4.7788E-03
 -1.3306E-02  4.4545E-04  4.7180E-03
 -1.3491E-02  7.2983E-05  4.4795E-03
 -1.1812E-02 -4.8513E-04  5.3231E-03
 -1.0919E-02  1.1529E-03  6.4190E-03
 -1.2000E-02 -1.2087E-03  4.9659E-03
 -1.5027E-02  1.1634E-03  3.9022E-03
 -1.5517E-02  2.8577E-03  4.1687E-03
 -1.5961E-02 -1.1488E-04  2.9016E-03
 -1.7642E-02  4.2366E-04  2.0507E-03
 -1.8783E-02  1.1196E-03  1.5834E-03
 -1.9085E-02  2.8360E-03  1.9726E-03
 -1.9322E-02 -5.9397E-05  8.5822E-04
