  2.5446E-03  1.1067E-03 -1.5321E-02
  1.3297E-03  1.6627E-03 -1.4201E-02
  1.4363E-03  2.4612E-03 -1.3580E-02
  2.8416E-04  3.1110E-03 -1.2414E-02
  1.8504E-04  4.0436E-03 -1.1570E-02
  1.0142E-03  5.5714E-03 -1.0716E-02
 -7.7171E-05  5.7217E-04 -1.4374E-02
 -2.7479E-04 -2.8184E-04 -1.4993E-02
 -9.9335E-04  5.4927E-04 -1.3905E-02
 -2.3874E-03 -4.4911E-04 -1.4007E-02
 -2.4529E-03 -1.1795E-03 -1.4592E-02
 -1.6543E-03 -2.1157E-03 -1.5812E-02
 -1.3767E-03 -2.5034E-03 -1.6289E-02
 -7.0267E-04 -3.5003E-03 -1.7495E-02
 -9.0532E-04 -4.4201E-03 -1.8167E-02
 -2.3621E-04 -5.2886E-03 -1.9261E-02
 -1.7739E-03 -4.4758E-03 -1.7751E-02
 -3.5867E-03  1.6767E-04 -1.2843E-02
 -3.6841E-03  9.0453E-04 -1.2166E-02
 -4.5097E-03 -1.5974E-04 -1.2628E-02
 -5.6438E-03  4.0351E-04 -1.1545E-02
 -5.2677E-03  1.2320E-03 -1.1043E-02
 -6.4834E-03  1.7159E-03 -9.9834E-03
 -3.8731E-03  2.3116E-03 -1.0872E-02
 -3.1717E-03  2.8572E-03 -1.0784E-02
 -7.1184E-03 -5.9738E-04 -1.1607E-02
 -7.2093E-03 -1.5966E-03 -1.2406E-02
 -8.2367E-03 -3.6469E-04 -1.0812E-02
 -9.7390E-03 -1.1804E-03 -1.0702E-02
 -1.0497E-02 -1.4528E-03 -1.0528E-02
 -9.9440E-03 -2.4011E-03 -1.1628E-02
 -1.0502E-02 -2.6209E-03 -1.1517E-02
 -1.2138E-02 -1.9512E-03 -1.0074E-02
 -1.0406E-02 -3.2656E-04 -9.6212E-03
 -1.0198E-02  7.8263E-04 -8.7915E-03
 -1.1102E-02 -8.0754E-04 -9.6579E-03
 -1.1764E-02 -8.8511E-05 -8.6941E-03
 -1.1274E-02 -1.9612E-04 -9.0470E-03
 -1.1518E-02  6.8667E-04 -8.1683E-03
 -1.0868E-02  4.3465E-04 -8.7287E-03
 -1.0837E-02  2.0528E-03 -7.3726E-03
 -1.3414E-02 -6.0899E-04 -8.2550E-03
 -1.4035E-02 -1.6818E-03 -8.8331E-03
 -1.4112E-02  1.3853E-04 -7.2480E-03
 -1.5707E-02 -2.5246E-04 -6.7278E-03
 -1.6149E-02  9.3379E-05 -6.1986E-03
 -1.5611E-02 -3.2600E-04 -6.8415E-03
 -1.6039E-02 -1.7202E-03 -7.7955E-03
 -1.6261E-02  1.9803E-04 -6.0501E-03
 -1.6420E-02  3.7973E-04 -5.8109E-03
 -1.5781E-02  1.4305E-03 -5.2609E-03
 -1.7767E-02 -2.4155E-04 -5.6187E-03
 -1.8501E-02  2.9843E-04 -4.7686E-03
 -1.9983E-02 -5.8615E-04 -4.7278E-03
 -2.0215E-02 -1.7343E-03 -5.5780E-03
 -2.1003E-02 -4.0098E-05 -3.7198E-03
 -2.2484E-02 -7.6329E-04 -3.5423E-03
 -2.3470E-02  9.8113E-05 -2.2854E-03
 -2.2520E-02 -1.3621E-03 -4.0313E-03
 -2.1518E-02 -9.5375E-04 -4.2198E-03
 -2.3593E-02 -2.4268E-03 -4.3611E-03
 -2.3701E-02 -3.0358E-03 -4.8204E-03
 -2.4985E-02 -4.2469E-03 -5.1619E-03
 -2.5798E-02 -3.9826E-03 -4.5039E-03
 -2.4581E-02 -3.2592E-03 -4.5397E-03
 -2.4050E-02 -2.1594E-03 -3.8907E-03
 -2.5114E-02 -1.7662E-03 -2.9889E-03
 -2.3111E-02 -1.8081E-03 -4.0938E-03
 -2.3334E-02 -9.8400E-04 -3.2760E-03
 -2.2307E-02  3.6167E-04 -2.6824E-03
 -2.2172E-02  1.0684E-03 -2.1554E-03
 -3.5563E-02 -8.0406E-03  8.1526E-03
 -3.2590E-02 -7.4629E-03  1.0685E-02
 -2.8804E-02 -6.5485E-03  1.0036E-02
 -3.2037E-02 -7.3125E-03  1.0224E-02
 -3.0251E-02 -7.0114E-03  1.2740E-02
 -3.3489E-02 -7.5025E-03  6.9926E-03
 -3.3083E-02 -7.3748E-03  6.2789E-03
 -2.9067E-02 -6.3880E-03  5.2308E-03
 -2.7711E-02 -6.1533E-03  7.0061E-03
 -2.7168E-02 -5.8117E-03  2.3546E-03
 -2.3311E-02 -4.8568E-03  1.1896E-03
 -2.1233E-02 -4.2635E-03 -1.1427E-03
 -2.3499E-02 -4.6329E-03 -4.6133E-03
 -2.1145E-02 -3.9676E-03 -7.1089E-03
 -2.2908E-02 -4.1901E-03 -1.1214E-02
 -2.6188E-02 -4.9371E-03 -1.1630E-02
 -2.3652E-02 -4.8254E-03 -1.2180E-03
 -2.0970E-02 -4.1881E-03 -1.4447E-03
 -2.7037E-02 -5.5371E-03 -2.9287E-03
 -2.7808E-02 -5.6093E-03 -5.2672E-03
 -2.7368E-02 -5.6155E-03 -2.9087E-03
 -2.6440E-02 -5.3236E-03 -4.5323E-03
 -2.7805E-02 -5.8962E-03  9.6150E-04
 -2.7495E-02 -5.9441E-03  3.5665E-03
 -2.8141E-02 -6.3008E-03  8.0263E-03
 -3.1901E-02 -7.2012E-03  8.5008E-03
 -2.4949E-02 -5.6238E-03  9.5147E-03
 -2.3679E-02 -5.0361E-03  3.2130E-03
 -2.3515E-02 -5.0227E-03  3.7533E-03
 -2.0658E-02 -4.2802E-03  2.1304E-03
 -1.6962E-02 -3.4055E-03  1.8836E-03
 -1.4023E-02 -2.8181E-03  4.0339E-03
 -1.1592E-02 -2.3946E-03  7.1655E-03
 -1.3841E-02 -3.0766E-03  1.0558E-02
 -1.3707E-02 -3.0580E-03  1.0832E-02
 -1.5521E-02 -3.5812E-03  1.2984E-02
 -1.5738E-02 -2.9253E-03 -2.3228E-03
 -1.2759E-02 -2.2012E-03 -2.9331E-03
 -1.8212E-02 -3.3716E-03 -5.1736E-03
 -1.7368E-02 -2.9845E-03 -9.2877E-03
 -2.0399E-02 -3.5746E-03 -1.1843E-02
 -1.6834E-02 -2.8091E-03 -1.0385E-02
 -1.3975E-02 -2.0559E-03 -1.2234E-02
 -1.9558E-02 -3.4925E-03 -9.3665E-03
 -1.9160E-02 -3.3562E-03 -1.0305E-02
 -2.2382E-02 -4.1909E-03 -8.5329E-03
 -2.5617E-02 -4.8168E-03 -1.1349E-02
 -2.8157E-02 -5.4866E-03 -9.6904E-03
 -3.1925E-02 -6.3505E-03 -1.0049E-02
 -2.6747E-02 -5.2316E-03 -8.0800E-03
 -1.5402E-02 -2.5506E-03 -8.7353E-03
 -1.3560E-02 -2.0322E-03 -1.0648E-02
 -1.4275E-02 -2.4499E-03 -5.2167E-03
 -1.0680E-02 -1.6921E-03 -3.4400E-03
 -1.0187E-02 -1.7702E-03  7.4753E-04
 -6.1146E-03 -8.9185E-04  2.3332E-03
 -4.0262E-03 -4.2961E-04  2.8896E-03
 -2.0435E-04  4.0551E-04  4.1417E-03
  1.5712E-03  7.8725E-04  4.8586E-03
 -4.8137E-04  3.3187E-04  4.3350E-03
 -4.3044E-03 -5.0366E-04  3.0858E-03
 -7.2779E-03 -7.7554E-04 -6.0738E-03
 -4.9540E-03 -1.8372E-04 -7.1323E-03
 -7.0808E-03 -6.7732E-04 -7.2034E-03
 -4.0760E-03  1.3822E-04 -9.6624E-03
 -4.5703E-03  5.1586E-05 -1.0288E-02
 -1.6062E-03  8.7601E-04 -1.3145E-02
 -4.0260E-03 -3.7736E-06 -6.3337E-03
 -5.1202E-03 -2.5357E-04 -6.4602E-03
 -3.9537E-03  3.4585E-04 -1.3542E-02
 -9.3799E-04  1.1004E-03 -1.4625E-02
  7.0796E-03 -1.9516E-03 -1.3062E-02
  6.7876E-03 -1.5807E-03 -1.4618E-02
  6.9398E-03 -3.7509E-03 -1.4950E-02
  7.3447E-03 -4.4974E-03 -1.2927E-02
  7.5914E-03 -7.4905E-03 -1.3163E-02
  7.3742E-03 -7.3247E-03 -1.4383E-02
  6.3356E-03 -8.0701E-04 -1.6910E-02
  6.0164E-03  9.1782E-04 -1.7847E-02
  6.3147E-03 -2.0198E-03 -1.7738E-02
  5.9133E-03 -1.5285E-03 -1.9887E-02
  5.9871E-03 -3.4042E-03 -2.0524E-02
  5.5793E-03 -3.1018E-03 -2.2821E-02
  5.5564E-03 -5.2840E-03 -2.4222E-02
  5.1940E-03 -5.1108E-03 -2.6318E-02
  5.8977E-03 -7.1598E-03 -2.3237E-02
  5.6804E-03  7.6203E-04 -1.9974E-02
  5.2892E-03  1.7977E-03 -2.1746E-02
  5.9126E-03  1.5953E-03 -1.8085E-02
  5.7001E-03  3.7669E-03 -1.8117E-02
  6.0014E-03  3.8440E-03 -1.6246E-02
  5.7755E-03  5.3407E-03 -1.6750E-02
  5.5082E-03  4.4853E-03 -1.8865E-02
  5.2701E-03  5.9847E-03 -1.9441E-02
  4.9574E-03  8.3503E-03 -1.9969E-02
  5.5389E-03  5.8084E-03 -1.7914E-02
  5.1986E-03  7.5730E-03 -1.8956E-02
  5.7759E-03  5.5338E-03 -1.6636E-02
  5.6665E-03  7.3602E-03 -1.6243E-02
  6.0495E-03  7.7784E-03 -1.3680E-02
  6.1983E-03  8.1111E-03 -1.2585E-02
  6.5044E-03  6.2574E-03 -1.1801E-02
  6.5943E-03  6.4554E-03 -1.1142E-02
  6.3792E-03  8.5380E-03 -1.1242E-02
  6.4505E-03  8.6471E-03 -1.0746E-02
  6.0779E-03  1.0439E-02 -1.1968E-02
  5.9891E-03  1.0214E-02 -1.2637E-02
  5.5063E-03  7.0631E-03 -1.7386E-02
  5.3398E-03  8.6571E-03 -1.7473E-02
  5.5504E-03  5.0525E-03 -1.8281E-02
  5.4043E-03  4.7244E-03 -1.9356E-02
  5.6682E-03  4.8681E-03 -1.7674E-02
  5.4956E-03  6.0663E-03 -1.8027E-02
  6.0888E-03  3.5356E-03 -1.5895E-02
  6.3994E-03  3.4536E-03 -1.4060E-02
  6.6431E-03  4.7047E-03 -1.1858E-02
  6.3353E-03  7.0776E-03 -1.2352E-02
  6.9316E-03  3.4581E-03 -1.0831E-02
  7.0786E-03  4.8276E-03 -9.1479E-03
  6.7161E-03  9.6682E-04 -1.3578E-02
  6.7749E-03 -4.6572E-04 -1.4049E-02
  6.9093E-03  4.0825E-04 -1.2730E-02
  6.7696E-03  1.8544E-03 -1.2740E-02
  7.0758E-03  3.1114E-04 -1.1777E-02
  7.1503E-03 -1.9669E-03 -1.2642E-02
  7.2194E-03 -1.9260E-03 -1.2199E-02
  7.6776E-03 -2.5527E-03 -9.7847E-03
  7.7837E-03 -1.0984E-03 -8.3008E-03
  7.9537E-03 -4.7551E-03 -9.3845E-03
  8.4091E-03 -5.6556E-03 -7.1446E-03
  8.5998E-03 -7.8305E-03 -7.2464E-03
  9.0766E-03 -8.9328E-03 -4.9941E-03
  9.2673E-03 -1.1236E-02 -5.1694E-03
  9.6712E-03 -1.2694E-02 -3.5645E-03
  9.0562E-03 -1.1701E-02 -6.7177E-03
  8.6212E-03 -6.2029E-03 -6.1756E-03
  8.5836E-03 -7.5007E-03 -7.1542E-03
  8.8395E-03 -5.1736E-03 -4.2571E-03
  9.0571E-03 -5.5313E-03 -3.1453E-03
  8.9552E-03 -3.2407E-03 -2.4380E-03
  9.2167E-03 -3.6484E-03 -1.0888E-03
  8.4763E-03 -1.7417E-03 -4.4741E-03
  8.3556E-03  6.9828E-04 -3.7949E-03
  9.5261E-03 -6.7539E-03 -1.0090E-03
  9.6570E-03 -6.1517E-03  1.3242E-04
  9.7768E-03 -8.5141E-03 -5.0762E-04
  1.0232E-02 -9.7183E-03  1.5569E-03
  1.0371E-02 -1.1948E-02  1.1064E-03
  1.0505E-02 -1.3775E-02  8.6406E-04
  1.0401E-02 -1.0045E-02  2.3906E-03
  1.0200E-02 -1.0267E-02  1.0421E-03
  2.2898E-02 -1.1830E-02  1.7283E-02
  2.3430E-02 -9.1833E-03  1.6182E-02
  2.6594E-02 -8.7784E-03  1.5792E-02
  2.8255E-02 -9.6287E-03  1.6014E-02
  2.7541E-02 -1.0292E-02  1.6332E-02
  2.1589E-02 -8.1160E-03  1.5887E-02
  2.0823E-02 -5.8441E-03  1.5030E-02
  2.0752E-02 -9.7685E-03  1.6610E-02
  1.8998E-02 -8.8603E-03  1.6372E-02
  1.6206E-02 -8.0266E-03  1.6238E-02
  1.5047E-02 -6.0770E-03  1.5539E-02
  1.5165E-02 -9.4514E-03  1.6885E-02
  1.2459E-02 -8.8667E-03  1.6845E-02
  1.1541E-02 -1.1066E-02  1.7794E-02
  1.0539E-02 -1.3419E-02  1.8810E-02
  1.0602E-02 -1.5564E-02  1.9666E-02
  9.6547E-03 -1.3148E-02  1.8765E-02
  1.2556E-02 -6.4706E-03  1.5876E-02
  1.0709E-02 -4.8260E-03  1.5349E-02
  1.4728E-02 -6.3492E-03  1.5671E-02
  1.5239E-02 -4.2335E-03  1.4785E-02
  1.7896E-02 -4.8287E-03  1.4833E-02
  1.8302E-02 -3.3486E-03  1.4210E-02
  2.1270E-02 -4.8325E-03  1.4592E-02
  2.3709E-02 -3.5864E-03  1.3916E-02
  1.5478E-02 -1.7088E-03  1.3755E-02
  1.4344E-02  2.2076E-04  1.3062E-02
  1.7049E-02 -1.7248E-03  1.3648E-02
  1.7415E-02  5.4938E-04  1.2709E-02
  1.9166E-02 -1.1183E-04  1.2848E-02
  2.2226E-02  4.5265E-04  1.2402E-02
  2.2591E-02  3.3057E-03  1.1230E-02
  2.3583E-02 -4.6586E-04  1.2673E-02
  1.4611E-02  1.4932E-03  1.2532E-02
  1.3714E-02  3.6435E-03  1.1733E-02
  1.3213E-02 -1.7391E-04  1.3302E-02
  1.0458E-02  3.9448E-04  1.3272E-02
  9.4176E-03 -1.9508E-03  1.4288E-02
  1.1146E-02 -2.5737E-03  1.4413E-02
  9.8242E-03 -4.5656E-03  1.5308E-02
  1.0259E-02 -7.2255E-03  1.6344E-02
  1.2493E-02 -8.6932E-03  1.6773E-02
  1.2702E-02 -1.1087E-02  1.7718E-02
  1.4525E-02 -7.7920E-03  1.6265E-02
  8.3513E-03  1.3022E-03  1.3059E-02
  6.1999E-03  2.4150E-03  1.2767E-02
  9.0249E-03  9.1850E-04  1.3165E-02
  7.2025E-03  1.7084E-03  1.2979E-02
  7.1645E-03 -4.0516E-04  1.3830E-02
  7.9913E-03  4.2634E-03  1.1896E-02
  6.3371E-03  5.4587E-03  1.1536E-02
  1.0546E-02  5.0508E-03  1.1397E-02
  1.1520E-02  7.4463E-03  1.0365E-02
  1.4668E-02  7.3922E-03  1.0160E-02
  1.0433E-02  9.6902E-03  9.5426E-03
  9.5304E-03  1.1699E-02  8.8015E-03
  1.0559E-02  9.3065E-03  9.6875E-03
  9.6222E-03  1.1195E-02  8.9969E-03
  9.9013E-03  1.0029E-02  9.4449E-03
  1.2888E-02  1.0008E-02  9.2383E-03
  8.1413E-03  1.1480E-02  8.9890E-03
  6.6427E-03  1.1984E-02  8.8947E-03
  6.0416E-03  1.4179E-02  8.0568E-03
  4.8345E-03  1.0124E-02  9.7713E-03
  1.8810E-03  1.0464E-02  9.8475E-03
  6.2481E-04  7.8162E-03  1.1000E-02
 -2.1658E-03  7.7706E-03  1.1220E-02
 -2.8423E-03  5.0157E-03  1.2374E-02
 -8.1442E-04  3.9461E-03  1.2657E-02
 -1.2386E-03  1.1963E-03  1.3791E-02
  1.4090E-03  1.2089E-02  9.2291E-03
  2.0700E-04  1.4197E-02  8.4697E-03
 -1.3317E-03  8.0200E-03  1.0397E-02
  5.2069E-03  8.4213E-03  5.1694E-03
  1.3186E-02  6.8375E-03  1.1168E-02
  1.0505E-02  6.1737E-03  1.6291E-02
  8.8414E-03  9.4884E-03 -2.7755E-03
  1.6738E-02  8.8946E-03 -2.6510E-03
  2.8682E-03  1.1063E-02 -9.5862E-03
  5.0095E-03  1.2283E-02 -1.7798E-02
  1.4697E-02  1.2229E-02 -2.1670E-02
  1.6326E-02  1.3185E-02 -2.8086E-02
  2.1186E-02  1.1034E-02 -1.7351E-02
  3.0822E-02  1.0800E-02 -2.0124E-02
  3.6858E-02  8.9275E-03 -1.1563E-02
  3.2915E-02  7.9775E-03 -4.1833E-03
  3.1893E-02  1.1519E-02 -2.4882E-02
  2.5710E-02  1.1846E-02 -2.4155E-02
  3.9578E-02  1.1776E-02 -2.9745E-02
  4.1055E-02  1.2466E-02 -3.4506E-02
  5.0869E-02  1.2449E-02 -3.8656E-02
  5.4107E-02  1.2783E-02 -4.2049E-02
  4.8963E-02  1.4563E-02 -5.0450E-02
  5.0486E-02  1.4860E-02 -5.2881E-02
  4.3548E-02  1.5659E-02 -5.4647E-02
  3.9184E-02  1.1573E-02 -2.8362E-02
  3.3376E-02  1.2364E-02 -3.0570E-02
  4.3832E-02  9.9283E-03 -2.0558E-02
  4.2516E-02  8.9796E-03 -1.4324E-02
  4.9594E-02  7.1740E-03 -6.6118E-03
  5.9594E-02  6.8503E-03 -9.0113E-03
  6.2894E-02  8.0578E-03 -1.7649E-02
  6.0259E-02  7.0243E-03 -1.0338E-02
  3.2642E-02  9.0186E-03 -1.0280E-02
  2.8623E-02  9.1521E-03 -9.3365E-03
  2.8727E-02  8.9469E-03 -8.1566E-03
  1.9401E-02  8.9600E-03 -4.1951E-03
  1.2055E-02  1.0517E-02 -1.0309E-02
  5.2733E-03  1.0480E-02 -7.1511E-03
  1.3471E-02  1.1903E-02 -1.9198E-02
  7.2369E-03  1.3507E-02 -2.6068E-02
  9.7379E-03  1.4900E-02 -3.5468E-02
  1.0964E-02  1.4851E-02 -3.5708E-02
  2.0363E-03  1.5825E-02 -3.7653E-02
 -5.0601E-03  1.5032E-02 -2.9848E-02
 -1.3940E-02  1.6141E-02 -3.2623E-02
  8.4336E-03  1.3454E-02 -2.6270E-02
  1.5925E-03  1.3973E-02 -2.6404E-02
  1.7141E-02  1.2791E-02 -2.6084E-02
  1.9283E-02  1.2647E-02 -2.6153E-02
  2.9786E-02  1.1782E-02 -2.5542E-02
  3.4976E-02  1.2920E-02 -3.4579E-02
  4.5464E-02  1.2011E-02 -3.3697E-02
  4.9844E-02  1.1767E-02 -3.4141E-02
  4.9593E-02  1.1564E-02 -3.2819E-02
  1.4468E-02  1.1645E-02 -1.8086E-02
  1.0060E-02  1.2146E-02 -1.9169E-02
  1.4980E-02  1.0271E-02 -1.0107E-02
  1.0796E-02  9.1490E-03 -1.5962E-03
  1.5183E-02  7.4580E-03  6.5984E-03
  2.4538E-04  9.8048E-03 -9.4085E-04
 -4.2972E-03  9.3354E-03  3.8293E-03
 -3.6017E-03  1.0829E-02 -5.3899E-03
 -1.3649E-02  1.1551E-02 -5.3459E-03
 -1.6205E-02  1.2472E-02 -9.7356E-03
 -2.6494E-02  1.3369E-02 -1.0635E-02
 -2.8705E-02  1.4208E-02 -1.4685E-02
 -3.8642E-02  1.5530E-02 -1.8272E-02
 -3.9515E-02  1.7163E-02 -2.7641E-02
 -1.8403E-02  1.2741E-02 -1.0392E-02
 -2.5469E-02  1.2719E-02 -7.1978E-03
 -1.9792E-02  1.8600E-02 -2.3916E-02
 -1.9957E-02  2.1376E-02 -2.8091E-02
 -1.2396E-02  2.9114E-02 -3.7622E-02
 -1.9093E-02  3.4573E-02 -4.7509E-02
 -1.4205E-02  3.8058E-02 -5.1411E-02
 -2.9115E-02  3.5417E-02 -5.1399E-02
 -1.4811E-02  1.6736E-02 -1.9832E-02
 -2.0223E-02  1.4950E-02 -1.8596E-02
 -4.1711E-03  1.4913E-02 -1.4321E-02
  1.6901E-03  1.0410E-02 -6.0770E-03
  1.3980E-02  9.1077E-03 -9.0672E-04
  1.7651E-02  2.4910E-03  9.9078E-03
  2.4309E-02  1.5812E-02 -8.1713E-03
  3.6246E-02  1.5292E-02 -4.2581E-03
 -7.1615E-03  3.3177E-03  2.1537E-03
 -8.8966E-03  1.3928E-03  4.5630E-03
 -1.2648E-02 -4.8592E-04  6.3733E-03
 -2.1524E-02 -7.3055E-03  1.4191E-02
 -2.6941E-02 -9.9375E-03  1.6685E-02
 -1.8798E-02 -1.3005E-02  2.3393E-02
 -2.9048E-02 -1.6003E-02  2.5160E-02
 -4.1374E-02 -2.2869E-02  3.2140E-02
 -3.2539E-02 -6.2765E-03  9.7636E-03
 -3.6580E-02 -1.0485E-02  1.4966E-02
 -3.7878E-02 -9.5015E-04  4.3112E-04
 -4.8657E-02  9.2200E-04 -5.1894E-03
 -5.2581E-02  7.3337E-03 -1.5765E-02
 -5.9341E-02  5.3215E-03 -1.4547E-02
 -6.5384E-02  9.6044E-03 -2.2511E-02
 -5.8643E-02 -4.6819E-04 -5.7453E-03
 -4.6233E-02  2.6791E-03 -7.1676E-03
 -5.4807E-02  1.2099E-03 -7.2349E-03
 -3.4671E-02  5.9598E-03 -9.0115E-03
 -3.1078E-02  7.8637E-03 -1.0901E-02
 -2.0180E-02  1.4224E-02 -1.7503E-02
 -2.7631E-02  1.5142E-03 -5.4312E-04
 -2.3790E-02  2.1286E-03 -4.4796E-04
 -2.8888E-02 -4.5258E-03  8.1175E-03
 -2.5969E-02 -1.1020E-02  1.8553E-02
 -1.2159E-02 -1.0114E-02  2.0834E-02
 -8.4007E-03 -1.3422E-02  2.6746E-02
 -4.7297E-03 -5.3032E-03  1.5626E-02
  8.8393E-03 -3.7907E-03  1.6942E-02
  1.4531E-02  4.2347E-03  6.4917E-03
  1.3550E-02  8.8706E-03 -6.6702E-04
  1.8501E-02  1.6879E-02 -1.1286E-02
  1.1436E-02  1.9695E-02 -1.7336E-02
  1.6669E-02  2.7407E-02 -2.7440E-02
  1.3659E-02 -8.1523E-03  2.4702E-02
  7.5481E-03 -1.0202E-02  2.6145E-02
  2.4731E-02 -9.5752E-03  2.9731E-02
  3.0250E-02 -1.3873E-02  3.7579E-02
  3.7796E-02 -1.8296E-02  4.6147E-02
  4.1100E-02 -2.5073E-02  5.7104E-02
  4.5022E-02 -2.9165E-02  6.4226E-02
  3.0197E-02 -2.9656E-02  6.1059E-02
  3.8152E-02 -9.0137E-03  3.2423E-02
  4.4092E-02 -3.0267E-03  2.5073E-02
  3.7361E-02 -1.1488E-02  3.5899E-02
  4.4283E-02 -7.5732E-03  3.1891E-02
  3.9522E-02 -1.0958E-02  3.5678E-02
  2.5507E-02 -1.1376E-02  3.2615E-02
  4.6779E-02 -6.6725E-03  3.1206E-02
  5.8042E-02 -7.6593E-03  3.5636E-02
  6.1572E-02 -1.3355E-02  4.5043E-02
  6.5850E-02 -1.3649E-03  2.8319E-02
  7.9112E-02 -9.3543E-04  3.1167E-02
  8.5369E-02  6.5672E-03  2.1644E-02
  8.1653E-02  7.7945E-03  1.8840E-02
  8.1329E-02  1.1692E-02  1.2953E-02
  8.4867E-02 -3.2071E-03  3.6061E-02
  8.0094E-02 -2.7034E-03  3.4057E-02
  4.1550E-02 -3.6942E-03  1.7097E-02
  3.8244E-02 -3.0684E-03  1.4641E-02
  3.6177E-02 -2.5482E-03  1.4249E-02
  3.8257E-02 -3.3623E-03  1.2068E-02
  3.7054E-02 -3.0257E-03  1.2140E-02
  4.1031E-02 -4.3216E-03  1.0280E-02
  3.5614E-02 -2.1541E-03  1.6380E-02
  3.3825E-02 -1.8839E-03  1.4442E-02
  3.5418E-02 -1.6794E-03  2.0113E-02
  3.2968E-02 -7.6049E-04  2.2327E-02
  3.3336E-02 -3.9082E-04  2.6495E-02
  3.2199E-02 -8.6185E-07  2.7199E-02
  3.5044E-02 -9.1669E-04  2.5968E-02
  3.3931E-02 -8.1981E-04  2.4133E-02
  3.8372E-02 -1.7192E-03  2.6909E-02
  3.3614E-02 -9.8864E-04  2.1868E-02
  3.0981E-02 -3.3353E-04  2.1302E-02
  3.7122E-02 -1.9308E-03  2.2008E-02
  3.8178E-02 -2.2670E-03  2.1585E-02
  4.2173E-02 -3.2007E-03  2.2978E-02
  4.3234E-02 -3.2948E-03  2.4712E-02
  4.3415E-02 -3.6839E-03  2.1704E-02
  4.6937E-02 -4.0835E-03  2.6687E-02
  3.7676E-02 -2.6013E-03  1.7407E-02
  3.6539E-02 -2.3915E-03  1.6513E-02
  3.8404E-02 -3.0895E-03  1.4841E-02
  3.7859E-02 -3.3944E-03  1.0819E-02
  3.9102E-02 -4.0214E-03  8.2707E-03
  4.2923E-02 -4.9351E-03  9.4211E-03
  3.8958E-02 -4.4484E-03  4.1365E-03
  3.3817E-02 -2.4062E-03  9.7930E-03
  3.2986E-02 -2.4056E-03  7.7889E-03
  3.1282E-02 -1.5670E-03  1.1096E-02
  2.7335E-02 -5.9466E-04  1.0161E-02
  2.4804E-02  2.2671E-04  1.1315E-02
  2.1004E-02  1.3940E-03  1.2462E-02
  2.4025E-02  5.1108E-05  7.8716E-03
  2.7366E-02 -1.0302E-03  6.3765E-03
  2.5992E-02 -4.6116E-05  1.1771E-02
  2.3569E-02  4.2059E-04  1.0044E-02
  2.7654E-02 -1.3331E-04  1.5023E-02
  2.6771E-02  3.2577E-04  1.6954E-02
  2.8662E-02  2.4536E-04  2.0820E-02
  2.7951E-02 -2.6338E-04  1.4588E-02
  2.5994E-02  2.5116E-04  1.4412E-02
  3.1132E-02 -1.3370E-03  1.2772E-02
  3.2470E-02 -1.9707E-03  1.0393E-02
  3.6454E-02 -3.1850E-03  9.2752E-03
  3.9588E-02 -3.7053E-03  1.2248E-02
  3.9603E-02 -3.3882E-03  1.5096E-02
  4.3106E-02 -4.9148E-03  1.0043E-02
  3.0136E-02 -1.7408E-03  6.7836E-03
  2.9680E-02 -1.7845E-03  5.2914E-03
  2.8689E-02 -1.5055E-03  5.3643E-03
  2.6381E-02 -1.2720E-03  1.8489E-03
  2.5773E-02 -1.2959E-03  1.6500E-04
  2.9406E-02 -2.4153E-03 -9.6391E-04
  2.3119E-02 -9.6006E-04 -3.2822E-03
  2.2632E-02 -1.5867E-04  2.6424E-03
  2.0995E-02  1.3948E-05  2.0947E-04
  2.1243E-02  6.0417E-04  6.0396E-03
  1.7630E-02  1.7019E-03  7.0243E-03
  1.6244E-02  2.4796E-03  1.0563E-02
  1.2098E-02  3.6385E-03  1.0799E-02
  1.0954E-02  4.2592E-03  1.3532E-02
  1.2906E-02  4.1743E-03  1.7504E-02
  1.2221E-02  4.6597E-03  2.0149E-02
  1.7985E-02  1.6715E-03  7.6147E-03
  1.5578E-02  2.1884E-03  6.3709E-03
  2.1063E-02  1.0362E-03  9.4348E-03
  2.1914E-02  8.7871E-04  1.0098E-02
  2.5598E-02  1.2955E-04  1.2376E-02
  2.7229E-02 -2.7266E-04  1.2759E-02
  3.0969E-02 -1.0489E-03  1.4932E-02
  3.3664E-02 -1.9554E-03  1.3420E-02
  3.1211E-02 -7.4818E-04  1.8184E-02
  2.2285E-02  3.3504E-04  6.1776E-03
  2.0258E-02  7.7288E-04  5.1520E-03
  1.4150E-02 -6.4827E-03  1.3003E-02
  1.6754E-02 -3.4066E-03  1.1686E-02
  1.8741E-02  1.2540E-03  5.6713E-03
  2.1577E-02  4.7120E-03  4.0034E-03
  2.6846E-02  7.2913E-03  9.2286E-03
  2.9412E-02  1.0266E-02  8.0516E-03
  2.7973E-02  8.3476E-03  9.2536E-03
  3.0523E-02  1.1362E-02  7.9590E-03
  2.4067E-02  3.4407E-03  1.1864E-02
  1.3493E-02 -6.0252E-03  1.0665E-02
  1.5068E-02 -6.1373E-03  1.4138E-02
  8.9793E-03 -8.1070E-03  5.9120E-03
  5.8258E-03 -1.0443E-02  4.5003E-03
  1.5378E-03 -1.1462E-02 -2.0911E-03
  4.0180E-03 -6.6089E-03 -7.5095E-03
 -2.6941E-03 -1.5652E-02 -1.7015E-03
 -6.8901E-03 -1.6707E-02 -8.0250E-03
  3.5368E-03 -1.5134E-02  9.9604E-03
  4.9492E-04 -1.7708E-02  9.2932E-03
  4.7936E-03 -1.6372E-02  1.5219E-02
  3.1148E-03 -2.0653E-02  2.1043E-02
  2.4196E-03 -2.2883E-02  2.4444E-02
  7.3159E-03 -1.8824E-02  2.5701E-02
  6.5013E-03 -2.1861E-02  3.0606E-02
  1.1881E-02 -1.3856E-02  2.4311E-02
  1.6020E-02 -1.1730E-02  2.8201E-02
  2.1104E-02 -6.1265E-03  2.6499E-02
  2.3153E-02 -5.0632E-03  2.8399E-02
  2.8328E-02  5.1674E-04  2.6935E-02
  3.0885E-02  3.6817E-03  2.5329E-02
  3.0019E-02  1.9595E-03  2.7281E-02
  1.4023E-02 -1.3037E-02  2.6933E-02
  1.0814E-02 -1.3663E-02  2.1703E-02
  1.5805E-02 -1.3638E-02  3.1890E-02
  1.4064E-02 -1.5210E-02  3.1721E-02
  1.5935E-02 -1.6663E-02  3.8705E-02
  1.4049E-02 -2.0813E-02  4.3821E-02
  1.8547E-02 -1.9102E-02  4.9343E-02
  1.8887E-02 -2.1451E-02  5.5126E-02
  2.1701E-02 -1.5465E-02  4.7941E-02
  1.5470E-02 -1.1575E-02  2.6735E-02
  1.2965E-02 -1.3085E-02  2.4866E-02
  1.9452E-02 -6.7988E-03  2.4565E-02
  2.1117E-02 -2.9481E-03  1.9644E-02
  2.6744E-02  2.4106E-03  1.9586E-02
  2.7203E-02  4.0723E-03  1.6929E-02
  3.1138E-02  8.6779E-03  1.5032E-02
  2.3790E-02  9.2105E-04  1.6750E-02
  1.7077E-02 -3.6195E-03  1.2810E-02
  1.7214E-02 -1.4357E-03  8.3623E-03
  1.3391E-02 -6.8013E-03  1.2136E-02
  9.1648E-03 -7.9793E-03  6.0162E-03
  8.2318E-03 -8.1097E-03  4.3845E-03
  1.3717E-02 -2.3282E-03  3.1204E-03
  4.1538E-03 -1.3120E-02  6.8661E-03
 -1.7930E-04 -1.5686E-02  3.5317E-03
  4.7294E-03 -1.4698E-02  1.1462E-02
  1.9417E-04 -1.9599E-02  1.2770E-02
  1.9799E-03 -2.0918E-02  1.9289E-02
 -2.3299E-03 -2.6044E-02  2.1544E-02
 -1.8330E-04 -2.7240E-02  2.8538E-02
 -1.6192E-03 -3.0917E-02  3.3553E-02
  5.8387E-04 -2.9927E-02  3.5928E-02
 -1.0371E-03 -3.3555E-02  4.0458E-02
  4.4327E-03 -2.5316E-02  3.3843E-02
 -2.7365E-03 -1.9757E-02  7.1002E-03
 -7.3756E-03 -2.3824E-02  6.3869E-03
 -8.9437E-05 -1.5338E-02  2.9617E-03
 -2.4955E-03 -1.5016E-02 -2.6716E-03
  1.3278E-03 -1.1103E-02 -3.2991E-03
  2.7115E-03 -1.2482E-02  2.5243E-03
  7.6584E-03 -9.5472E-03  6.3202E-03
 -5.9534E-04 -1.6076E-02  3.5220E-03
 -4.2680E-03 -1.3703E-02 -9.1494E-03
 -6.8316E-03 -1.3781E-02 -1.4241E-02
 -2.8034E-03 -1.2418E-02 -8.9264E-03
 -4.2125E-03 -1.1091E-02 -1.4690E-02
  8.0051E-04 -6.2414E-03 -1.4906E-02
  4.5299E-03 -5.0352E-03 -9.8662E-03
 -1.4371E-03 -2.8011E-03 -1.3085E-02
 -9.0471E-04 -3.1953E-03 -1.2991E-02
 -8.1224E-04 -3.5638E-03 -1.2303E-02
 -1.3554E-03 -3.4483E-03 -1.1758E-02
 -1.6960E-03 -3.3685E-03 -1.1433E-02
 -2.1744E-03 -3.2829E-03 -1.0917E-02
 -2.3253E-03 -3.2731E-03 -1.0716E-02
 -1.9924E-03 -3.3507E-03 -1.1034E-02
 -1.5102E-03 -3.4373E-03 -1.1554E-02
 -9.2418E-04 -3.1268E-03 -1.3115E-02
 -1.3998E-03 -2.8094E-03 -1.3121E-02
 -4.0281E-04 -3.4183E-03 -1.3234E-02
 -3.4410E-04 -3.4032E-03 -1.3355E-02
  8.1411E-05 -3.3919E-03 -1.4009E-02
  2.4800E-04 -3.4078E-03 -1.4220E-02
  6.7882E-04 -3.3989E-03 -1.4877E-02
 -2.9717E-04 -3.0256E-03 -1.4269E-02
 -9.4302E-05 -3.8115E-03 -1.2811E-02
  4.1465E-04 -4.1637E-03 -1.2776E-02
 -4.8006E-04 -3.7572E-03 -1.2362E-02
 -3.2959E-04 -4.1069E-03 -1.1803E-02
 -8.7498E-04 -4.0005E-03 -1.1234E-02
 -8.2221E-04 -4.3421E-03 -1.0548E-02
 -1.4100E-03 -4.1526E-03 -1.0102E-02
 -3.1131E-04 -4.7632E-03 -1.0362E-02
 -1.4330E-04 -4.1296E-03 -1.2027E-02
 -4.8807E-04 -3.8297E-03 -1.2188E-02
  4.1722E-04 -4.4877E-03 -1.2055E-02
  6.7846E-04 -4.5534E-03 -1.2295E-02
  1.3054E-03 -4.7854E-03 -1.2703E-02
  1.6879E-03 -4.9539E-03 -1.2892E-02
  2.1044E-03 -5.3527E-03 -1.2616E-02
  1.5936E-03 -4.6947E-03 -1.3332E-02
  6.9413E-04 -4.8120E-03 -1.1740E-02
  1.0051E-03 -5.1895E-03 -1.1355E-02
  3.4577E-04 -4.6055E-03 -1.1686E-02
  3.4242E-04 -4.8298E-03 -1.1180E-02
  9.3864E-05 -4.9850E-03 -1.0465E-02
  3.0707E-04 -5.3199E-03 -1.0031E-02
 -3.2940E-04 -4.7622E-03 -1.0337E-02
 -6.1105E-04 -4.8728E-03 -9.6735E-03
 -2.8080E-04 -5.2105E-03 -9.4067E-03
 -5.6396E-04 -5.3365E-03 -8.7060E-03
 -9.9306E-04 -5.1191E-03 -8.5575E-03
 -1.2983E-03 -5.2034E-03 -7.9175E-03
 -1.1790E-03 -5.5026E-03 -7.4248E-03
 -7.5302E-04 -5.7245E-03 -7.5587E-03
 -4.4536E-04 -5.6426E-03 -8.1969E-03
 -1.2157E-03 -4.4595E-03 -9.7034E-03
 -1.2632E-03 -4.2491E-03 -1.0104E-02
 -1.6816E-03 -4.3555E-03 -9.2469E-03
 -2.2795E-03 -3.9699E-03 -9.2250E-03
 -2.6583E-03 -3.8849E-03 -8.8547E-03
 -2.3551E-03 -4.3145E-03 -8.3424E-03
 -1.7021E-03 -4.5881E-03 -8.6964E-03
 -1.5077E-03 -4.6597E-03 -8.8239E-03
 -1.4772E-03 -4.4430E-03 -9.3535E-03
 -1.3587E-03 -4.9778E-03 -8.3328E-03
 -1.1944E-03 -5.0707E-03 -8.3681E-03
 -6.0384E-04 -5.5431E-03 -8.1850E-03
 -9.6359E-05 -5.6506E-03 -8.6952E-03
  4.6460E-04 -6.1253E-03 -8.4632E-03
  7.4886E-04 -6.2760E-03 -8.5467E-03
  7.9674E-04 -6.5258E-03 -8.0587E-03
  1.0612E-03 -6.6441E-03 -8.1853E-03
  5.9799E-04 -6.6689E-03 -7.4448E-03
 -1.6607E-03 -4.9628E-03 -7.9197E-03
 -1.6227E-03 -4.9765E-03 -7.9452E-03
 -2.1045E-03 -4.8520E-03 -7.5110E-03
 -2.5593E-03 -4.7540E-03 -7.0575E-03
 -2.3840E-03 -5.1624E-03 -6.4034E-03
 -1.7728E-03 -5.5314E-03 -6.4821E-03
 -2.3763E-03 -5.2896E-03 -6.1305E-03
 -3.1480E-03 -4.4214E-03 -6.9307E-03
 -3.1475E-03 -4.3675E-03 -7.0520E-03
 -3.6448E-03 -4.2051E-03 -6.6797E-03
 -4.2471E-03 -3.8818E-03 -6.5118E-03
 -4.7502E-03 -3.6653E-03 -6.2520E-03
 -5.3364E-03 -3.4303E-03 -5.9104E-03
 -4.8509E-03 -3.3488E-03 -6.8110E-03
 -5.2228E-03 -3.1978E-03 -6.5985E-03
 -4.2684E-03 -4.0961E-03 -6.0010E-03
 -4.5710E-03 -3.8929E-03 -6.0080E-03
 -1.3102E-03 -2.8100E-03 -1.0476E-02
  1.7417E-04 -3.1795E-03 -1.0419E-02
  1.8942E-04 -4.3383E-03 -7.0351E-03
  9.6200E-04 -4.9187E-03 -5.8687E-03
 -1.3230E-03 -3.8454E-03 -7.4345E-03
 -1.0999E-04 -4.0454E-03 -7.6863E-03
 -1.3396E-03 -4.3276E-03 -6.0108E-03
  2.3386E-03 -3.9313E-03 -9.7116E-03
  3.6400E-03 -4.0688E-03 -1.0208E-02
  6.7839E-03 -4.1770E-03 -1.2061E-02
  9.4032E-03 -5.4592E-03 -1.0115E-02
  1.2378E-02 -5.5313E-03 -1.1957E-02
  1.2209E-02 -4.4625E-03 -1.4972E-02
  1.4782E-02 -6.5367E-03 -1.0673E-02
  1.4349E-03 -2.9824E-03 -1.1867E-02
  1.0225E-03 -3.1536E-03 -1.1081E-02
 -5.1309E-05 -1.8645E-03 -1.4115E-02
 -2.2329E-03 -7.4179E-04 -1.5897E-02
 -3.0868E-03  3.9753E-04 -1.8645E-02
 -5.2049E-03 -7.0611E-04 -1.3949E-02
 -6.4477E-03 -3.2535E-04 -1.4206E-02
 -6.3719E-03 -1.0885E-03 -1.2023E-02
 -9.2170E-03 -1.0808E-03 -1.0081E-02
 -1.0278E-02 -1.3707E-03 -8.4992E-03
 -1.3792E-02 -7.5066E-04 -7.8891E-03
 -1.4934E-02 -1.3953E-03 -5.2124E-03
 -1.5412E-02  3.9175E-04 -1.0116E-02
 -8.7298E-03 -1.9911E-03 -7.7512E-03
 -1.0830E-02 -1.7195E-03 -7.0962E-03
 -5.9331E-03 -3.0578E-03 -6.5580E-03
 -5.1205E-03 -4.0147E-03 -4.3162E-03
 -2.0376E-03 -5.1967E-03 -2.9829E-03
 -4.9448E-03 -3.5624E-03 -5.7625E-03
 -5.8880E-03 -3.8428E-03 -4.2899E-03
 -3.7229E-03 -2.8684E-03 -8.6391E-03
 -3.5964E-03 -2.3751E-03 -1.0171E-02
 -2.0982E-03 -1.6148E-03 -1.3433E-02
  1.4311E-03 -2.3973E-03 -1.3578E-02
  2.8613E-03 -1.4366E-03 -1.7380E-02
  2.7808E-03 -8.3981E-04 -1.9072E-02
 -6.9099E-03 -1.5433E-03 -1.0320E-02
 -7.4875E-03 -1.5431E-03 -9.9213E-03
 -9.1027E-03 -8.2292E-04 -1.0915E-02
 -1.2344E-02  2.7151E-05 -1.1167E-02
 -1.4398E-02  9.0611E-04 -1.2323E-02
 -1.7687E-02  1.9207E-03 -1.3024E-02
 -1.9475E-02  3.0285E-03 -1.5034E-02
 -2.0873E-02  2.7620E-03 -1.3288E-02
 -2.3392E-02  3.9571E-03 -1.5049E-02
 -1.3785E-02 -6.7846E-04 -8.1053E-03
 -1.5400E-02 -3.3706E-04 -7.9898E-03
 -1.3141E-02 -1.6657E-03 -5.6585E-03
 -1.4340E-02 -2.4550E-03 -2.5184E-03
 -1.3588E-02 -3.3749E-03 -3.4330E-04
 -1.5015E-02 -2.7710E-03 -1.1269E-03
 -1.8494E-02 -2.3137E-03 -6.3582E-05
 -2.0505E-02 -1.1618E-03 -2.0494E-03
 -1.9205E-02 -3.1155E-03  2.7760E-03
 -1.3089E-02 -3.1398E-03 -1.3763E-03
 -1.4686E-02 -3.4105E-03  5.1966E-04
 -1.0200E-02 -3.4523E-03 -2.4558E-03
 -8.8116E-03 -4.0717E-03 -1.6005E-03
 -5.2203E-03 -4.8196E-03 -1.8898E-03
 -9.9539E-03 -3.1453E-03 -3.5252E-03
 -8.9612E-03 -3.5173E-03 -3.1211E-03
 -1.1974E-02 -1.9447E-03 -5.6467E-03
 -1.3272E-02 -9.7166E-04 -7.6004E-03
 -1.1261E-02 -4.4629E-04 -1.0528E-02
 -1.1916E-02  2.4845E-04 -1.2111E-02
 -6.6410E-03 -2.7140E-03 -2.5105E-02
 -7.1379E-03 -2.6160E-03 -2.4267E-02
 -9.1735E-03 -3.8207E-03 -2.4379E-02
 -9.7074E-03 -3.7359E-03 -2.3525E-02
 -9.3949E-03 -4.9161E-03 -2.6519E-02
 -1.1395E-02 -6.1640E-03 -2.6772E-02
 -6.9429E-03 -1.5309E-03 -2.2117E-02
 -8.2519E-03 -1.6731E-03 -2.0794E-02
 -5.3048E-03 -4.3911E-04 -2.1756E-02
 -5.0470E-03  6.2045E-04 -1.9741E-02
 -2.9953E-03  1.8222E-03 -1.9655E-02
 -1.7026E-03  2.0563E-03 -2.0755E-02
 -7.2950E-04  3.0799E-03 -1.9714E-02
 -1.6078E-03  1.3059E-03 -2.2529E-02
 -5.6272E-03  6.6086E-04 -1.8926E-02
 -5.8475E-03  2.6182E-05 -2.0051E-02
 -5.9281E-03  1.3752E-03 -1.6974E-02
 -6.4726E-03  1.5079E-03 -1.6000E-02
 -8.6111E-03  7.2761E-04 -1.5048E-02
 -9.2275E-03  1.0793E-03 -1.3501E-02
 -9.7837E-03 -6.3643E-04 -1.6591E-02
 -5.3851E-03  2.8470E-03 -1.4406E-02
 -5.1763E-03  3.4634E-03 -1.3307E-02
 -4.6892E-03  3.3102E-03 -1.4254E-02
 -3.6284E-03  4.5925E-03 -1.2751E-02
 -2.5215E-03  5.0212E-03 -1.3190E-02
 -1.2605E-03  4.8498E-03 -1.5145E-02
 -1.7257E-03  3.9779E-03 -1.6486E-02
  1.7505E-04  5.5720E-03 -1.5346E-02
 -4.8617E-03  4.8077E-03 -1.0734E-02
 -4.2609E-03  5.7931E-03 -9.3113E-03
 -6.5128E-03  3.9372E-03 -1.0590E-02
 -7.7686E-03  4.0846E-03 -8.6946E-03
 -7.6818E-03  4.4486E-03 -7.9999E-03
 -5.8281E-03  5.6603E-03 -7.6444E-03
 -5.3835E-03  6.7497E-03 -5.7970E-03
 -3.6065E-03  7.8990E-03 -5.4833E-03
 -2.2876E-03  7.9335E-03 -7.0563E-03
 -5.1900E-04  9.0286E-03 -6.8517E-03
 -2.7194E-03  6.8597E-03 -8.8857E-03
 -4.4807E-03  5.7327E-03 -9.1696E-03
 -9.7939E-03  2.9696E-03 -8.6219E-03
 -1.0555E-02  1.9400E-03 -9.9414E-03
 -1.0695E-02  3.2282E-03 -6.9245E-03
 -1.2679E-02  2.2935E-03 -6.5055E-03
 -1.3046E-02  2.2068E-03 -6.2379E-03
 -1.2130E-02  1.8874E-03 -8.0882E-03
 -1.5126E-02  1.2533E-03 -5.7413E-03
 -1.3309E-02  2.8223E-03 -4.5517E-03
 -1.2742E-02  3.8190E-03 -3.0607E-03
 -1.4362E-02  2.1979E-03 -4.6121E-03
 -1.5034E-02  2.6053E-03 -2.8730E-03
 -1.4636E-02  2.6201E-03 -3.3377E-03
 -1.2650E-02  3.2583E-03 -4.4141E-03
 -1.1224E-02  4.6378E-03 -3.1532E-03
 -1.2625E-02  3.0429E-03 -4.9206E-03
 -1.7120E-02  1.7219E-03 -2.2133E-03
 -1.8136E-02  6.0524E-04 -3.4073E-03
 -1.7748E-02  2.2248E-03 -3.1918E-04
 -1.9729E-02  1.4567E-03  4.6411E-04
 -2.0102E-02  1.8246E-03  1.7424E-03
 -2.2210E-02  9.1415E-04  2.3686E-03
 -2.2698E-02  1.3891E-03  4.0270E-03
 -2.4411E-02  7.4791E-04  4.7546E-03
 -2.1398E-02  2.3902E-03  4.6100E-03
 -2.0337E-02  1.6808E-03  1.7181E-03
 -1.9668E-02  2.7106E-03  3.1544E-03
 -2.1570E-02  7.1678E-04  1.1335E-03
 -2.2259E-02  8.0465E-04  2.1883E-03
 -2.2874E-02 -1.8989E-04  7.6421E-04
 -2.2961E-02  5.7851E-05  1.4194E-03
 -2.4685E-02 -5.2099E-04  2.2978E-03
 -2.4827E-02 -4.0605E-04  2.7293E-03
 -2.3225E-02  2.9875E-04  2.2803E-03
 -2.1487E-02  8.9095E-04  1.4135E-03
 -2.1374E-02  7.6585E-04  9.9632E-04
 -2.3891E-02  6.0722E-04  3.7944E-03
 -2.5419E-02 -4.2652E-04  3.4239E-03
 -2.3580E-02  1.6055E-03  5.6075E-03
 -2.4998E-02  1.5544E-03  7.2682E-03
 -2.3978E-02  2.7322E-03  8.5914E-03
 -2.5287E-02  2.7041E-03  1.0167E-02
 -2.5084E-02  3.6038E-03  1.1898E-02
 -2.6510E-02  1.7886E-03  9.6758E-03
 -2.6312E-02  1.3824E-03  8.5315E-03
 -2.5660E-02  2.1425E-03  9.3938E-03
 -3.2211E-02 -1.0441E-02  1.4145E-04
 -2.8970E-02 -1.1403E-02 -2.6442E-03
 -2.7224E-02 -1.0655E-02 -1.4387E-03
 -3.0803E-02 -1.0892E-02 -1.1396E-03
 -2.3735E-02 -1.1676E-02 -4.4062E-03
 -2.5242E-02 -1.1081E-02 -2.7943E-03
 -2.3328E-02 -9.4864E-03  1.8250E-04
 -2.4256E-02 -1.2585E-02 -6.2320E-03
 -2.6546E-02 -1.4490E-02 -9.7878E-03
 -2.5291E-02 -1.5599E-02 -1.2440E-02
 -2.0665E-02 -1.4681E-02 -1.1520E-02
 -2.0846E-02 -1.2622E-02 -7.0785E-03
 -1.6567E-02 -1.1464E-02 -5.5668E-03
 -1.4960E-02 -1.1644E-02 -6.3117E-03
 -1.4634E-02 -1.0332E-02 -3.5822E-03
 -1.0529E-02 -9.1064E-03 -1.8858E-03
 -8.5204E-03 -8.2724E-03 -5.5535E-04
 -1.0605E-02 -6.7339E-03  3.2021E-03
 -9.1351E-03 -5.9702E-03  4.5037E-03
 -1.3628E-02 -6.2735E-03  4.8666E-03
 -7.3462E-03 -1.0006E-02 -4.5257E-03
 -5.2755E-03 -9.2022E-03 -3.2731E-03
 -6.8663E-03 -1.1653E-02 -8.1528E-03
 -3.7980E-03 -1.2625E-02 -1.0922E-02
 -3.6307E-03 -1.4456E-02 -1.4872E-02
 -1.0654E-03 -1.4230E-02 -1.4967E-02
  3.3013E-03 -1.2962E-02 -1.3240E-02
  4.1102E-03 -1.1570E-02 -1.0447E-02
  5.8778E-03 -1.3346E-02 -1.4640E-02
 -4.7588E-03 -1.3006E-02 -1.1520E-02
 -1.8513E-03 -1.2833E-02 -1.1804E-02
 -8.8531E-03 -1.3506E-02 -1.1666E-02
 -1.0011E-02 -1.3905E-02 -1.2258E-02
 -1.4661E-02 -1.4896E-02 -1.3330E-02
 -1.5304E-02 -1.6995E-02 -1.7673E-02
 -1.9644E-02 -1.7904E-02 -1.8638E-02
 -1.4883E-02 -1.7446E-02 -1.8730E-02
 -9.0065E-03 -1.2149E-02 -8.7317E-03
 -7.3553E-03 -1.2166E-02 -9.1394E-03
 -9.7542E-03 -1.0606E-02 -5.2654E-03
 -8.7746E-03 -8.8052E-03 -1.6370E-03
 -1.0301E-02 -7.2269E-03  2.0799E-03
 -8.4158E-03 -5.3384E-03  5.6922E-03
 -1.5161E-02 -7.4912E-03  2.6087E-03
 -1.6761E-02 -6.1475E-03  5.8408E-03
 -3.8972E-03 -8.2413E-03 -1.5295E-03
 -2.3859E-03 -7.5680E-03 -4.3053E-04
 -1.4867E-03 -8.4476E-03 -2.5129E-03
  3.2082E-03 -7.9814E-03 -2.5731E-03
  5.2428E-03 -8.5436E-03 -4.2326E-03
  3.7799E-03 -7.6197E-03 -1.9286E-03
  9.9928E-03 -8.0126E-03 -4.1666E-03
  4.8133E-03 -9.0317E-03 -5.1791E-03
  7.4844E-03 -8.2077E-03 -4.0191E-03
  3.0482E-03 -1.0833E-02 -8.6325E-03
  4.1989E-03 -1.2045E-02 -1.1482E-02
  1.9994E-03 -1.4073E-02 -1.5321E-02
  3.3759E-03 -1.4862E-02 -1.7317E-02
  1.1169E-03 -1.6334E-02 -1.9954E-02
  6.6699E-03 -1.4025E-02 -1.6270E-02
  2.9959E-03 -1.1473E-02 -9.9883E-03
  5.2998E-03 -1.1607E-02 -1.0793E-02
 -6.6417E-04 -1.0879E-02 -7.8958E-03
 -2.1821E-03 -1.0285E-02 -6.2829E-03
 -6.8185E-03 -1.0022E-02 -4.6778E-03
 -1.0029E-02 -1.1832E-02 -7.8243E-03
 -1.4523E-02 -1.1538E-02 -6.1849E-03
 -1.7492E-02 -1.3315E-02 -9.3150E-03
 -2.1718E-02 -1.3503E-02 -8.7650E-03
 -2.4170E-02 -1.5170E-02 -1.1777E-02
 -2.3506E-02 -1.2019E-02 -5.1911E-03
  6.0711E-04 -8.5023E-03 -3.1009E-03
  6.7451E-04 -8.1046E-03 -2.2661E-03
  3.1336E-03 -7.4861E-03 -1.4975E-03
  5.7219E-03 -5.7264E-03  1.6810E-03
  4.5176E-03 -4.0979E-03  5.4328E-03
  7.7043E-03 -2.2895E-03  8.5809E-03
  1.7965E-05 -3.8645E-03  6.9444E-03
 -2.1075E-03 -2.8976E-03  9.4893E-03
  1.0511E-02 -5.5479E-03  9.8485E-04
  1.2538E-02 -5.0153E-03  1.6671E-03
  1.5939E-02 -4.4441E-03 -5.9652E-03
  1.4662E-02 -4.2235E-03 -5.9655E-03
  1.5130E-02 -4.3269E-03 -5.8597E-03
  1.5525E-02 -4.7299E-03 -4.2895E-03
  1.6410E-02 -4.3129E-03 -6.9626E-03
  1.3451E-02 -4.2666E-03 -4.7818E-03
  1.2103E-02 -3.9730E-03 -5.0670E-03
  1.3935E-02 -4.6227E-03 -3.5046E-03
  1.2883E-02 -4.6989E-03 -2.2939E-03
  1.2134E-02 -4.5508E-03 -2.3818E-03
  1.1941E-02 -4.7608E-03 -1.2402E-03
  1.1727E-02 -4.1985E-03 -3.7046E-03
  1.1000E-02 -4.0496E-03 -3.8136E-03
  1.2045E-02 -4.0817E-03 -4.5102E-03
  1.2271E-02 -3.7633E-03 -6.1860E-03
  1.3194E-02 -3.8196E-03 -6.6705E-03
  1.3598E-02 -3.5518E-03 -8.2533E-03
  1.4995E-02 -3.6747E-03 -8.8091E-03
  1.5261E-02 -3.4097E-03 -1.0267E-02
  1.6127E-02 -4.0612E-03 -7.9141E-03
  9.5097E-03 -3.6333E-03 -4.5583E-03
  9.3529E-03 -3.3623E-03 -5.7023E-03
  8.4059E-03 -3.6033E-03 -3.8048E-03
  6.8501E-03 -3.2379E-03 -4.2580E-03
  5.7722E-03 -3.3349E-03 -2.9295E-03
  6.1881E-03 -3.6101E-03 -1.9756E-03
  5.9342E-03 -3.4064E-03 -2.7251E-03
  6.1805E-03 -3.6699E-03 -1.6890E-03
  7.3989E-03 -3.8754E-03 -1.7123E-03
  7.5243E-03 -4.1099E-03 -7.1430E-04
  8.4809E-03 -3.8415E-03 -2.7482E-03
  6.5947E-03 -3.0840E-03 -4.7728E-03
  7.0996E-03 -3.3210E-03 -4.0702E-03
  5.7490E-03 -2.6880E-03 -5.9443E-03
  5.4639E-03 -2.5048E-03 -6.5727E-03
  6.3250E-03 -2.3256E-03 -8.1112E-03
  5.6438E-03 -1.9580E-03 -9.2830E-03
  7.9817E-03 -2.6417E-03 -7.9710E-03
  3.8027E-03 -2.1685E-03 -6.8036E-03
  2.9353E-03 -1.9554E-03 -7.1004E-03
  3.3368E-03 -2.1293E-03 -6.6101E-03
  1.7911E-03 -1.7985E-03 -6.9092E-03
  1.1754E-03 -1.8911E-03 -5.9758E-03
 -4.0571E-04 -1.5433E-03 -6.3260E-03
 -1.0750E-03 -1.3780E-03 -6.5587E-03
 -2.5172E-03 -1.0426E-03 -6.9632E-03
 -2.7305E-03 -1.0043E-03 -6.9699E-03
 -1.4753E-03 -1.3037E-03 -6.5828E-03
  1.8075E-03 -1.4518E-03 -8.5486E-03
  2.2287E-03 -1.4379E-03 -8.9548E-03
  1.3418E-03 -1.1738E-03 -9.4747E-03
  1.3271E-03 -8.2895E-04 -1.1080E-02
  4.7087E-04 -5.2187E-04 -1.1827E-02
  8.2889E-04 -6.2552E-04 -1.1631E-02
  1.7480E-03 -6.4017E-04 -1.2307E-02
 -6.1187E-04 -4.3727E-04 -1.1346E-02
 -1.9118E-03 -3.1937E-04 -1.0846E-02
 -3.0965E-03  1.0709E-04 -1.1886E-02
 -2.8507E-03  6.2023E-05 -1.1874E-02
 -1.1292E-03 -2.3891E-04 -1.1857E-02
 -6.9990E-04 -5.1797E-04 -1.0896E-02
 -1.6793E-03 -4.7195E-04 -1.0319E-02
  7.5809E-04 -8.0084E-04 -1.0751E-02
  1.3366E-03 -1.0857E-03 -9.8840E-03
  7.7740E-04 -1.3356E-03 -8.2589E-03
  1.4112E-03 -1.6037E-03 -7.5150E-03
  3.0422E-03 -1.3658E-03 -9.9525E-03
  3.8281E-03 -1.5159E-03 -9.8850E-03
  3.5920E-03 -1.4443E-03 -1.0030E-02
  5.1887E-03 -1.7019E-03 -1.0116E-02
  5.8883E-03 -2.1432E-03 -8.6127E-03
  7.2305E-03 -2.3866E-03 -8.5588E-03
  6.8863E-03 -4.3870E-03 -4.8847E-03
  7.5006E-03 -4.5377E-03 -3.3185E-03
  6.4338E-03 -3.8813E-03 -1.8555E-03
  6.9014E-03 -3.9994E-03 -6.9988E-04
  5.8570E-03 -3.5177E-03 -9.7193E-04
  4.2418E-03 -2.7109E-03 -7.3989E-04
  3.1028E-03 -2.1799E-03 -9.7748E-04
  1.6700E-03 -1.4624E-03 -7.5173E-04
  3.3905E-03 -2.3647E-03 -1.4545E-03
  7.7691E-03 -4.6931E-03 -3.5828E-03
  6.8133E-03 -4.3056E-03 -4.3981E-03
  9.0568E-03 -5.2517E-03 -2.8719E-03
  9.4763E-03 -5.4760E-03 -3.0881E-03
  1.0876E-02 -6.2667E-03 -4.2616E-03
  1.1072E-02 -6.4149E-03 -4.8200E-03
  1.2335E-02 -6.8917E-03 -3.3683E-03
  9.7948E-03 -5.4734E-03 -1.4204E-03
  1.0586E-02 -5.7469E-03 -2.4466E-04
  9.1829E-03 -5.1697E-03 -1.3534E-03
  9.3443E-03 -5.1076E-03  1.3572E-04
  7.7606E-03 -4.2713E-03  8.4347E-04
  6.9120E-03 -3.8223E-03  1.2322E-03
  5.9782E-03 -3.4859E-03 -1.1127E-05
  5.2838E-03 -3.1202E-03  2.8817E-04
  5.5226E-03 -3.0886E-03  1.8529E-03
  4.8532E-03 -2.7369E-03  2.1333E-03
  6.4416E-03 -3.4156E-03  3.1199E-03
  7.1251E-03 -3.7775E-03  2.8041E-03
  1.0011E-02 -5.4820E-03 -3.9713E-04
  1.0108E-02 -5.6723E-03 -1.9137E-03
  1.0529E-02 -5.6147E-03  8.6266E-04
  1.1113E-02 -5.9246E-03  5.8852E-04
  1.2864E-02 -6.7800E-03  5.3865E-04
  1.3434E-02 -7.1070E-03  8.7039E-06
  1.3794E-02 -7.4276E-03 -1.5376E-03
  1.4164E-02 -7.5879E-03 -1.3313E-03
  1.4039E-02 -7.3750E-03  2.8027E-04
  1.3601E-02 -7.0839E-03  1.1137E-03
  1.0553E-02 -5.5186E-03  2.0071E-03
  1.1118E-02 -5.6554E-03  3.4659E-03
  9.4777E-03 -5.0394E-03  1.5457E-03
  8.7912E-03 -4.5954E-03  2.7163E-03
  8.1493E-03 -4.3711E-03  1.7882E-03
  9.3900E-03 -5.0664E-03  8.0861E-04
  6.7991E-03 -3.8273E-03  5.9862E-04
  9.8606E-03 -4.9752E-03  4.1984E-03
  9.3424E-03 -4.5917E-03  5.5936E-03
  1.1343E-02 -5.7244E-03  3.8944E-03
  1.2442E-02 -6.1292E-03  5.2618E-03
  1.3611E-02 -6.7506E-03  4.6944E-03
  1.2994E-02 -6.4781E-03  4.4060E-03
  1.2454E-02 -6.3908E-03  2.5494E-03
  1.1786E-02 -6.0986E-03  2.2081E-03
  1.1225E-02 -5.9972E-03  3.9054E-04
  1.3294E-02 -6.4789E-03  5.9426E-03
  1.3129E-02 -6.2608E-03  7.4054E-03
  1.4119E-02 -6.9847E-03  4.8314E-03
  1.5081E-02 -7.4085E-03  5.2924E-03
  1.6142E-02 -8.0608E-03  3.8452E-03
  1.6874E-02 -8.4882E-03  3.0852E-03
  1.7046E-02 -8.7359E-03  1.3449E-03
  1.7594E-02 -9.0704E-03  6.2084E-04
  1.7980E-02 -9.1610E-03  1.6470E-03
  1.7824E-02 -8.9206E-03  3.3919E-03
  1.7279E-02 -8.5896E-03  4.0978E-03
  1.4349E-02 -6.9874E-03  5.9876E-03
  1.4981E-02 -7.1801E-03  7.1980E-03
  1.3079E-02 -6.4451E-03  5.1926E-03
  1.2282E-02 -6.0003E-03  5.8058E-03
  1.2903E-02 -6.3719E-03  5.0618E-03
  1.2336E-02 -6.2696E-03  3.2272E-03
  1.1663E-02 -5.9702E-03  2.9376E-03
  1.2509E-02 -6.4606E-03  2.0928E-03
  1.0558E-02 -5.1942E-03  5.4710E-03
  9.8453E-03 -4.9480E-03  4.4078E-03
  9.8678E-03 -4.7729E-03  6.3795E-03
  1.0565E-02 -4.9806E-03  7.7693E-03
  9.1923E-03 -4.2181E-03  8.7806E-03
  7.9688E-03 -3.7554E-03  7.3831E-03
  8.2111E-03 -3.9877E-03  6.1699E-03
  7.2640E-03 -3.4818E-03  6.6533E-03
  7.8172E-03 -3.6616E-03  7.5971E-03
  5.8747E-03 -2.8787E-03  5.8910E-03
  5.1504E-03 -2.6665E-03  4.4096E-03
  3.5297E-03 -1.8779E-03  4.4209E-03
  3.7367E-03 -1.9271E-03  4.9657E-03
  4.9748E-03 -2.3942E-03  6.3917E-03
  4.3153E-03 -1.9115E-03  8.1108E-03
  4.2206E-03 -1.8210E-03  8.5821E-03
  3.5850E-03 -3.6670E-03  1.4502E-02
  2.5250E-03 -3.0606E-03  1.7119E-02
  1.6440E-03 -2.6105E-03  1.8172E-02
  3.6343E-03 -3.4829E-03  1.8806E-02
  2.5346E-03 -2.9524E-03  1.9468E-02
  4.3742E-03 -3.7950E-03  1.9298E-02
  3.1655E-03 -3.2624E-03  1.8969E-02
  4.2174E-04 -2.1201E-03  1.6837E-02
  2.6904E-04 -1.9816E-03  1.8281E-02
 -1.2343E-03 -1.4563E-03  1.5013E-02
 -3.2718E-03 -5.5780E-04  1.4477E-02
 -5.5922E-03  4.5932E-04  1.3738E-02
 -6.0048E-03  7.4127E-04  1.5715E-02
 -7.7431E-03  1.4294E-03  1.3622E-02
 -2.3672E-03 -1.0839E-03  1.2064E-02
 -2.3375E-03 -1.2023E-03  9.8756E-03
 -1.4203E-03 -1.4917E-03  1.2518E-02
 -4.4506E-04 -2.0360E-03  1.0392E-02
  3.6939E-04 -2.3551E-03  1.1442E-02
  1.5482E-03 -2.9882E-03  9.3909E-03
  4.1862E-03 -4.2128E-03  8.8066E-03
  4.7351E-03 -4.5758E-03  6.4309E-03
  5.7091E-03 -4.8137E-03  1.0683E-02
 -2.2230E-03 -1.3425E-03  8.0355E-03
 -4.3509E-03 -3.6114E-04  8.3720E-03
 -1.3233E-03 -1.8638E-03  5.6765E-03
 -2.7764E-03 -1.3212E-03  3.2455E-03
 -4.1045E-03 -7.4336E-04  2.7327E-03
 -5.2590E-03 -3.1952E-04  6.5129E-04
 -3.8289E-03 -7.7999E-04  4.5759E-03
 -5.0325E-03 -2.4194E-04  4.4104E-03
 -6.7783E-03  6.6017E-04  6.7078E-03
 -8.6671E-03  1.5254E-03  6.8834E-03
 -1.0864E-02  2.4433E-03  5.2453E-03
 -1.2971E-02  3.4321E-03  5.9372E-03
 -1.5305E-02  4.4336E-03  4.7370E-03
 -3.2190E-03 -1.0537E-03  4.6377E-03
 -1.5585E-03 -1.7266E-03  6.3125E-03
 -3.5810E-03 -9.6732E-04  3.0151E-03
 -2.0022E-03 -1.6810E-03  3.0678E-03
 -2.3773E-03 -1.6307E-03  5.6741E-04
 -1.1468E-03 -2.1790E-03  7.7424E-04
 -2.4073E-03 -1.6295E-03  3.0948E-04
  1.0417E-03 -3.1408E-03  1.4184E-03
 -2.4926E-03 -1.3393E-03  5.5526E-03
 -4.5345E-03 -3.9217E-04  5.9882E-03
 -5.7379E-04 -2.1357E-03  7.0950E-03
 -6.8263E-04 -1.9667E-03  9.5902E-03
  1.8054E-03 -3.0310E-03  1.0931E-02
  2.6733E-03 -3.3947E-03  1.1555E-02
  4.8908E-03 -4.3793E-03  1.2000E-02
  1.1322E-03 -2.6932E-03  1.1607E-02
 -1.6628E-03 -1.5241E-03  9.5479E-03
 -2.6387E-03 -9.8704E-04  1.1516E-02
 -1.3675E-03 -1.7640E-03  7.3390E-03
 -2.2116E-03 -1.3923E-03  7.1053E-03
 -4.0516E-04 -2.2884E-03  5.5077E-03
  1.5379E-03 -3.0793E-03  7.3938E-03
 -1.6679E-03 -1.7869E-03  4.0206E-03
 -4.8066E-03 -2.6465E-04  6.0737E-03
 -6.0134E-03  3.1933E-04  6.8361E-03
 -5.6987E-03  6.2189E-05  4.4505E-03
 -8.1506E-03  1.1217E-03  3.3521E-03
 -8.1068E-03  9.5702E-04  3.3219E-04
 -6.5467E-03  2.0390E-04 -6.1501E-04
 -7.1351E-03  4.7172E-04 -5.9546E-04
 -9.8509E-03  1.9323E-03  4.1717E-03
 -1.2065E-02  2.9234E-03  3.8956E-03
 -8.8305E-03  1.5212E-03  5.2509E-03
 -1.0331E-02  2.2370E-03  5.9809E-03
 -1.1305E-02  2.5540E-03  3.3796E-03
 -1.3395E-02  3.4901E-03  3.1352E-03
 -9.6247E-03 -1.3958E-03 -1.0585E-04
 -9.2323E-03 -6.3094E-04 -1.3874E-03
 -9.3945E-03  3.2960E-04 -2.8741E-03
 -9.6103E-03  1.2434E-03 -4.2769E-03
 -9.9543E-03  2.1756E-03 -5.6846E-03
 -9.4932E-03  2.9295E-03 -6.9619E-03
 -1.0676E-02  2.1568E-03 -5.5195E-03
 -7.3422E-03 -9.2124E-04 -1.2835E-03
 -6.1554E-03 -1.3350E-03 -8.5253E-04
 -7.0634E-03 -7.0962E-04 -1.6700E-03
 -5.3132E-03 -9.7184E-04 -1.5842E-03
 -5.3825E-03 -7.4514E-04 -1.9292E-03
 -6.3985E-03 -1.4074E-03 -6.9272E-04
 -5.1946E-03 -2.2066E-03  3.4373E-04
 -5.5293E-03 -2.3348E-03  6.0909E-04
 -3.9343E-03 -2.7079E-03  8.9913E-04
 -3.8270E-03 -5.2888E-04 -2.5625E-03
 -4.1018E-03  2.8117E-04 -3.7904E-03
 -2.2553E-03 -1.0944E-03 -1.9642E-03
 -6.8338E-04 -7.9970E-04 -2.7245E-03
  4.5380E-04 -1.6739E-03 -1.5571E-03
 -4.4402E-04 -2.2285E-03 -5.1276E-04
 -1.0530E-03 -1.5698E-03 -1.4388E-03
  8.5704E-04 -3.0996E-03  6.1898E-04
  3.8144E-04 -3.8288E-04 -3.5825E-03
  9.7763E-05 -5.2206E-04 -3.3095E-03
  1.6648E-03  8.8165E-05 -4.5672E-03
  2.7909E-03  5.4593E-04 -5.5014E-03
  2.1728E-03  1.6464E-03 -7.1235E-03
  5.4447E-04  1.9015E-03 -7.2210E-03
  1.7420E-03  1.9697E-03 -7.5533E-03
  4.7555E-03  3.6082E-04 -5.5776E-03
  5.2805E-03 -1.7584E-04 -4.8285E-03
  5.8601E-03  7.7374E-04 -6.4370E-03
  7.7351E-03  6.6658E-04 -6.6194E-03
  8.9113E-03  1.8865E-04 -6.0852E-03
  9.3892E-03 -8.9101E-04 -4.4696E-03
  7.9855E-03  3.5704E-04 -6.1775E-03
  8.0884E-03  1.6888E-03 -8.3001E-03
  7.3302E-03  2.3467E-03 -9.1971E-03
  9.1066E-03  1.8394E-03 -8.7290E-03
  9.5348E-03  2.8008E-03 -1.0328E-02
  1.0337E-02  2.8352E-03 -1.0533E-02
  9.7352E-03  3.7699E-03 -1.1896E-02
  1.0887E-02  3.8571E-03 -1.2250E-02
  1.0922E-02  3.0542E-03 -1.0988E-02
  9.6895E-03  2.9873E-03 -1.0651E-02
  9.8696E-03  2.2232E-03 -9.4784E-03
  8.2657E-03  3.6673E-03 -1.1458E-02
  1.0879E-02  3.0056E-03 -1.0903E-02
  1.1816E-02  2.3302E-03 -1.0012E-02
  1.0950E-02  3.9324E-03 -1.2380E-02
  1.2200E-02  4.2018E-03 -1.3040E-02
  1.1905E-02  5.3062E-03 -1.4730E-02
  1.3363E-02  5.6842E-03 -1.5600E-02
  1.3535E-02  5.2573E-03 -1.4958E-02
  1.2047E-02  5.7264E-03 -1.5420E-02
  1.2220E-02  6.7426E-03 -1.7057E-02
  1.4110E-02  3.8599E-03 -1.2859E-02
  1.5262E-02  3.4875E-03 -1.2487E-02
  1.4394E-02  3.9782E-03 -1.3099E-02
  1.6119E-02  3.6964E-03 -1.2977E-02
  1.5992E-02  3.9396E-03 -1.3338E-02
  1.5289E-02  5.0017E-03 -1.4883E-02
  1.4469E-02  5.2096E-03 -1.5058E-02
  1.5557E-02  5.6246E-03 -1.5917E-02
  1.6767E-02  2.6182E-03 -1.1396E-02
  1.8339E-02  2.3179E-03 -1.1217E-02
  1.5535E-02  2.0438E-03 -1.0258E-02
  1.5947E-02  9.9329E-04 -8.6758E-03
  1.4310E-02  5.4799E-04 -7.6654E-03
  1.3548E-02  8.8663E-04 -8.0573E-03
  1.2071E-02  6.5578E-04 -7.4156E-03
  1.4416E-02  1.3803E-03 -8.9999E-03
  1.6619E-02  6.3910E-04 -8.2423E-03
  1.7395E-02 -1.9273E-04 -7.0741E-03
  1.6348E-02  1.2771E-03 -9.1992E-03
  1.6933E-02  1.0400E-03 -8.9345E-03
  1.6547E-02  1.9438E-03 -1.0290E-02
  1.4854E-02  2.0084E-03 -1.0074E-02
  1.5235E-02  1.8866E-03 -9.9531E-03
  1.3897E-02  2.2170E-03 -1.0224E-02
  1.6719E-02  1.5034E-03 -9.6264E-03
  1.8905E-02  6.2648E-04 -8.6512E-03
  2.0028E-02  1.0754E-03 -9.5708E-03
  1.7655E-02  2.7334E-03 -1.4726E-02
  1.5891E-02  1.5874E-03 -1.6275E-02
  1.7280E-02  6.2283E-04 -1.9646E-02
  1.4863E-02 -9.5257E-04 -2.1781E-02
  1.6051E-02 -2.0017E-03 -2.5215E-02
  1.6505E-02 -2.5023E-03 -2.6773E-02
  1.6499E-02 -2.3390E-03 -2.6367E-02
  1.5630E-02  2.1466E-03 -1.4713E-02
  1.3054E-02  1.5039E-03 -1.4440E-02
  1.8274E-02  3.3433E-03 -1.3672E-02
  1.8360E-02  4.0122E-03 -1.2089E-02
  2.1780E-02  5.3121E-03 -1.1353E-02
  2.2080E-02  6.2581E-03 -9.2427E-03
  2.4182E-02  7.9318E-03 -6.6393E-03
  2.7105E-02  8.6058E-03 -7.0850E-03
  2.2900E-02  8.5621E-03 -4.1677E-03
  1.6087E-02  4.5708E-03 -9.0809E-03
  1.4419E-02  4.3885E-03 -8.3297E-03
  1.6101E-02  5.2806E-03 -7.3458E-03
  1.4058E-02  5.8543E-03 -4.4661E-03
  1.5022E-02  6.8222E-03 -2.7795E-03
  1.3066E-02  7.5171E-03  3.3636E-04
  1.8355E-02  7.9776E-03 -2.3358E-03
  1.0550E-02  4.5593E-03 -5.1264E-03
  8.5095E-03  4.5461E-03 -3.6916E-03
  9.8793E-03  3.4322E-03 -7.4156E-03
  6.6021E-03  2.1403E-03 -8.2349E-03
  6.4142E-03  1.0378E-03 -1.0811E-02
  7.5790E-03  1.8168E-03 -9.7330E-03
  2.9760E-03 -3.0776E-04 -1.1646E-02
  5.1808E-03  1.3229E-03 -9.2224E-03
  2.6389E-03  1.1243E-03 -7.8826E-03
  6.8340E-03  8.8016E-04 -1.1500E-02
  5.6581E-03  9.4097E-05 -1.2587E-02
  7.8655E-03 -3.7760E-04 -1.5334E-02
  7.5332E-03 -1.6394E-03 -1.8198E-02
  7.9299E-03 -2.6774E-03 -2.1036E-02
  6.5631E-03 -4.1446E-03 -2.3660E-02
  8.2660E-03 -4.5666E-03 -2.5922E-02
  6.8316E-03 -5.9216E-03 -2.8222E-02
  1.1405E-02 -3.6272E-03 -2.5870E-02
  5.1140E-03  9.5844E-04 -1.0070E-02
  2.9893E-03  2.9786E-04 -1.0167E-02
  6.9830E-03  2.4320E-03 -7.7918E-03
  6.6549E-03  3.3760E-03 -5.2345E-03
  9.5490E-03  4.9487E-03 -3.4494E-03
  1.1530E-02  5.5161E-03 -3.4792E-03
  1.4831E-02  6.8741E-03 -2.5145E-03
  1.4591E-02  7.9350E-03  2.6651E-04
  1.7621E-02  8.9293E-03  5.3219E-04
  3.6342E-03  3.3649E-03 -3.0894E-03
  1.8159E-03  3.2411E-03 -2.0859E-03
  3.0851E-03  3.4953E-03 -2.3737E-03
  2.1118E-04  3.4516E-03 -4.1427E-04
  6.2175E-05  3.5428E-03 -8.2808E-05
  2.0106E-03  5.0983E-03  2.3403E-03
  4.5197E-04  5.2112E-03  3.7391E-03
  5.4107E-04  4.3268E-03  1.5005E-03
  2.7673E-03  4.8691E-03  1.2325E-03
  2.6693E-03  3.9817E-03 -8.7888E-04
  5.0722E-03  6.3031E-03  3.1005E-03
 -2.8153E-03  2.0127E-03 -1.7753E-03
 -5.0927E-03  2.0218E-03 -1.1493E-04
 -2.8490E-03  7.6887E-04 -4.8092E-03
 -5.6167E-03 -6.5021E-04 -6.3077E-03
 -5.4385E-03 -1.9193E-03 -9.5564E-03
 -5.8659E-03 -2.1748E-03 -9.8772E-03
 -9.2743E-03 -2.6993E-03 -8.7152E-03
 -4.9800E-03 -3.3040E-03 -1.3291E-02
 -6.2453E-03 -8.4571E-04 -6.3363E-03
 -9.0348E-03 -1.5126E-03 -5.9697E-03
 -3.7399E-03 -2.9806E-04 -6.7918E-03
 -4.2514E-03 -4.3779E-04 -6.7675E-03
 -1.1212E-03  8.8018E-05 -7.7260E-03
 -1.8214E-03 -1.0230E-05 -7.4640E-03
  1.4787E-03  1.6782E-03 -5.6862E-03
 -5.6410E-03  4.7753E-04 -3.5175E-03
 -8.0805E-03 -5.4034E-05 -3.0698E-03
 -4.1623E-03  1.8194E-03 -1.2818E-03
 -5.0462E-03  2.8852E-03  1.9747E-03
 -2.9035E-03  4.2168E-03  3.7076E-03
 -1.9857E-03  5.7079E-03  6.7135E-03
 -3.8064E-03  6.3032E-03  9.4868E-03
 -4.9551E-03  6.8655E-03  1.1696E-02
 -4.0716E-03  6.2108E-03  9.4503E-03
 -8.6191E-03  2.1806E-03  2.8119E-03
 -1.0415E-02  2.3631E-03  4.5524E-03
 -1.4393E-02 -4.2956E-04 -2.9817E-03
 -1.3933E-02  1.4876E-04 -3.4692E-03
 -1.3579E-02  3.0355E-04 -3.9351E-03
 -1.3126E-02  1.0047E-03 -4.3726E-03
 -1.3101E-02  1.7967E-03 -4.1573E-03
 -1.2699E-02  2.4626E-03 -4.5325E-03
 -1.2313E-02  2.3374E-03 -5.1350E-03
 -1.1918E-02  3.0104E-03 -5.4969E-03
 -1.2329E-02  1.5547E-03 -5.3602E-03
 -1.2736E-02  8.9041E-04 -4.9779E-03
 -1.4022E-02  9.6586E-04 -3.0797E-03
 -1.3823E-02  1.3067E-03 -3.2615E-03
 -1.4325E-02  1.2788E-03 -2.5373E-03
 -1.4432E-02  2.0604E-03 -2.1328E-03
 -1.4669E-02  2.3891E-03 -1.6835E-03
 -1.4312E-02  2.7420E-03 -2.0911E-03
 -1.4252E-02  2.4678E-03 -2.2658E-03
 -1.3851E-02  3.0199E-03 -2.6747E-03
 -1.3674E-02  3.6122E-03 -2.7453E-03
 -1.3947E-02  3.4580E-03 -2.3965E-03
 -1.4735E-02  2.0697E-03 -1.6882E-03
 -1.4637E-02  2.6861E-03 -1.6356E-03
 -1.5110E-02  1.4185E-03 -1.3481E-03
 -1.5401E-02  1.4104E-03 -9.2639E-04
 -1.5854E-02  6.5925E-04 -5.0578E-04
 -1.5730E-02 -1.9025E-04 -9.5571E-04
 -1.6185E-02 -9.3672E-04 -5.3075E-04
 -1.6559E-02 -9.0340E-04  2.5445E-05
 -1.6190E-02 -1.5410E-03 -7.1528E-04
 -1.5072E-02  1.3928E-03 -1.4119E-03
 -1.5122E-02  1.7538E-03 -1.2241E-03
 -1.4722E-02  9.9200E-04 -2.0508E-03
 -1.4378E-02  8.8927E-04 -2.5848E-03
 -1.4203E-02  1.1076E-04 -3.0876E-03
 -1.3840E-02 -1.2163E-04 -3.6909E-03
 -1.3783E-02 -1.1453E-03 -4.0995E-03
 -1.3157E-02 -9.1841E-04 -4.9396E-03
 -1.3941E-02  1.6504E-03 -2.9795E-03
 -1.3805E-02  1.8815E-03 -3.1038E-03
 -1.3749E-02  2.0766E-03 -3.1246E-03
 -1.3326E-02  2.7890E-03 -3.5141E-03
 -1.2969E-02  2.7896E-03 -4.0347E-03
 -1.2460E-02  3.3029E-03 -4.6141E-03
 -1.2936E-02  1.9546E-03 -4.3485E-03
 -1.3430E-02  3.6360E-03 -3.0941E-03
 -1.3107E-02  4.2348E-03 -3.3737E-03
 -1.3878E-02  3.6956E-03 -2.4206E-03
 -1.4004E-02  4.4904E-03 -1.9852E-03
 -1.4548E-02  4.3927E-03 -1.2229E-03
 -1.3896E-02  4.9071E-03 -2.0100E-03
 -1.3644E-02  5.6277E-03 -2.1474E-03
 -1.4078E-02  4.4644E-03 -1.8854E-03
 -1.4440E-02  3.6530E-03 -1.6149E-03
 -1.4430E-02  3.4755E-03 -1.6859E-03
 -1.4341E-02  4.3074E-03 -1.5512E-03
 -1.3970E-02  4.8703E-03 -1.9141E-03
 -1.3433E-02  5.0172E-03 -2.6501E-03
 -1.3265E-02  5.5578E-03 -2.7234E-03
 -1.3158E-02  4.5646E-03 -3.1951E-03
 -1.2637E-02  4.6754E-03 -3.9190E-03
 -1.2451E-02  3.9600E-03 -4.4175E-03
 -1.1914E-02  4.0374E-03 -5.1768E-03
 -1.1793E-02  3.2919E-03 -5.5891E-03
 -1.1819E-02  4.0841E-03 -5.2999E-03
 -1.2336E-02  5.4860E-03 -4.1002E-03
 -1.1997E-02  5.9482E-03 -4.4477E-03
 -1.2466E-02  5.6559E-03 -3.8570E-03
 -1.2218E-02  6.4202E-03 -3.9748E-03
 -1.2438E-02  6.4690E-03 -3.6388E-03
 -1.2178E-02  7.2811E-03 -3.7595E-03
 -1.2396E-02  5.7268E-03 -3.9361E-03
 -1.1875E-02  5.6411E-03 -4.7228E-03
 -1.2317E-02  7.1212E-03 -3.6080E-03
 -1.1982E-02  7.7451E-03 -3.8989E-03
 -1.2783E-02  7.0078E-03 -2.9649E-03
 -1.2938E-02  7.6249E-03 -2.5425E-03
 -1.2678E-02  7.7356E-03 -2.8867E-03
 -1.2557E-02  8.4149E-03 -2.8475E-03
 -1.5819E-02  6.9584E-03 -3.4676E-03
 -1.4979E-02  6.6188E-03 -4.4259E-03
 -1.4921E-02  4.2251E-03 -5.2475E-03
 -1.3861E-02  3.7314E-03 -6.4772E-03
 -1.4485E-02  3.1858E-03 -6.0206E-03
 -1.3523E-02  2.7004E-03 -7.1477E-03
 -1.1920E-02  2.7663E-03 -8.7483E-03
 -1.1008E-02  2.1936E-03 -9.8525E-03
 -1.1266E-02  3.3257E-03 -9.2313E-03
 -1.2231E-02  3.7930E-03 -8.1057E-03
 -1.3278E-02  7.9832E-03 -5.7106E-03
 -1.2702E-02  9.2218E-03 -5.8981E-03
 -1.2469E-02  7.7445E-03 -6.6049E-03
 -1.0831E-02  8.9660E-03 -7.8724E-03
 -1.0024E-02  8.0965E-03 -8.9660E-03
 -9.3957E-03  6.1221E-03 -1.0231E-02
 -9.8362E-03  4.1900E-03 -1.0401E-02
 -9.3025E-03  2.3245E-03 -1.1536E-02
 -8.3346E-03  2.3854E-03 -1.2495E-02
 -7.8728E-03  5.1416E-04 -1.3559E-02
 -7.8811E-03  4.2854E-03 -1.2348E-02
 -8.4066E-03  6.1577E-03 -1.1219E-02
 -1.0636E-02  1.1417E-02 -7.2879E-03
 -9.3359E-03  1.2590E-02 -8.2284E-03
 -1.1876E-02  1.2220E-02 -5.7780E-03
 -1.1722E-02  1.4583E-02 -5.1803E-03
 -1.3021E-02  1.5279E-02 -3.6439E-03
 -1.2919E-02  1.4680E-02 -3.9388E-03
 -1.1820E-02  1.5357E-02 -4.8339E-03
 -1.0947E-02  1.7052E-02 -5.1760E-03
 -1.2881E-02  1.4132E-02 -4.1520E-03
 -1.3028E-02  1.4773E-02 -3.7981E-03
 -1.4440E-02  1.3309E-02 -2.8370E-03
 -1.5892E-02  1.4372E-02 -1.0298E-03
 -1.7134E-02  1.3147E-02 -1.6479E-04
 -1.8634E-02  1.4094E-02  1.6543E-03
 -1.9963E-02  1.2729E-02  2.5632E-03
 -1.1483E-02  1.4780E-02 -5.3587E-03
 -1.0961E-02  1.6178E-02 -5.4412E-03
 -1.0727E-02  1.3240E-02 -6.6145E-03
 -9.2028E-03  1.3092E-02 -8.2028E-03
 -8.7455E-03  1.1014E-02 -9.3281E-03
 -9.6254E-03  9.0386E-03 -9.0681E-03
 -9.2058E-03  9.1313E-03 -9.4629E-03
 -1.0307E-02  8.9523E-03 -8.4066E-03
 -7.7666E-03  9.4472E-03 -1.0818E-02
 -7.9238E-03  1.5049E-02 -8.8723E-03
 -6.9396E-03  1.6045E-02 -9.5498E-03
 -7.9526E-03  1.5594E-02 -8.6692E-03
 -6.8098E-03  1.7422E-02 -9.2419E-03
 -7.1131E-03  1.7608E-02 -8.8759E-03
 -6.9303E-03  1.9489E-02 -8.4611E-03
 -5.7101E-03  2.0749E-02 -9.2932E-03
 -8.4097E-03  1.9803E-02 -6.8647E-03
 -8.7533E-03  2.1700E-02 -5.9126E-03
 -1.0543E-02  2.1779E-02 -4.0776E-03
 -1.1073E-02  2.2553E-02 -3.2941E-03
 -1.2920E-02  2.2125E-02 -1.5633E-03
 -1.3471E-02  2.1601E-02 -1.1734E-03
 -1.3813E-02  2.2330E-02 -5.9447E-04
 -8.2548E-03  2.1663E-02 -6.4283E-03
 -7.8029E-03  2.3346E-02 -6.3487E-03
 -8.3056E-03  1.9735E-02 -6.9919E-03
 -7.8278E-03  1.9507E-02 -7.5477E-03
 -8.5137E-03  1.7230E-02 -7.5802E-03
 -6.0122E-03  1.9991E-02 -9.2294E-03
 -5.3467E-03  2.0105E-02 -9.8661E-03
 -5.2126E-03  2.0204E-02 -9.9699E-03
 -3.4684E-03  2.0685E-02 -1.1581E-02
 -2.7212E-03  1.8725E-02 -1.2961E-02
 -1.2622E-03  1.8953E-02 -1.4364E-02
 -3.7168E-03  1.6791E-02 -1.2571E-02
 -3.1683E-03  1.4756E-02 -1.3775E-02
 -4.5340E-03  1.2945E-02 -1.2971E-02
 -4.8471E-03  1.3134E-02 -1.2594E-02
 -6.3631E-03  1.2996E-02 -1.1105E-02
 -3.7454E-03  1.3372E-02 -1.3632E-02
 -2.4621E-03  1.3970E-02 -1.4739E-02
 -1.6780E-03  1.2534E-02 -1.5990E-02
  3.9668E-04  1.3549E-02 -1.2223E-02
 -2.1216E-03  1.2861E-02 -1.1523E-02
 -4.3246E-03  1.2864E-02 -1.2543E-02
 -4.0752E-03  1.2473E-02 -1.1374E-02
 -6.8169E-03  1.2268E-02 -1.2081E-02
 -1.9737E-03  1.1844E-02 -8.7181E-03
  2.6891E-05  1.1755E-02 -7.5594E-03
 -3.9714E-03  1.1094E-02 -7.6132E-03
 -4.0689E-03  1.0068E-02 -4.8966E-03
 -4.3039E-03  9.6406E-03 -3.8525E-03
 -1.8932E-03  1.0124E-02 -4.0486E-03
 -2.0024E-03  1.0993E-02 -6.4394E-03
 -3.1767E-03  1.0642E-02 -6.0329E-03
 -3.4350E-03  1.1449E-02 -8.3246E-03
 -6.4356E-03  9.4290E-03 -4.2600E-03
 -8.5471E-03  9.4900E-03 -5.3922E-03
 -6.0789E-03  8.8361E-03 -2.4999E-03
 -8.2227E-03  8.2058E-03 -1.7854E-03
 -7.4506E-03  8.4348E-03 -2.0479E-03
 -9.1692E-03  7.6546E-03 -7.3493E-04
 -8.3531E-03  6.9352E-03  1.5765E-03
 -9.9626E-03  6.1613E-03  2.9226E-03
 -1.2420E-02  6.0922E-03  1.9824E-03
 -1.3915E-02  5.2889E-03  3.4600E-03
 -1.3316E-02  6.8000E-03 -3.3479E-04
 -1.1669E-02  7.5872E-03 -1.6992E-03
 -8.7836E-03  7.1184E-03  8.8582E-04
 -6.9736E-03  6.8730E-03  2.3765E-03
 -1.1249E-02  6.4699E-03  1.5019E-03
 -1.1838E-02  5.4182E-03  4.0642E-03
 -1.2138E-02  5.2333E-03  4.4245E-03
 -1.4273E-02  4.7421E-03  4.7682E-03
 -1.6088E-02  5.0052E-03  3.2277E-03
 -1.4264E-02  3.8962E-03  7.0503E-03
 -1.6524E-02  3.1803E-03  7.9418E-03
 -1.5669E-02  2.7780E-03  9.4176E-03
 -1.7918E-02  1.9840E-03  1.0525E-02
 -1.8022E-02  2.2317E-03  9.8100E-03
 -1.5592E-02  2.3057E-03  1.0724E-02
 -1.3403E-02  3.3172E-03  9.0043E-03
 -1.7979E-02  2.3280E-03  9.5702E-03
 -1.6803E-02  1.9107E-03  1.1233E-02
 -2.0548E-02  2.0461E-03  9.1512E-03
 -2.2187E-02  1.2842E-03  1.0452E-02
 -2.3769E-02  1.7450E-03  8.4855E-03
 -2.2048E-02  2.3820E-03  7.5591E-03
 -2.6173E-02  9.5563E-04  9.5089E-03
 -2.4039E-02  3.7729E-04  1.2045E-02
 -2.5442E-02  4.7369E-04  1.1142E-02
 -2.4040E-02 -5.0755E-04  1.4427E-02
 -2.5782E-02 -1.4105E-03  1.6060E-02
 -2.4884E-02 -2.2785E-03  1.8809E-02
 -2.6418E-02 -3.2127E-03  2.0622E-02
 -2.6580E-02 -4.0488E-03  2.2799E-02
 -2.7412E-02 -3.1211E-03  1.9919E-02
 -2.8473E-02 -1.6534E-03  1.5480E-02
 -2.8962E-02 -1.9494E-03  1.6053E-02
 -3.0158E-02 -1.4672E-03  1.4206E-02
 -3.2780E-02 -1.6711E-03  1.3553E-02
 -3.4594E-02 -2.7573E-03  1.5647E-02
 -3.6933E-02 -3.0340E-03  1.5320E-02
 -3.3534E-02 -3.3769E-03  1.7801E-02
 -3.5074E-02 -4.4450E-03  1.9972E-02
 -3.4055E-02 -4.8517E-03  2.1534E-02
 -3.3886E-02 -4.2267E-03  1.9929E-02
 -3.1508E-02 -4.8184E-03  2.2612E-02
 -3.4979E-02 -5.0455E-03  2.1632E-02
 -3.5756E-02 -5.9602E-03  2.3739E-02
 -3.3855E-02 -4.5276E-03  2.0753E-02
 -3.3679E-02 -5.0164E-03  2.2150E-02
 -3.1154E-02 -4.4326E-03  2.1735E-02
 -2.8845E-02 -4.5406E-03  2.3085E-02
 -2.6697E-02 -3.9909E-03  2.2589E-02
 -2.4163E-02 -4.0081E-03  2.3797E-02
 -2.2217E-02 -3.5562E-03  2.3473E-02
 -3.5834E-02 -5.0649E-03  2.1292E-02
 -3.7127E-02 -4.5527E-03  1.9321E-02
 -3.7591E-02 -7.0975E-03  5.3862E-02
 -3.5537E-02 -5.9679E-03  5.9621E-02
 -3.3508E-02 -5.2317E-03  5.8746E-02
 -3.7970E-02 -7.1719E-03  5.5115E-02
 -3.9759E-02 -8.0972E-03  5.1107E-02
 -3.7220E-02 -7.4589E-03  4.5129E-02
 -3.2399E-02 -5.6355E-03  4.4343E-02
 -4.0470E-02 -8.9589E-03  4.0980E-02
 -3.8616E-02 -8.5828E-03  3.5061E-02
 -4.3022E-02 -1.0496E-02  3.1520E-02
 -4.7550E-02 -1.2305E-02  3.0596E-02
 -4.0834E-02 -9.9825E-03  2.5736E-02
 -3.3360E-02 -6.5607E-03  3.4797E-02
 -2.9678E-02 -5.3279E-03  3.1434E-02
 -3.2900E-02 -6.1599E-03  3.8641E-02
 -2.8060E-02 -4.2690E-03  3.8893E-02
 -2.9061E-02 -4.4463E-03  4.2533E-02
 -2.3351E-02 -2.3105E-03  4.1195E-02
 -1.8666E-02 -5.6823E-04  3.9917E-02
 -2.4488E-02 -2.5446E-03  4.4766E-02
 -2.0078E-02 -7.0943E-04  4.6935E-02
 -2.1492E-02 -9.2978E-04  5.2597E-02
 -1.6484E-02  1.2066E-03  5.5963E-02
 -1.7707E-02  1.0911E-03  6.2164E-02
 -1.4372E-02  2.5301E-03  6.4685E-02
 -2.1950E-02 -4.1693E-04  6.4528E-02
 -1.8369E-02 -3.0652E-04  4.2451E-02
 -1.3583E-02  1.4774E-03  4.1216E-02
 -2.2258E-02 -1.9711E-03  3.9735E-02
 -2.1010E-02 -1.7478E-03  3.5240E-02
 -2.6080E-02 -3.8693E-03  3.2536E-02
 -2.9620E-02 -4.9826E-03  3.7013E-02
 -2.4561E-02 -3.5497E-03  2.7889E-02
 -1.7543E-02 -6.7873E-04  3.0489E-02
 -1.3414E-02  8.1177E-04  2.8586E-02
 -1.9248E-02 -1.4442E-03  2.8681E-02
 -1.6381E-02 -5.8723E-04  2.4284E-02
 -1.9336E-02 -1.7800E-03  2.3473E-02
 -1.7427E-02 -1.3299E-03  1.8460E-02
 -1.4801E-02 -1.9080E-04  2.0553E-02
 -1.7634E-02 -1.4000E-03  1.8635E-02
 -1.5510E-02 -7.8165E-04  1.5093E-02
 -1.8397E-02 -1.9880E-03  1.3585E-02
 -1.0502E-02  1.0409E-03  1.3039E-02
 -1.0606E-02  1.7635E-03  2.6222E-02
 -6.7487E-03  3.0657E-03  2.2886E-02
 -9.9834E-03  2.3219E-03  3.1699E-02
 -4.6753E-03  4.5163E-03  3.4061E-02
 -5.1556E-03  4.6923E-03  4.0318E-02
 -1.4779E-03  5.7205E-03  3.3452E-02
  3.1240E-03  7.3925E-03  3.1518E-02
 -3.9358E-03  4.8604E-03  3.5053E-02
 -1.2176E-03  5.8870E-03  3.4585E-02
 -4.8101E-03  4.6189E-03  3.6736E-02
 -5.0763E-03  4.8887E-03  4.3181E-02
 -8.9516E-03  3.5117E-03  4.5345E-02
 -1.4404E-03  6.4650E-03  4.6062E-02
  5.7062E-04  6.2246E-03  2.8441E-02
  5.1138E-03  7.9285E-03  2.7451E-02
 -2.9732E-03  4.6129E-03  2.4332E-02
 -1.7015E-03  4.7568E-03  1.8301E-02
 -6.4696E-03  2.6990E-03  1.4681E-02
 -1.0445E-02  1.1933E-03  1.5296E-02
 -7.4834E-03  2.2935E-03  1.4466E-02
 -1.4662E-02 -6.9798E-04  1.0863E-02
  3.2559E-03  6.5474E-03  1.6035E-02
  6.3347E-03  7.5368E-03  1.2508E-02
  4.0469E-03  6.9670E-03  1.7987E-02
  8.7244E-03  8.6716E-03  1.6109E-02
  8.1743E-03  8.5634E-03  1.7923E-02
  3.9039E-03  6.7180E-03  1.4642E-02
  4.4616E-03  6.9563E-03  1.5024E-02
  1.2661E-03  5.9069E-03  1.8294E-02
  8.0492E-03  8.1729E-03  1.2015E-02
  1.3812E-02  1.0783E-02  1.8509E-02
  1.8022E-02  1.2251E-02  1.5681E-02
  7.8970E-03  1.7600E-02  2.5006E-02
  1.2264E-02  2.0282E-02  2.8035E-02
  1.1047E-02  2.0999E-02  3.4991E-02
  1.2369E-02  2.2183E-02  3.7891E-02
  7.5835E-03  2.0721E-02  4.2432E-02
  5.9489E-03  2.0917E-02  4.7691E-02
  8.9131E-04  1.9201E-02  5.1581E-02
  1.2933E-02  2.0212E-02  2.5939E-02
  1.6671E-02  2.2346E-02  2.7677E-02
  9.2191E-03  1.7730E-02  2.2292E-02
  9.4217E-03  1.7386E-02  1.9935E-02
  3.4272E-03  1.4542E-02  2.0236E-02
  3.2755E-03  1.3654E-02  1.5896E-02
  1.4765E-03  1.4825E-02  2.6769E-02
 -4.4490E-03  1.2079E-02  2.7409E-02
  1.1822E-02  1.7302E-02  1.3302E-02
  1.5161E-02  1.8573E-02  1.1472E-02
  1.0268E-02  1.5898E-02  9.8316E-03
  1.1912E-02  1.5470E-02  3.3175E-03
  6.9749E-03  1.2481E-02  1.1423E-04
  1.8166E-03  1.0247E-02  1.5085E-03
  2.8101E-03  1.0187E-02 -1.3727E-03
 -3.2846E-03  7.3802E-03 -6.1680E-04
  1.7078E-02  1.7588E-02  1.2824E-03
  2.0452E-02  1.8436E-02 -2.8920E-03
  1.7579E-02  1.8351E-02  4.0608E-03
  2.2245E-02  2.0283E-02  2.3242E-03
  2.1070E-02  1.8603E-02 -3.5932E-03
  2.3069E-02  1.8637E-02 -8.5642E-03
  1.7947E-02  1.7151E-02 -3.2817E-03
