  5.5846E-03  1.9751E-03 -9.7178E-03
  5.1197E-03  2.2178E-03 -9.3603E-03
  5.5230E-03  2.5803E-03 -9.8535E-03
  5.1057E-03  2.8760E-03 -9.5574E-03
  4.3158E-03  3.6870E-03 -9.0774E-03
  4.5585E-03  4.6915E-03 -9.6255E-03
  4.8882E-03  1.3525E-03 -8.8672E-03
  5.3260E-03  6.4855E-04 -9.0519E-03
  4.2028E-03  1.3854E-03 -8.2363E-03
  3.9115E-03  5.9863E-04 -7.7122E-03
  3.4968E-03  2.8947E-04 -7.2254E-03
  3.9406E-03 -2.6014E-04 -7.4651E-03
  3.5328E-03 -2.9519E-04 -7.0723E-03
  3.9477E-03 -8.9710E-04 -7.2683E-03
  3.6917E-03 -1.4028E-03 -6.8671E-03
  4.1270E-03 -1.9357E-03 -7.1042E-03
  3.0092E-03 -1.3808E-03 -6.2355E-03
  3.4437E-03  8.8208E-04 -7.3651E-03
  2.9162E-03  1.4857E-03 -7.0643E-03
  3.6400E-03  4.2746E-04 -7.4035E-03
  3.2707E-03  6.5836E-04 -7.1317E-03
  3.7496E-03  1.0684E-03 -7.7108E-03
  3.4529E-03  1.2098E-03 -7.4784E-03
  3.8823E-03  1.9586E-03 -8.1195E-03
  4.5244E-03  2.2100E-03 -8.8007E-03
  3.0771E-03 -1.8022E-04 -6.6826E-03
  3.4654E-03 -9.3228E-04 -6.8056E-03
  2.4449E-03 -5.3990E-05 -6.1313E-03
  2.1911E-03 -7.6639E-04 -5.6661E-03
  1.4390E-03 -8.2758E-04 -4.9427E-03
  1.4698E-03 -1.2931E-03 -4.8228E-03
  7.7192E-04 -1.3001E-03 -4.1675E-03
  1.0980E-03 -1.3483E-03 -4.4572E-03
  2.1718E-03 -3.8515E-04 -5.7699E-03
  1.8894E-03  4.2069E-04 -5.7631E-03
  2.5122E-03 -9.3453E-04 -5.9129E-03
  2.5439E-03 -6.5080E-04 -6.0333E-03
  3.3106E-03 -8.7799E-04 -6.6781E-03
  3.5220E-03 -4.7115E-04 -7.0059E-03
  4.3055E-03 -7.5797E-04 -7.6476E-03
  3.3174E-03  5.5961E-04 -7.1439E-03
  2.0990E-03 -1.1506E-03 -5.4572E-03
  2.2642E-03 -1.9796E-03 -5.3469E-03
  1.5303E-03 -6.5052E-04 -5.0848E-03
  1.0588E-03 -1.0524E-03 -4.5151E-03
  2.8870E-04 -6.7101E-04 -3.9163E-03
 -4.3400E-06 -7.1082E-04 -3.6294E-03
  8.0811E-05 -1.6653E-03 -3.4041E-03
 -7.6374E-04 -2.6918E-04 -3.0598E-03
  1.1561E-03 -8.5360E-04 -4.6697E-03
  1.3354E-03 -1.5271E-04 -5.0614E-03
  1.0105E-03 -1.4545E-03 -4.3414E-03
  1.0873E-03 -1.3085E-03 -4.4599E-03
  9.4816E-04 -2.0975E-03 -4.0777E-03
  1.1302E-03 -2.8971E-03 -3.9926E-03
  6.2514E-04 -1.8693E-03 -3.8483E-03
  4.5435E-04 -2.5504E-03 -3.4708E-03
  2.0492E-06 -2.0813E-03 -3.1974E-03
  1.1121E-03 -3.1435E-03 -3.8969E-03
  1.6656E-03 -2.8820E-03 -4.4984E-03
  1.0783E-03 -3.9925E-03 -3.5940E-03
  1.6987E-03 -4.5937E-03 -3.9825E-03
  1.4581E-03 -5.5030E-03 -3.4668E-03
  6.6618E-04 -5.2396E-03 -2.8098E-03
  5.3599E-04 -4.5095E-03 -2.9213E-03
  1.8660E-03 -4.1973E-03 -4.2657E-03
  1.4165E-03 -4.0264E-03 -3.8996E-03
  2.4978E-03 -4.0101E-03 -4.9167E-03
  2.7072E-03 -3.6335E-03 -5.2330E-03
  2.7393E-03 -2.6251E-03 -5.5853E-03
  3.0496E-03 -2.2796E-03 -5.9860E-03
  2.3201E-03 -1.9470E-04 -1.2238E-03
  2.6646E-03  2.0822E-04 -1.0288E-03
  3.2384E-03  9.1834E-04 -8.0829E-04
  2.5531E-03  3.1533E-04 -1.7233E-03
  2.7349E-03  5.0748E-04 -1.5659E-03
  2.2656E-03  2.0629E-04 -2.4898E-03
  2.1423E-03  3.0003E-04 -3.1918E-03
  2.5973E-03  1.0597E-03 -3.5394E-03
  2.6758E-03  1.2076E-03 -3.6444E-03
  2.8918E-03  1.5397E-03 -3.7333E-03
  3.3320E-03  2.2770E-03 -4.0756E-03
  3.7098E-03  2.7671E-03 -3.9902E-03
  3.4433E-03  2.5340E-03 -4.3498E-03
  3.8357E-03  3.0794E-03 -4.3577E-03
  3.5827E-03  2.9627E-03 -4.9771E-03
  3.2623E-03  2.4077E-03 -4.6792E-03
  3.1145E-03  2.3201E-03 -4.9894E-03
  3.3686E-03  2.8010E-03 -5.3338E-03
  2.6340E-03  1.7984E-03 -5.3679E-03
  2.3717E-03  1.7625E-03 -6.2364E-03
  2.2999E-03  1.7172E-03 -6.3799E-03
  2.2817E-03  1.9506E-03 -7.0672E-03
  2.2905E-03  1.4560E-03 -5.7200E-03
  2.2171E-03  1.3768E-03 -5.7793E-03
  2.2207E-03  1.0528E-03 -4.9049E-03
  1.8289E-03  3.6867E-04 -4.5261E-03
  2.7417E-03  1.5559E-03 -4.3276E-03
  2.6204E-03  2.0654E-03 -6.1278E-03
  2.5028E-03  2.0584E-03 -6.5413E-03
  3.0870E-03  2.6602E-03 -5.9943E-03
  3.4899E-03  3.3232E-03 -6.2762E-03
  3.9966E-03  3.7507E-03 -5.5508E-03
  4.2560E-03  4.0273E-03 -5.3330E-03
  3.9218E-03  3.4606E-03 -5.0545E-03
  3.7852E-03  3.4599E-03 -5.5547E-03
  3.8086E-03  3.0523E-03 -4.3855E-03
  3.5708E-03  3.7385E-03 -7.0829E-03
  3.8818E-03  4.2918E-03 -7.4111E-03
  3.2564E-03  3.4372E-03 -7.4370E-03
  3.3000E-03  3.7812E-03 -8.1916E-03
  2.9551E-03  3.3696E-03 -8.3647E-03
  3.1871E-03  3.9158E-03 -8.9641E-03
  3.5014E-03  4.5091E-03 -9.3862E-03
  2.7398E-03  3.3757E-03 -9.1718E-03
  2.6137E-03  3.4788E-03 -9.9091E-03
  2.1133E-03  2.8144E-03 -9.9819E-03
  1.6232E-03  2.3705E-03 -1.0603E-02
  1.1794E-03  1.8307E-03 -1.0799E-02
  7.0767E-04  1.1795E-03 -1.0801E-02
  1.2593E-03  1.9958E-03 -1.0944E-02
  3.0537E-03  4.0673E-03 -9.8568E-03
  3.1799E-03  4.4788E-03 -1.0487E-02
  3.2849E-03  4.1036E-03 -9.1037E-03
  3.7144E-03  4.6539E-03 -8.9884E-03
  3.8883E-03  4.5471E-03 -8.0656E-03
  4.4283E-03  5.1951E-03 -7.8039E-03
  4.8450E-03  5.5499E-03 -7.2160E-03
  5.3516E-03  6.1694E-03 -7.0014E-03
  5.4459E-03  6.4404E-03 -7.3748E-03
  5.0325E-03  6.0902E-03 -7.9631E-03
  4.5274E-03  5.4705E-03 -8.1719E-03
  4.1742E-03  5.3872E-03 -9.2482E-03
  4.3661E-03  5.8434E-03 -9.7558E-03
  4.3386E-03  5.4870E-03 -8.9096E-03
  4.7640E-03  6.1425E-03 -9.0888E-03
  4.8706E-03  6.0973E-03 -8.5771E-03
  5.2929E-03  6.7650E-03 -8.7999E-03
  5.0613E-03  6.0116E-03 -7.6487E-03
  5.0851E-03  5.8354E-03 -7.0927E-03
  4.6522E-03  6.3424E-03 -1.0031E-02
  4.9784E-03  6.9260E-03 -1.0383E-02
  1.7377E-03  1.0382E-02 -5.1698E-03
  2.3909E-03  9.7132E-03 -5.0660E-03
  2.8761E-03  9.1625E-03 -4.9696E-03
  2.2781E-03  8.5751E-03 -4.6333E-03
  2.8042E-03  8.1992E-03 -4.6082E-03
  3.3956E-03  7.2525E-03 -4.3916E-03
  3.1111E-03  1.0156E-02 -5.3758E-03
  3.2881E-03  9.9295E-03 -5.3315E-03
  3.4840E-03  1.0825E-02 -5.6944E-03
  4.1784E-03  1.1308E-02 -6.0134E-03
  4.5673E-03  1.1940E-02 -6.3218E-03
  5.3381E-03  1.2456E-02 -6.6686E-03
  6.1480E-03  1.2500E-02 -6.8540E-03
  6.9137E-03  1.2642E-02 -7.0651E-03
  6.0221E-03  1.2391E-02 -6.7884E-03
  3.8480E-03  1.1805E-02 -6.1226E-03
  4.3823E-03  1.1926E-02 -6.2782E-03
  2.9718E-03  1.2084E-02 -6.0396E-03
  2.6366E-03  1.2570E-02 -6.1445E-03
  1.8126E-03  1.3188E-02 -6.1941E-03
  1.6936E-03  1.4017E-02 -6.4674E-03
  2.5367E-03  1.4560E-02 -6.8388E-03
  2.4452E-03  1.5387E-02 -7.1170E-03
  2.3813E-03  1.5173E-02 -7.0267E-03
  2.3897E-03  1.1968E-02 -5.8763E-03
  2.5381E-03  1.2171E-02 -5.9804E-03
  2.0451E-03  1.1209E-02 -5.5313E-03
  1.7541E-03  1.0595E-02 -5.2498E-03
  7.3977E-04  1.0411E-02 -4.9715E-03
  1.4760E-04  1.1265E-02 -5.1546E-03
  1.8644E-05  1.1675E-02 -5.2751E-03
 -3.8902E-04  1.2533E-02 -5.4979E-03
 -6.8293E-04  1.2993E-02 -5.6018E-03
 -1.0181E-03  1.3863E-02 -5.8447E-03
 -5.8355E-04  1.2592E-02 -5.4787E-03
 -1.6806E-04  1.1730E-02 -5.2555E-03
  2.3612E-03  9.7347E-03 -5.0675E-03
  2.2648E-03  9.2553E-03 -4.8750E-03
  2.9898E-03  9.5437E-03 -5.1304E-03
  3.5662E-03  8.7394E-03 -4.9619E-03
  3.0176E-03  7.9459E-03 -4.5618E-03
  3.0935E-03  7.3350E-03 -4.3581E-03
  2.5010E-03  7.9393E-03 -4.4514E-03
  1.9093E-03  7.2317E-03 -4.0732E-03
  8.6020E-04  7.5098E-03 -3.9537E-03
  6.9450E-04  7.8824E-03 -4.0530E-03
  5.1502E-04  8.2216E-03 -4.1374E-03
 -3.7426E-04  8.6683E-03 -4.1119E-03
  2.0712E-03  7.0123E-03 -4.0282E-03
  2.3526E-03  7.5595E-03 -4.2838E-03
  1.9373E-03  6.1922E-03 -3.7054E-03
  1.8726E-03  5.4269E-03 -3.4168E-03
  1.8096E-03  4.6696E-03 -3.1313E-03
  2.3913E-03  4.9421E-03 -3.3510E-03
  2.0708E-03  5.9076E-03 -3.6310E-03
  1.2066E-03  5.9880E-03 -3.4791E-03
  4.4438E-04  6.0258E-03 -3.3332E-03
  1.3368E-03  5.9498E-03 -3.4926E-03
  5.8068E-04  5.9901E-03 -3.3489E-03
  8.1914E-04  6.4994E-03 -3.5819E-03
  8.7730E-05  6.5133E-03 -3.4339E-03
  3.8599E-04  6.9208E-03 -3.6427E-03
 -7.2597E-06  6.6448E-03 -3.4612E-03
  9.5893E-04  7.4773E-03 -3.9627E-03
  4.1662E-04  5.0506E-03 -2.9769E-03
  1.0322E-03  4.5576E-03 -2.9284E-03
 -4.1605E-04  4.7982E-03 -2.7119E-03
 -6.6854E-04  3.9215E-03 -2.3439E-03
 -1.1706E-03  3.5144E-03 -2.0926E-03
 -1.5058E-03  2.6209E-03 -1.7012E-03
 -5.6487E-04  3.4476E-03 -2.1953E-03
 -1.1111E-03  3.2824E-03 -2.0216E-03
 -1.3566E-03  4.0466E-03 -2.2450E-03
 -1.9624E-03  4.6431E-03 -2.3327E-03
 -1.2468E-03  3.5090E-03 -2.0747E-03
 -1.8970E-03  3.5508E-03 -1.9537E-03
 -1.5095E-03  4.0090E-03 -2.1995E-03
 -1.0921E-03  3.3904E-03 -2.0644E-03
 -2.0310E-03  2.5724E-03 -1.5739E-03
 -1.3987E-03  2.0112E-03 -1.5045E-03
 -1.9240E-02 -5.9498E-05 -1.6872E-03
 -1.8731E-02  1.5151E-04  4.8917E-05
 -1.8517E-02  4.6031E-04  1.4426E-03
 -1.9943E-02  1.4344E-03  1.2996E-03
 -1.7379E-02 -4.4578E-04  1.1691E-03
 -1.7400E-02 -7.4280E-04  2.2823E-04
 -1.7288E-02 -4.9430E-04  1.2191E-03
 -1.6430E-02 -1.7759E-03 -7.9114E-04
 -1.5149E-02 -2.6556E-03 -6.7743E-04
 -1.5624E-02 -2.5252E-03 -1.3099E-03
 -1.5056E-02 -2.6793E-03 -5.4921E-04
 -1.6710E-02 -2.1975E-03 -2.6687E-03
 -1.7250E-02 -2.0595E-03 -3.4188E-03
 -1.8302E-02 -1.8803E-03 -5.1514E-03
 -1.7501E-02 -2.9496E-03 -6.6453E-03
 -1.8228E-02 -2.8566E-03 -7.9345E-03
 -1.6168E-02 -3.8759E-03 -6.5594E-03
 -1.8075E-02 -1.0740E-03 -2.2296E-03
 -1.7899E-02 -1.1094E-03 -1.9564E-03
 -1.9014E-02 -1.8136E-04 -1.5652E-03
 -1.9951E-02  8.7522E-04 -4.0267E-04
 -2.0864E-02  1.6790E-03  4.7906E-05
 -2.2177E-02  2.8531E-03  7.5363E-04
 -2.3078E-02  3.5243E-03  8.3101E-04
 -2.1807E-02  3.2099E-03  2.6270E-03
 -1.9063E-02  7.8209E-04  1.2338E-03
 -1.9457E-02  1.2550E-03  1.8096E-03
 -1.7908E-02  2.1070E-04  2.0063E-03
 -1.6926E-02  2.5498E-05  3.5688E-03
 -1.5665E-02 -7.1038E-04  4.0729E-03
 -1.5812E-02 -1.4894E-04  5.4479E-03
 -1.5889E-02  4.6212E-04  7.1254E-03
 -1.4478E-02 -1.0263E-03  5.6841E-03
 -1.6272E-02 -5.6272E-04  3.2073E-03
 -1.6488E-02 -1.3747E-04  4.0225E-03
 -1.5496E-02 -1.5379E-03  1.9424E-03
 -1.4815E-02 -2.2067E-03  1.3983E-03
 -1.4020E-02 -3.2746E-03 -1.0645E-04
 -1.2714E-02 -4.0362E-03  4.1932E-04
 -1.1734E-02 -5.1946E-03 -9.5741E-04
 -1.2342E-02 -5.2285E-03 -2.3734E-03
 -1.2163E-02 -5.3473E-03 -2.3440E-03
 -1.2762E-02 -5.3655E-03 -3.6932E-03
 -1.1379E-02 -5.4548E-03 -9.7515E-04
 -1.5898E-02 -1.5837E-03  9.3557E-04
 -1.5438E-02 -1.9378E-03  8.6303E-04
 -1.7332E-02 -6.3675E-04  6.9357E-04
 -1.8455E-02  2.3861E-05  2.6078E-04
 -1.9695E-02  4.4557E-04 -1.1455E-03
 -1.9107E-02  1.0072E-03  1.8172E-03
 -1.9810E-02  1.4874E-03  1.7463E-03
 -1.8928E-02  1.3357E-03  3.1960E-03
 -1.9500E-02  2.2598E-03  4.7464E-03
 -1.9643E-02  2.7167E-03  5.8151E-03
 -1.8448E-02  1.8509E-03  5.7863E-03
 -1.8913E-02  2.4127E-03  6.4741E-03
 -1.7023E-02  8.6561E-04  5.8924E-03
 -1.5848E-02  3.3010E-04  6.8146E-03
 -1.4369E-02 -8.1513E-04  6.5574E-03
 -1.4019E-02 -6.9303E-04  7.6806E-03
 -1.3148E-02 -1.5582E-03  6.9549E-03
 -1.6068E-02  2.6356E-04  6.1391E-03
 -1.6371E-02  7.8864E-04  7.0682E-03
 -1.5972E-02 -3.5131E-04  4.4928E-03
 -1.6174E-02 -5.0787E-04  3.5843E-03
 -1.6454E-02 -9.5427E-04  1.6326E-03
 -1.7139E-02 -8.4605E-04  4.7957E-04
 -1.7695E-02 -1.0634E-03 -1.3759E-03
 -1.8979E-02 -1.7807E-04 -1.4807E-03
 -1.9494E-02 -3.9139E-04 -3.2353E-03
 -1.7468E-02  5.7619E-04  4.0591E-03
 -1.7265E-02  6.8382E-04  4.8214E-03
 -2.2316E-02 -3.4316E-03  4.7522E-03
 -2.4468E-02 -1.6491E-03  5.4095E-03
 -2.6909E-02  1.3234E-04  3.2221E-03
 -2.6750E-02 -2.6023E-04 -1.9853E-05
 -2.5027E-02 -9.0023E-04  9.0843E-03
 -2.6961E-02  7.2726E-04  9.9902E-03
 -2.3276E-02 -2.1369E-03  1.1162E-02
 -2.3454E-02 -1.6980E-03  1.4776E-02
 -2.6178E-02  5.9007E-04  1.6009E-02
 -2.6957E-02  1.2907E-03  1.6920E-02
 -2.7653E-02  1.7649E-03  1.5883E-02
 -3.0285E-02  3.9721E-03  1.7028E-02
 -3.2025E-02  5.1657E-03  1.4537E-02
 -3.0622E-02  3.9330E-03  1.3239E-02
 -2.9906E-02  3.9428E-03  2.0394E-02
 -2.7812E-02  2.3224E-03  2.1149E-02
 -3.1884E-02  5.6970E-03  2.2418E-02
 -3.1658E-02  5.7818E-03  2.5677E-02
 -3.4305E-02  8.0423E-03  2.7318E-02
 -3.4515E-02  8.4609E-03  3.0384E-02
 -3.2817E-02  7.3481E-03  3.3455E-02
 -3.2654E-02  7.4173E-03  3.5900E-02
 -3.1680E-02  6.4350E-03  3.3452E-02
 -3.0589E-02  4.9079E-03  2.5489E-02
 -2.8585E-02  3.4326E-03  2.7133E-02
 -3.1862E-02  5.7610E-03  2.3422E-02
 -3.0992E-02  5.0352E-03  2.3089E-02
 -3.2996E-02  6.4692E-03  2.0936E-02
 -3.5534E-02  8.6394E-03  2.2556E-02
 -3.6741E-02  9.7472E-03  2.4247E-02
 -3.4993E-02  8.4111E-03  2.5076E-02
 -2.8277E-02  2.7352E-03  2.1625E-02
 -2.6658E-02  1.5256E-03  2.2737E-02
 -2.7778E-02  2.1365E-03  1.9204E-02
 -2.5287E-02  1.7762E-06  1.7569E-02
 -2.2967E-02 -1.6653E-03  1.9963E-02
 -2.0837E-02 -3.4036E-03  1.9629E-02
 -2.3410E-02 -1.1114E-03  2.2389E-02
 -2.1425E-02 -2.4965E-03  2.4953E-02
 -2.2347E-02 -1.5858E-03  2.7026E-02
 -2.3416E-02 -8.9409E-04  2.4989E-02
 -2.1323E-02 -2.6392E-03  2.4205E-02
 -1.9376E-02 -4.4041E-03  2.1742E-02
 -1.7242E-02 -6.1500E-03  2.1357E-02
 -2.1025E-02 -2.6351E-03  2.7183E-02
 -1.8798E-02 -4.3550E-03  2.8021E-02
 -2.3190E-02 -8.2374E-04  2.8075E-02
 -2.3089E-02 -7.3229E-04  3.0183E-02
 -2.5856E-02  1.5314E-03  3.0691E-02
 -2.7312E-02  2.9180E-03  3.3349E-02
 -3.0165E-02  5.2231E-03  3.3513E-02
 -3.1920E-02  6.5223E-03  3.2163E-02
 -3.0788E-02  5.8364E-03  3.4892E-02
 -2.1488E-02 -2.1526E-03  2.8542E-02
 -1.9777E-02 -3.3928E-03  3.0174E-02
 -2.1972E-02 -2.0308E-03  2.5271E-02
 -2.0623E-02 -3.2759E-03  2.3292E-02
 -2.2191E-02 -2.2834E-03  2.0029E-02
 -1.7796E-02 -5.6064E-03  2.2559E-02
 -1.6195E-02 -6.9312E-03  2.2088E-02
 -1.7209E-02 -6.0966E-03  2.2330E-02
 -1.4550E-02 -8.2835E-03  2.1699E-02
 -1.4464E-02 -8.4044E-03  2.1065E-02
 -1.1732E-02 -1.0627E-02  2.0719E-02
 -1.1755E-02 -1.0671E-02  1.9957E-02
 -9.0516E-03 -1.2791E-02  2.0586E-02
 -8.4778E-03 -1.2955E-02  2.4213E-02
 -1.2676E-02 -9.5475E-03  2.4656E-02
 -1.0507E-02 -1.1328E-02  2.4186E-02
 -1.5199E-02 -1.4190E-02  3.0889E-02
 -1.3633E-02 -1.4860E-02  3.3424E-02
 -1.5723E-02 -1.4943E-02  3.7138E-02
 -1.4890E-02 -1.5440E-02  3.9512E-02
 -1.7444E-02 -1.5020E-02  4.0265E-02
 -1.1710E-02 -1.6249E-02  4.0643E-02
 -1.3634E-02 -1.4640E-02  3.1827E-02
 -1.0933E-02 -1.5215E-02  3.1977E-02
 -1.6708E-02 -1.3807E-02  3.0359E-02
 -1.7047E-02 -1.3509E-02  2.8704E-02
 -2.0927E-02 -1.2505E-02  2.7191E-02
 -2.0951E-02 -1.2104E-02  2.4318E-02
 -2.3584E-02 -1.2401E-02  3.0400E-02
 -2.7416E-02 -1.1459E-02  2.9272E-02
 -1.4140E-02 -1.3693E-02  2.5706E-02
 -1.2251E-02 -1.4092E-02  2.5783E-02
 -1.3818E-02 -1.3400E-02  2.3096E-02
 -1.1117E-02 -1.3541E-02  2.0088E-02
 -1.1219E-02 -1.3204E-02  1.7795E-02
 -1.4317E-02 -1.2220E-02  1.5271E-02
 -1.3230E-02 -1.2114E-02  1.2876E-02
 -8.8869E-03 -1.2675E-02  1.0474E-02
 -7.3075E-03 -1.4532E-02  2.1609E-02
 -5.0419E-03 -1.4832E-02  2.0408E-02
 -6.5675E-03 -1.5022E-02  2.4062E-02
 -3.0454E-03 -1.5991E-02  2.5852E-02
 -3.0568E-03 -1.6361E-02  2.8554E-02
 -2.8033E-03 -1.6147E-02  2.6625E-02
 -1.9508E-03 -1.6581E-02  2.8505E-02
 -3.4478E-03 -1.5553E-02  2.3269E-02
 -1.9845E-03 -1.6492E-02  2.7905E-02
  1.2448E-03 -1.7182E-02  2.8100E-02
 -4.6868E-03 -1.6156E-02  2.9499E-02
 -4.0378E-03 -1.6568E-02  3.1518E-02
 -7.0275E-03 -1.6351E-02  3.4400E-02
 -3.8614E-03 -1.6242E-02  2.8892E-02
 -3.4919E-03 -1.6482E-02  3.0080E-02
 -4.1772E-03 -1.5687E-02  2.5332E-02
 -4.0617E-03 -1.5322E-02  2.2504E-02
 -7.3690E-03 -1.4682E-02  2.2787E-02
 -7.1482E-03 -1.4594E-02  2.1820E-02
 -1.0358E-02 -1.4279E-02  2.4319E-02
 -1.3792E-02 -1.3639E-02  2.4788E-02
 -1.5742E-02 -1.3743E-02  2.8456E-02
 -1.4188E-02 -1.4525E-02  3.1819E-02
 -1.6066E-02 -1.4635E-02  3.5413E-02
 -1.5696E-02 -1.4795E-02  3.6026E-02
 -1.7766E-02 -1.4831E-02  3.9374E-02
 -1.6156E-02 -1.2713E-02  2.1593E-02
 -1.5719E-02 -1.2567E-02  1.9878E-02
 -1.8681E-02 -1.2085E-02  2.0794E-02
 -2.1048E-02 -1.1178E-02  1.7741E-02
 -2.1895E-02 -1.0769E-02  1.6029E-02
 -2.3208E-02 -9.9573E-03  1.2093E-02
 -2.2707E-02 -9.9022E-03  1.0946E-02
 -2.1171E-02 -1.0012E-02  9.4521E-03
 -2.4457E-02 -1.0662E-02  1.9072E-02
 -2.5813E-02 -1.0807E-02  2.2146E-02
 -2.5643E-02 -1.0107E-02  1.6814E-02
 -2.8879E-02 -9.5546E-03  1.7624E-02
 -2.9153E-02 -9.1262E-03  1.4921E-02
 -2.5674E-02 -9.8487E-03  1.4981E-02
 -3.2537E-02 -8.5621E-03  1.5870E-02
 -3.2307E-02 -8.8058E-03  1.7297E-02
 -3.2918E-02 -8.2899E-03  1.4461E-02
 -3.4606E-02 -8.7270E-03  2.0152E-02
 -3.7934E-02 -8.0346E-03  2.0086E-02
 -3.9300E-02 -8.2918E-03  2.3991E-02
 -3.6699E-02 -9.0889E-03  2.5901E-02
 -3.9439E-02 -8.5283E-03  2.5915E-02
 -4.0878E-02 -7.1029E-03  1.7709E-02
 -4.0969E-02 -7.0078E-03  1.7153E-02
 -2.1495E-02  1.0898E-03  3.4197E-03
 -2.1099E-02  1.0337E-03  3.7055E-03
 -2.0704E-02  9.9783E-04  3.8637E-03
 -2.0897E-02  9.4407E-04  4.2365E-03
 -2.0626E-02  9.2249E-04  4.3259E-03
 -2.1311E-02  9.2312E-04  4.4403E-03
 -2.0833E-02  1.0761E-03  3.3917E-03
 -2.0694E-02  1.0456E-03  3.5601E-03
 -2.0763E-02  1.1476E-03  2.9283E-03
 -2.0500E-02  1.1971E-03  2.5701E-03
 -2.0468E-02  1.2735E-03  2.0821E-03
 -2.0170E-02  1.2596E-03  2.1187E-03
 -2.0453E-02  1.2266E-03  2.3756E-03
 -2.0227E-02  1.1704E-03  2.6917E-03
 -2.0896E-02  1.2581E-03  2.2533E-03
 -2.0731E-02  1.2144E-03  2.5009E-03
 -2.0466E-02  1.2078E-03  2.4965E-03
 -2.1227E-02  1.2343E-03  2.4610E-03
 -2.1503E-02  1.2521E-03  2.3961E-03
 -2.2033E-02  1.2952E-03  2.2156E-03
 -2.2286E-02  1.3549E-03  1.8825E-03
 -2.2441E-02  1.3137E-03  2.1691E-03
 -2.2738E-02  1.4025E-03  1.6595E-03
 -2.1514E-02  1.1745E-03  2.8881E-03
 -2.1481E-02  1.1718E-03  2.8991E-03
 -2.1543E-02  1.1107E-03  3.2961E-03
 -2.1536E-02  1.0343E-03  3.7770E-03
 -2.1615E-02  9.6936E-04  4.2007E-03
 -2.2064E-02  9.9689E-04  4.1045E-03
 -2.1679E-02  8.9504E-04  4.6812E-03
 -2.1042E-02  1.0061E-03  3.8698E-03
 -2.1044E-02  9.7976E-04  4.0365E-03
 -2.0618E-02  1.0104E-03  3.7693E-03
 -2.0131E-02  9.8350E-04  3.8552E-03
 -1.9673E-02  9.7883E-04  3.8056E-03
 -1.9211E-02  9.9786E-04  3.6058E-03
 -1.9515E-02  8.9345E-04  4.3174E-03
 -1.9900E-02  8.6284E-04  4.5773E-03
 -2.0067E-02  1.0329E-03  3.5325E-03
 -1.9829E-02  1.0022E-03  3.6848E-03
 -2.0292E-02  1.1086E-03  3.0932E-03
 -2.0279E-02  1.1646E-03  2.7372E-03
 -2.0493E-02  1.2471E-03  2.2533E-03
 -2.0573E-02  1.1415E-03  2.9338E-03
 -2.0416E-02  1.1489E-03  2.8605E-03
 -2.0995E-02  1.1136E-03  3.1833E-03
 -2.1296E-02  1.0884E-03  3.3940E-03
 -2.1807E-02  1.0748E-03  3.5681E-03
 -2.2178E-02  1.1411E-03  3.2137E-03
 -2.2265E-02  1.2164E-03  2.7532E-03
 -2.2658E-02  1.1080E-03  3.5054E-03
 -2.1035E-02  1.0118E-03  3.8324E-03
 -2.1094E-02  9.9885E-04  3.9245E-03
 -2.0750E-02  9.6089E-04  4.1049E-03
 -2.0478E-02  8.8408E-04  4.5430E-03
 -2.0274E-02  8.2493E-04  4.8811E-03
 -2.0697E-02  8.0294E-04  5.0930E-03
 -1.9960E-02  7.4919E-04  5.3052E-03
 -2.0038E-02  8.9823E-04  4.3776E-03
 -1.9911E-02  8.5630E-04  4.6204E-03
 -1.9802E-02  9.5721E-04  3.9644E-03
 -1.9373E-02  9.7466E-04  3.7802E-03
 -1.9092E-02  1.0289E-03  3.3894E-03
 -1.8543E-02  1.0203E-03  3.3489E-03
 -1.8262E-02  1.0527E-03  3.0957E-03
 -1.8492E-02  1.1389E-03  2.5911E-03
 -1.8266E-02  1.1699E-03  2.3561E-03
 -1.9559E-02  1.0123E-03  3.5748E-03
 -1.9330E-02  9.9312E-04  3.6563E-03
 -1.9985E-02  1.0643E-03  3.3199E-03
 -2.0225E-02  1.1030E-03  3.1170E-03
 -2.0696E-02  1.1609E-03  2.8329E-03
 -2.1041E-02  1.1965E-03  2.6674E-03
 -2.1515E-02  1.2516E-03  2.4017E-03
 -2.1935E-02  1.2391E-03  2.5531E-03
 -2.1468E-02  1.3081E-03  2.0365E-03
 -2.0374E-02  1.0377E-03  3.5552E-03
 -2.0207E-02  1.0265E-03  3.5967E-03
 -8.4208E-03  5.5082E-03  9.9342E-03
 -5.6973E-03  1.0147E-02  1.1841E-02
 -5.0836E-03  1.7681E-02  4.8377E-03
 -2.2055E-03  2.2931E-02  6.4542E-03
  2.7651E-03  2.7698E-02  1.4172E-02
  5.4996E-03  3.2162E-02  1.6308E-02
  5.4183E-03  2.8465E-02  2.0327E-02
  7.9997E-03  3.3061E-02  2.1907E-02
  2.8400E-03  2.0224E-02  2.2932E-02
 -7.4707E-03  5.0452E-03  1.2984E-02
 -5.0739E-03  4.7380E-03  1.9690E-02
 -1.1626E-02  1.0736E-03  6.5175E-03
 -1.3396E-02 -3.5614E-03  7.1321E-03
 -1.7671E-02 -5.8426E-03 -1.5888E-03
 -1.6726E-02  2.1499E-03 -8.2381E-03
 -2.1649E-02 -1.2549E-02 -4.4537E-03
 -2.5879E-02 -1.4833E-02 -1.3053E-02
 -1.4179E-02 -1.1278E-02  1.3899E-02
 -1.5960E-02 -1.6141E-02  1.4746E-02
 -1.3071E-02 -1.2605E-02  1.8356E-02
 -1.3413E-02 -1.9539E-02  2.5390E-02
 -1.4444E-02 -2.2506E-02  2.6058E-02
 -8.8738E-03 -1.6385E-02  3.3814E-02
 -8.4879E-03 -2.1375E-02  4.0553E-02
 -5.3964E-03 -8.0656E-03  3.3503E-02
 -1.0313E-03 -4.4563E-03  4.0942E-02
  2.5457E-03  5.0795E-03  3.9502E-02
  3.3869E-03  7.6570E-03  3.8779E-02
  7.0164E-03  1.7202E-02  3.7467E-02
  9.5482E-03  2.2036E-02  3.8642E-02
  7.5470E-03  2.0192E-02  3.5449E-02
 -1.7211E-03 -7.4122E-03  4.2499E-02
 -4.6877E-03 -9.0711E-03  3.6534E-02
  9.3547E-04 -8.3697E-03  5.0639E-02
  5.5686E-04 -1.1662E-02  5.3407E-02
  3.3614E-03 -1.3789E-02  6.3280E-02
  1.9732E-03 -2.0096E-02  6.6824E-02
  5.7852E-03 -1.6437E-02  7.2740E-02
  7.0584E-03 -2.0097E-02  8.0308E-02
  7.4800E-03 -9.9950E-03  6.9853E-02
  1.6547E-03 -6.2646E-03  5.0135E-02
  2.0857E-04 -9.4561E-03  4.9957E-02
  4.1834E-03  1.8887E-03  4.7499E-02
  5.3818E-03  7.7254E-03  4.3990E-02
  9.4983E-03  1.7045E-02  4.4228E-02
  8.5029E-03  2.0246E-02  3.7921E-02
  1.1153E-02  2.8061E-02  3.5995E-02
  5.1970E-03  1.5204E-02  3.4932E-02
  1.2427E-03  6.0323E-03  3.4955E-02
  1.3323E-03  9.0461E-03  3.1740E-02
 -2.4104E-03  9.3539E-04  3.1108E-02
 -6.6612E-03 -1.5269E-03  2.2659E-02
 -8.6739E-03 -1.2627E-03  1.7020E-02
 -5.1638E-03  8.8730E-03  1.4715E-02
 -1.0032E-02 -1.0499E-02  2.3999E-02
 -1.4143E-02 -1.5008E-02  1.8266E-02
 -8.3012E-03 -1.3195E-02  3.1678E-02
 -1.1215E-02 -2.1733E-02  3.3734E-02
 -8.4069E-03 -2.3749E-02  4.3488E-02
 -1.0983E-02 -3.2609E-02  4.6806E-02
 -7.9600E-03 -3.4298E-02  5.6757E-02
 -8.9984E-03 -3.9811E-02  6.0319E-02
 -7.8067E-03 -3.7415E-02  6.0734E-02
 -8.9409E-03 -4.2953E-02  6.4071E-02
 -5.4471E-03 -2.9492E-02  5.7914E-02
 -1.3597E-02 -2.2881E-02  2.8734E-02
 -1.7106E-02 -3.0021E-02  2.7607E-02
 -1.1779E-02 -1.5856E-02  2.5506E-02
 -1.3769E-02 -1.6166E-02  2.0584E-02
 -1.0071E-02 -9.9962E-03  2.3321E-02
 -7.5345E-03 -1.2253E-02  3.2631E-02
 -3.1892E-03 -6.8939E-03  3.8013E-02
 -9.4310E-03 -1.8640E-02  3.4920E-02
 -1.6559E-02 -1.4159E-02  1.0889E-02
 -1.8838E-02 -1.4966E-02  5.7711E-03
 -1.6301E-02 -1.1404E-02  8.4149E-03
 -1.8770E-02 -9.2771E-03 -5.6628E-04
 -1.5371E-02 -7.1407E-04 -1.3642E-03
 -1.1884E-02  1.8399E-03  4.9541E-03
  1.6073E-04 -9.2490E-04 -6.0618E-03
 -5.5303E-04 -5.4762E-04 -6.1605E-03
 -9.5574E-04 -1.2902E-03 -6.8356E-03
 -1.3063E-03 -1.8948E-03 -7.3961E-03
 -7.6578E-04 -2.7661E-03 -7.7010E-03
 -1.0994E-03 -3.3352E-03 -8.2303E-03
 -1.9821E-03 -3.0436E-03 -8.4658E-03
 -2.5308E-03 -2.1770E-03 -8.1679E-03
 -2.1899E-03 -1.6076E-03 -7.6349E-03
 -1.3592E-03  1.8356E-04 -6.0743E-03
 -1.4799E-03  2.4660E-04 -6.0915E-03
 -1.8817E-03  7.4727E-04 -5.9602E-03
 -2.6838E-03  1.4753E-03 -5.8741E-03
 -2.5452E-03  2.3794E-03 -5.2213E-03
 -3.3298E-03  3.2360E-03 -5.0434E-03
 -2.9838E-03  4.0036E-03 -4.3794E-03
 -3.5477E-03  3.4233E-03 -5.0268E-03
 -3.5556E-03  1.2746E-03 -6.4235E-03
 -3.6600E-03  1.3242E-03 -6.4415E-03
 -4.1365E-03  9.7843E-04 -6.8948E-03
 -5.0200E-03  7.5601E-04 -7.4639E-03
 -5.1934E-03 -4.2300E-06 -8.0401E-03
 -5.9509E-03 -5.0573E-04 -8.7295E-03
 -5.8266E-03 -1.2878E-03 -9.1767E-03
 -5.8625E-03 -8.1170E-04 -8.8853E-03
 -5.7948E-03  1.6280E-03 -7.2713E-03
 -6.0097E-03  1.9922E-03 -7.1386E-03
 -6.1925E-03  1.9736E-03 -7.2386E-03
 -6.8940E-03  2.8217E-03 -7.0261E-03
 -6.6583E-03  3.3067E-03 -6.5984E-03
 -7.4198E-03  4.1277E-03 -6.4325E-03
 -7.9324E-03  4.0910E-03 -6.7028E-03
 -7.4861E-03  4.8214E-03 -6.0147E-03
 -7.9262E-03  2.6990E-03 -7.6021E-03
 -8.2118E-03  2.3404E-03 -7.9720E-03
 -8.4715E-03  2.9692E-03 -7.6893E-03
 -9.4729E-03  2.8966E-03 -8.2180E-03
 -9.7074E-03  1.9786E-03 -8.9258E-03
 -1.0454E-02  1.8537E-03 -9.3657E-03
 -9.0537E-03  1.3188E-03 -9.0391E-03
 -9.2119E-03  4.2289E-04 -9.6960E-03
 -8.8904E-03 -1.7230E-04 -9.9271E-03
 -9.0954E-03 -1.0915E-03 -1.0622E-02
 -8.4158E-03 -1.7998E-03 -1.0754E-02
 -8.6439E-03 -2.6145E-03 -1.1392E-02
 -9.5386E-03 -2.7316E-03 -1.1898E-02
 -1.0220E-02 -2.0441E-03 -1.1780E-02
 -9.9996E-03 -1.2267E-03 -1.1144E-02
 -8.6146E-03  2.5005E-05 -9.6666E-03
 -7.7719E-03  4.4584E-05 -9.2486E-03
 -9.0217E-03 -4.0488E-04 -1.0141E-02
 -8.4574E-03 -8.5683E-04 -1.0163E-02
 -9.2294E-03 -9.0550E-04 -1.0565E-02
 -9.9324E-03 -1.1711E-03 -1.1076E-02
 -9.9895E-03 -5.6678E-04 -1.0711E-02
 -1.0859E-02  2.2535E-04 -1.0616E-02
 -1.0774E-02  9.5619E-04 -1.0101E-02
 -1.1695E-02  7.2661E-05 -1.1117E-02
 -1.2595E-02  7.4639E-04 -1.1114E-02
 -1.3109E-02  8.5886E-04 -1.1288E-02
 -1.2651E-02  1.3364E-03 -1.0758E-02
 -1.3124E-02  1.3466E-03 -1.0979E-02
 -1.2386E-02  9.8659E-04 -1.0857E-02
 -1.2291E-02  1.9971E-04 -1.1322E-02
 -1.1588E-02 -7.3859E-05 -1.1161E-02
 -1.2915E-02 -3.0052E-04 -1.1946E-02
 -1.3275E-02  5.1382E-04 -1.1591E-02
 -1.4019E-02  1.0595E-03 -1.1595E-02
 -1.3021E-02 -2.9349E-04 -1.1992E-02
 -1.3627E-02 -5.8255E-04 -1.2471E-02
 -1.4287E-02 -1.0957E-03 -1.3121E-02
 -1.4865E-02 -5.4975E-04 -1.3045E-02
 -1.3708E-02 -1.8945E-03 -1.3361E-02
 -1.3007E-02 -1.2283E-03 -1.2591E-02
 -1.2180E-02 -1.6096E-03 -1.2441E-02
 -1.3405E-02 -1.3606E-03 -1.2869E-02
 -1.2897E-02 -1.9914E-03 -1.3033E-02
 -1.3508E-02 -1.9929E-03 -1.3328E-02
 -1.3076E-02 -2.8297E-03 -1.3663E-02
 -1.3568E-02 -1.1277E-03 -1.2796E-02
 -1.4318E-02 -9.5582E-04 -1.3046E-02
 -1.2625E-02 -2.9367E-03 -1.3515E-02
 -1.1877E-02 -3.4530E-03 -1.3490E-02
 -8.6385E-03 -5.7424E-03 -1.9681E-02
 -1.1730E-02 -4.3443E-03 -2.0443E-02
 -1.2312E-02 -3.9977E-03 -2.5480E-02
 -1.2151E-02 -4.0561E-03 -2.6286E-02
 -8.3413E-03 -5.8072E-03 -2.3696E-02
 -8.5216E-03 -5.7490E-03 -2.2371E-02
 -6.3391E-03 -6.6928E-03 -2.4365E-02
 -1.1178E-02 -4.6145E-03 -1.9104E-02
 -1.1505E-02 -4.4959E-03 -1.7458E-02
 -1.5328E-02 -2.8328E-03 -1.4563E-02
 -1.9138E-02 -1.0781E-03 -1.7377E-02
 -2.3066E-02  6.3635E-04 -1.4719E-02
 -2.2702E-02  4.0111E-04 -1.0473E-02
 -2.6426E-02  2.1726E-03 -1.6520E-02
 -7.7595E-03 -6.2209E-03 -1.4708E-02
 -6.2318E-03 -6.8975E-03 -1.5166E-02
 -6.2166E-03 -6.9593E-03 -1.1939E-02
 -2.6483E-03 -8.6060E-03 -9.1147E-03
 -2.1171E-03 -8.9014E-03 -5.7469E-03
  1.2474E-03 -1.0303E-02 -1.1937E-02
  3.8327E-03 -1.1477E-02 -1.1012E-02
  1.6827E-03 -1.0440E-02 -1.5363E-02
  5.2821E-03 -1.2003E-02 -1.8257E-02
  5.2642E-03 -1.1941E-02 -2.1410E-02
  9.5403E-03 -1.3836E-02 -2.2626E-02
  1.0925E-02 -1.4391E-02 -2.6444E-02
  1.1565E-02 -1.4793E-02 -1.9691E-02
  5.4803E-03 -1.2047E-02 -2.0902E-02
  8.7966E-03 -1.3522E-02 -2.1533E-02
  1.9136E-03 -1.0424E-02 -2.2357E-02
  1.6347E-03 -1.0256E-02 -2.4900E-02
 -2.6353E-03 -8.3114E-03 -2.6750E-02
  2.8168E-03 -1.0835E-02 -2.1972E-02
  4.7683E-03 -1.1682E-02 -2.3578E-02
  1.6294E-03 -1.0377E-02 -1.7676E-02
  2.8002E-03 -1.0952E-02 -1.4682E-02
  1.1215E-03 -1.0281E-02 -9.9264E-03
 -3.2057E-03 -8.3520E-03 -9.3712E-03
 -5.0058E-03 -7.6368E-03 -4.0118E-03
 -3.2751E-03 -8.4700E-03 -6.1668E-04
  7.4206E-03 -1.3026E-02 -1.4445E-02
  9.2031E-03 -1.3826E-02 -1.4350E-02
  9.3935E-03 -1.3912E-02 -1.4312E-02
  1.3868E-02 -1.5923E-02 -1.3963E-02
  1.5494E-02 -1.6665E-02 -1.3158E-02
  2.0130E-02 -1.8759E-02 -1.2129E-02
  2.1676E-02 -1.9489E-02 -9.9567E-03
  2.2169E-02 -1.9653E-02 -1.3306E-02
  2.4909E-02 -2.0914E-02 -1.1356E-02
  1.5869E-02 -1.6747E-02 -1.8181E-02
  1.8826E-02 -1.8077E-02 -1.7863E-02
  1.4175E-02 -1.5922E-02 -2.2083E-02
  1.5681E-02 -1.6521E-02 -2.6514E-02
  1.3496E-02 -1.5478E-02 -3.0266E-02
  1.4102E-02 -1.5753E-02 -3.0076E-02
  1.8244E-02 -1.7576E-02 -3.1975E-02
  2.0888E-02 -1.8806E-02 -2.9320E-02
  1.8827E-02 -1.7766E-02 -3.6154E-02
  1.5228E-02 -1.6306E-02 -2.7257E-02
  1.7673E-02 -1.7359E-02 -2.9715E-02
  1.2042E-02 -1.4913E-02 -2.5243E-02
  1.1404E-02 -1.4621E-02 -2.5587E-02
  6.8700E-03 -1.2601E-02 -2.4912E-02
  1.4085E-02 -1.5879E-02 -2.2209E-02
  1.3864E-02 -1.5784E-02 -2.2014E-02
  1.6524E-02 -1.7018E-02 -1.9509E-02
  1.9263E-02 -1.8302E-02 -1.6193E-02
  1.7317E-02 -1.7508E-02 -1.1611E-02
  1.9161E-02 -1.8382E-02 -8.8108E-03
  1.3185E-02 -1.8814E-03 -9.0349E-03
  1.3421E-02 -2.0271E-03 -9.5310E-03
  1.2809E-02 -3.9573E-03 -9.3832E-03
  1.3051E-02 -4.1338E-03 -9.9062E-03
  1.3032E-02 -5.3643E-03 -1.0480E-02
  1.2363E-02 -7.3126E-03 -1.0239E-02
  1.3198E-02 -6.4175E-04 -8.4455E-03
  1.2372E-02 -1.0202E-03 -7.1459E-03
  1.3916E-02  9.7929E-04 -8.9367E-03
  1.3743E-02  2.3427E-03 -7.9503E-03
  1.4392E-02  4.2637E-03 -8.1686E-03
  1.5476E-02  4.6586E-03 -9.9240E-03
  1.5998E-02  6.0203E-03 -1.0191E-02
  1.5841E-02  3.7171E-03 -1.1047E-02
  1.3980E-02  2.1000E-03 -8.4968E-03
  1.4442E-02  1.1443E-03 -9.8010E-03
  1.3637E-02  2.9172E-03 -7.4771E-03
  1.3824E-02  2.8094E-03 -7.8666E-03
  1.2930E-02  1.4177E-03 -6.9458E-03
  1.2030E-02  1.8827E-03 -5.0960E-03
  1.2691E-02 -4.9759E-04 -7.4606E-03
  1.4081E-02  4.6595E-03 -7.4133E-03
  1.3621E-02  5.5892E-03 -6.1268E-03
  1.4818E-02  5.2089E-03 -8.4689E-03
  1.5093E-02  6.9784E-03 -8.0887E-03
  1.6113E-02  7.5483E-03 -9.6431E-03
  1.6872E-02  7.5717E-03 -1.0997E-02
  1.7174E-02  6.3057E-03 -1.2167E-02
  1.7143E-02  8.8385E-03 -1.0859E-02
  1.4373E-02  7.0030E-03 -6.7808E-03
  1.4223E-02  8.3996E-03 -5.8212E-03
  1.3989E-02  5.5232E-03 -6.8216E-03
  1.3319E-02  5.4457E-03 -5.6549E-03
  1.3841E-02  5.7272E-03 -6.4543E-03
  1.4644E-02  7.5373E-03 -7.0054E-03
  1.4469E-02  9.0038E-03 -5.9662E-03
  1.5246E-02  1.0723E-02 -6.5148E-03
  1.6200E-02  1.0941E-02 -8.1229E-03
  1.6991E-02  1.2590E-02 -8.7318E-03
  1.6377E-02  9.4960E-03 -9.1554E-03
  1.5602E-02  7.8077E-03 -8.5951E-03
  1.2439E-02  3.7081E-03 -4.9295E-03
  1.2492E-02  2.2326E-03 -5.7545E-03
  1.1646E-02  3.9275E-03 -3.3945E-03
  1.0715E-02  2.4276E-03 -2.4601E-03
  9.9146E-03  2.4502E-03 -1.0090E-03
  1.0224E-02  2.3217E-03 -1.6289E-03
  8.9584E-03  9.0170E-04 -5.3642E-05
  1.0477E-02  2.8783E-03 -1.8086E-03
  1.0316E-02  4.2789E-03 -8.2744E-04
  1.0536E-02  1.7578E-03 -2.4693E-03
  1.0354E-02  2.0359E-03 -2.0042E-03
  1.1188E-02  1.9314E-03 -3.5573E-03
  1.2253E-02  3.0499E-03 -4.9208E-03
  1.2480E-02  5.0798E-03 -4.3259E-03
  1.2954E-02  2.5877E-03 -6.4109E-03
  9.3857E-03  5.6930E-04 -9.8680E-04
  9.1846E-03 -1.0175E-03 -1.4091E-03
  8.7663E-03  1.1133E-03  3.9663E-04
  7.8290E-03 -1.9292E-04  1.4376E-03
  6.9761E-03  3.6469E-04  3.2478E-03
  5.9690E-03 -1.1283E-03  4.3223E-03
  5.1233E-03 -4.9256E-04  6.1582E-03
  4.3043E-03 -1.5929E-03  7.0880E-03
  5.2736E-03  1.0827E-03  6.6662E-03
  7.9198E-03 -1.8851E-04  1.2765E-03
  8.0535E-03  1.1931E-03  1.7185E-03
  7.8732E-03 -1.7300E-03  5.9849E-04
  7.9556E-03 -1.9085E-03  3.6203E-04
  8.3372E-03 -3.3955E-03 -1.0594E-03
  8.7977E-03 -3.2914E-03 -1.8366E-03
  8.2603E-03 -4.4145E-03 -1.4245E-03
  8.7153E-03 -4.4810E-03 -2.2762E-03
  9.7138E-03 -3.4059E-03 -3.5415E-03
  1.0254E-02 -2.2631E-03 -3.9485E-03
  9.7902E-03 -2.2163E-03 -3.0912E-03
  6.9226E-03 -2.4027E-03  1.9766E-03
  6.2901E-03 -3.9441E-03  2.3531E-03
  6.7627E-03 -1.0940E-03  2.9110E-03
  5.7842E-03 -1.3594E-03  4.5406E-03
  5.6352E-03  4.1115E-04  5.6837E-03
  4.6016E-03  2.2974E-04  7.4539E-03
  4.4804E-03  1.3733E-03  8.2370E-03
  3.9151E-03 -1.0472E-03  8.0581E-03
  5.5216E-03 -1.9543E-03  4.7191E-03
  6.0116E-03 -1.0020E-03  4.3081E-03
  2.3029E-03 -4.4298E-03 -1.0986E-02
  2.8718E-03 -3.7964E-03 -1.1478E-02
  4.2222E-03 -4.1339E-03 -1.1417E-02
  5.0077E-03 -4.0454E-03 -1.1572E-02
  4.6847E-03 -3.4659E-03 -1.1920E-02
  2.1358E-03 -3.9283E-03 -1.1301E-02
  2.0761E-03 -4.7936E-03 -1.0715E-02
  1.5406E-03 -3.0775E-03 -1.1797E-02
  1.6132E-03 -2.0436E-03 -1.2496E-02
  5.4624E-04 -1.4287E-03 -1.2777E-02
  5.9156E-04 -1.8503E-03 -1.2501E-02
  7.7555E-04 -3.0136E-03 -1.1746E-02
  1.3729E-03 -3.5583E-03 -1.1455E-02
  2.4251E-03 -3.3845E-03 -1.1699E-02
  6.6399E-04 -4.1853E-03 -1.0950E-02
  1.1124E-03 -4.7776E-03 -1.0608E-02
  4.7694E-05 -5.2473E-03 -1.0165E-02
 -4.2129E-04 -6.1794E-03 -9.4848E-03
 -1.2839E-03 -6.6131E-03 -9.0898E-03
  7.7322E-05 -6.4848E-03 -9.3414E-03
  1.8365E-03 -4.1749E-03 -1.1099E-02
  2.8156E-03 -4.5511E-03 -1.0967E-02
  1.3404E-03 -3.2506E-03 -1.1657E-02
  1.9614E-03 -2.6129E-03 -1.2158E-02
  1.1961E-03 -1.6008E-03 -1.2742E-02
  1.2904E-04 -1.7144E-03 -1.2536E-02
  5.1495E-04 -2.3273E-03 -1.2173E-02
 -5.1028E-05 -3.1196E-03 -1.1575E-02
  1.3758E-03 -2.0246E-03 -1.2480E-02
  3.2259E-03 -2.3705E-03 -1.2474E-02
  4.0868E-03 -2.3765E-03 -1.2575E-02
  3.3412E-03 -2.1688E-03 -1.2623E-02
  4.5233E-03 -1.9234E-03 -1.2931E-02
  4.3859E-03 -1.4642E-03 -1.3221E-02
  3.9804E-03 -3.0327E-04 -1.3948E-02
  4.2177E-03  1.2980E-04 -1.4266E-02
  2.6315E-03 -8.9038E-05 -1.3927E-02
  5.4205E-03 -2.8640E-03 -1.2412E-02
  6.4927E-03 -2.7806E-03 -1.2598E-02
  4.9642E-03 -3.7704E-03 -1.1751E-02
  5.7420E-03 -4.7413E-03 -1.1197E-02
  5.0561E-03 -5.6923E-03 -1.0478E-02
  5.7975E-03 -6.6954E-03 -9.8976E-03
  4.8502E-03 -5.6514E-03 -1.0480E-02
  4.0251E-03 -6.4762E-03 -9.8281E-03
  6.1275E-03 -4.9448E-03 -1.1108E-02
  7.1992E-03 -5.2553E-03 -1.1031E-02
  5.2409E-03 -4.8104E-03 -1.1089E-02
  5.4711E-03 -4.9681E-03 -1.1012E-02
  4.3251E-03 -4.6494E-03 -1.1085E-02
  3.2368E-03 -5.2433E-03 -1.0556E-02
  4.6276E-03 -4.8401E-03 -1.0995E-02
  6.5069E-03 -4.3017E-03 -1.1584E-02
  7.3724E-03 -4.6809E-03 -1.1436E-02
  6.4264E-03 -3.3210E-03 -1.2229E-02
  7.3444E-03 -2.5768E-03 -1.2838E-02
  6.9105E-03 -1.4901E-03 -1.3512E-02
  5.7146E-03 -1.0586E-03 -1.3654E-02
  5.1290E-03 -2.9357E-04 -1.4094E-02
  5.3496E-03 -1.4773E-03 -1.3330E-02
  8.5972E-03 -2.8798E-03 -1.2788E-02
  9.5671E-03 -2.7204E-03 -1.3013E-02
  8.5765E-03 -3.2931E-03 -1.2510E-02
  9.7080E-03 -3.6200E-03 -1.2429E-02
  9.4468E-03 -3.8750E-03 -1.2227E-02
  9.0034E-03 -2.9329E-03 -1.2802E-02
  8.5839E-03 -3.2085E-03 -1.2567E-02
  8.1610E-03 -2.2794E-03 -1.3137E-02
  7.8787E-03 -2.2715E-03 -1.3107E-02
  7.5060E-03 -1.3919E-03 -1.3650E-02
  7.9576E-03 -3.1463E-03 -1.2532E-02
  1.0366E-02 -4.5472E-03 -1.1890E-02
  1.1469E-02 -4.7305E-03 -1.1902E-02
  9.7202E-03 -5.0939E-03 -1.1446E-02
  1.0303E-02 -6.0152E-03 -1.0901E-02
  9.6263E-03 -6.9876E-03 -1.0169E-02
  1.0090E-02 -7.9285E-03 -9.5965E-03
  9.8182E-03 -7.2065E-03 -1.0046E-02
  8.8334E-03 -7.8347E-03 -9.5061E-03
  1.0499E-02 -6.0093E-03 -1.0929E-02
  1.1531E-02 -6.2308E-03 -1.0907E-02
  1.0526E-02 -8.4592E-03 -1.8691E-02
  9.5040E-03 -7.0302E-03 -1.9317E-02
  1.0098E-02 -7.2655E-03 -2.0676E-02
  1.0465E-02 -8.1041E-03 -1.9508E-02
  1.1290E-02 -8.1247E-03 -2.2281E-02
  8.3659E-03 -6.2737E-03 -1.7599E-02
  7.1856E-03 -4.8283E-03 -1.7728E-02
  8.7130E-03 -7.2580E-03 -1.5943E-02
  7.7159E-03 -6.6667E-03 -1.4232E-02
  6.8885E-03 -6.1339E-03 -1.2933E-02
  6.6144E-03 -6.4336E-03 -1.1126E-02
  6.4995E-03 -5.3759E-03 -1.3790E-02
  5.6991E-03 -4.8472E-03 -1.2573E-02
  6.5090E-03 -5.8484E-03 -1.2457E-02
  6.7390E-03 -5.5275E-03 -1.4174E-02
  7.4191E-03 -6.5024E-03 -1.3688E-02
  7.8119E-03 -6.3789E-03 -1.5394E-02
  9.0509E-03 -7.6012E-03 -1.6111E-02
  9.3224E-03 -7.3775E-03 -1.7689E-02
  1.0017E-02 -9.0496E-03 -1.5239E-02
  4.3990E-03 -3.1129E-03 -1.3126E-02
  4.3614E-03 -2.4672E-03 -1.4865E-02
  3.3290E-03 -2.3743E-03 -1.1591E-02
  1.9468E-03 -6.9662E-04 -1.1699E-02
  1.0034E-03 -4.5620E-06 -1.0463E-02
  1.5012E-03 -5.1523E-04 -1.0694E-02
  1.4542E-03  2.2099E-04 -1.2662E-02
  1.7878E-03 -1.6569E-04 -1.2688E-02
  2.9630E-03 -1.2313E-03 -1.3640E-02
  3.1737E-03 -1.5093E-03 -1.3559E-02
  3.9203E-03 -1.9998E-03 -1.4703E-02
  1.5550E-03 -5.2983E-04 -1.0837E-02
  1.8748E-03 -1.4281E-03 -9.3367E-03
  8.0683E-04  6.6342E-04 -1.1720E-02
  4.0654E-04  9.1951E-04 -1.1087E-02
  1.1809E-03  5.3971E-04 -1.2646E-02
  7.0772E-04  1.7577E-03 -1.4544E-02
  2.6899E-03 -1.0903E-03 -1.3110E-02
 -1.0964E-03  2.5958E-03 -1.0777E-02
 -1.7498E-03  3.7150E-03 -1.1771E-02
 -1.6648E-03  2.7746E-03 -9.3434E-03
 -3.0706E-03  4.3487E-03 -9.0711E-03
 -3.7753E-03  4.4501E-03 -6.9463E-03
 -5.2142E-03  6.0721E-03 -6.6989E-03
 -5.9486E-03  6.6014E-03 -5.7094E-03
 -7.1892E-03  8.2112E-03 -6.1072E-03
 -7.2199E-03  8.6561E-03 -7.2884E-03
 -6.0421E-03  7.3875E-03 -7.6616E-03
 -3.0724E-03  4.7988E-03 -1.0366E-02
 -2.8275E-03  4.3143E-03 -9.8057E-03
 -3.3549E-03  5.7286E-03 -1.2086E-02
 -3.3637E-03  6.2294E-03 -1.3504E-02
 -3.9720E-03  7.5234E-03 -1.5158E-02
 -3.9644E-03  6.6574E-03 -1.2680E-02
 -3.2242E-03  5.8372E-03 -1.2848E-02
 -5.2962E-03  7.9249E-03 -1.1775E-02
 -6.3597E-03  9.1970E-03 -1.1804E-02
 -7.4481E-03  1.0630E-02 -1.2213E-02
 -7.4126E-03  1.0116E-02 -1.0849E-02
 -5.9060E-03  8.3716E-03 -1.0974E-02
 -5.6905E-03  7.4171E-03 -8.9536E-03
 -6.6585E-03  8.0724E-03 -7.5268E-03
 -4.4265E-03  5.8827E-03 -8.8540E-03
 -4.0649E-03  4.8280E-03 -7.0454E-03
 -4.5812E-03  4.8680E-03 -5.3893E-03
 -3.8977E-03  4.1928E-03 -5.7821E-03
 -2.5404E-03  3.1712E-03 -7.4855E-03
 -1.9677E-03  2.1893E-03 -6.6115E-03
 -1.9010E-03  2.8693E-03 -8.8064E-03
 -4.5267E-04  1.3559E-03 -9.4001E-03
  1.5610E-04  1.9439E-04 -8.1306E-03
  1.3798E-03 -1.1066E-03 -8.5678E-03
 -5.5048E-04  4.4727E-04 -2.7986E-03
 -3.0701E-04 -9.0250E-04 -2.1442E-03
 -9.5990E-04  5.3050E-04 -5.8942E-04
 -1.2849E-03 -2.9846E-05  2.1125E-03
 -2.0274E-03  1.9207E-03  3.3952E-03
 -2.5705E-03  4.2208E-03  3.0111E-03
 -3.2487E-03  6.2144E-03  3.8618E-03
 -3.7054E-03  8.2269E-03  3.4205E-03
 -3.4712E-03  6.2072E-03  5.1420E-03
  2.9427E-04 -1.6824E-03 -4.3932E-03
  2.4047E-04 -3.0674E-04 -6.1686E-03
  8.5813E-04 -3.8727E-03 -4.2939E-03
  1.4831E-03 -4.8620E-03 -6.3612E-03
  2.2007E-03 -6.8164E-03 -7.4955E-03
  2.7910E-03 -7.4245E-03 -9.9423E-03
  2.4889E-03 -9.0080E-03 -5.8221E-03
  1.6394E-03 -5.8173E-03 -5.8068E-03
  1.6446E-03 -7.0547E-03 -3.9631E-03
  1.7774E-03 -5.2483E-03 -7.4547E-03
  1.9271E-03 -5.9676E-03 -7.2198E-03
  1.3242E-03 -3.7777E-03 -7.0960E-03
  5.6026E-04 -2.2116E-03 -5.1092E-03
  1.5940E-04 -4.3619E-04 -5.5102E-03
 -5.2333E-04  9.0188E-04 -3.6415E-03
 -8.1071E-04  4.6432E-04 -1.3402E-03
 -1.4830E-03  1.7690E-03  5.1942E-04
 -4.2350E-04 -1.2880E-03 -8.9623E-04
  2.5660E-04 -2.6068E-03 -2.7792E-03
  2.6542E-03 -7.2512E-03 -9.4242E-03
  2.9559E-03 -7.2295E-03 -1.1178E-02
  2.9455E-03 -8.4498E-03 -9.2714E-03
  3.6212E-03 -9.6607E-03 -1.1292E-02
  4.3135E-03 -1.2300E-02 -1.1246E-02
  5.0148E-03 -1.3449E-02 -1.3507E-02
  5.4843E-03 -1.3874E-02 -1.5541E-02
  6.0164E-03 -1.4836E-02 -1.7120E-02
  5.8785E-03 -1.4998E-02 -1.6090E-02
  5.2781E-03 -1.4174E-02 -1.3911E-02
  3.5235E-03 -9.3019E-03 -1.1279E-02
  3.5372E-03 -1.0360E-02 -9.7559E-03
  3.4467E-03 -7.8609E-03 -1.3022E-02
  3.3374E-03 -7.2784E-03 -1.3280E-02
  3.5934E-03 -6.5147E-03 -1.5896E-02
  4.3978E-03 -8.4144E-03 -1.7609E-02
  3.0988E-03 -4.1862E-03 -1.6600E-02
  3.7020E-03 -9.2426E-03 -1.2386E-02
  3.4119E-03 -8.7536E-03 -1.1472E-02
  4.3423E-03 -1.1457E-02 -1.2687E-02
  4.7096E-03 -1.3427E-02 -1.1800E-02
  5.5478E-03 -1.5383E-02 -1.3619E-02
  5.7884E-03 -1.4806E-02 -1.5866E-02
  5.8709E-03 -1.3757E-02 -1.7924E-02
  6.0962E-03 -1.3092E-02 -2.0215E-02
  6.1511E-03 -1.2004E-02 -2.2176E-02
  4.5689E-03 -1.4472E-02 -9.4161E-03
  4.2147E-03 -1.4353E-02 -7.5747E-03
  4.8076E-03 -1.5347E-02 -9.4527E-03
  4.7559E-03 -1.6540E-02 -7.3517E-03
  5.2280E-03 -1.7809E-02 -8.1234E-03
  5.9782E-03 -1.9128E-02 -1.0406E-02
  6.2797E-03 -1.9133E-02 -1.2118E-02
  6.9409E-03 -2.0168E-02 -1.4323E-02
  7.3062E-03 -2.1218E-02 -1.4818E-02
  7.0118E-03 -2.1239E-02 -1.3107E-02
  6.3549E-03 -2.0207E-02 -1.0922E-02
  4.0012E-03 -1.5200E-02 -5.0757E-03
  3.9143E-03 -1.6179E-02 -3.0981E-03
  3.4692E-03 -1.3036E-02 -5.3166E-03
  2.7204E-03 -1.1604E-02 -3.2133E-03
  2.6327E-03 -1.2047E-02 -2.0425E-03
  2.5505E-03 -1.0825E-02 -3.4228E-03
  1.9607E-03 -9.4388E-03 -2.1578E-03
  3.0119E-03 -1.1136E-02 -5.5836E-03
  2.1520E-03 -9.0038E-03 -3.9070E-03
  1.7925E-03 -7.5696E-03 -4.0273E-03
  2.0727E-03 -8.3735E-03 -4.4090E-03
  2.4290E-03 -9.8735E-03 -4.1703E-03
  1.8988E-03 -8.0746E-03 -3.8692E-03
  1.6708E-03 -6.0765E-03 -5.5932E-03
  1.5433E-03 -5.9196E-03 -5.1036E-03
  7.4756E-04 -4.2360E-03 -3.1134E-03
  5.7232E-04 -4.9733E-03 -9.9787E-04
  2.6759E-04 -1.9892E-03 -3.7766E-03
  3.7962E-04 -8.5305E-04 -6.1353E-03
 -4.0328E-04  1.7272E-03 -5.5755E-03
 -8.2634E-04  1.7205E-03 -3.1524E-03
 -4.9543E-04 -3.9438E-04 -1.8386E-03
 -8.4788E-04  2.2802E-04 -7.7047E-04
 -5.7243E-04 -3.4724E-05 -1.9438E-03
 -2.4381E-03  3.2986E-03  6.7049E-03
 -2.9660E-03  4.9328E-03  8.8392E-03
 -3.2461E-03  6.1993E-03  1.2054E-02
 -1.9975E-03  3.7586E-03  1.4432E-02
 -2.4105E-03  5.2604E-03  1.7266E-02
 -1.2552E-03  2.9251E-03  1.9066E-02
 -1.7592E-03  4.4563E-03  2.0952E-02
 -4.2605E-03  7.5569E-03  6.8612E-03
 -4.4294E-03  7.8890E-03  6.5491E-03
 -5.1882E-03  9.4702E-03  5.6149E-03
 -6.4424E-03  1.1985E-02  3.5534E-03
 -7.6437E-03  1.4873E-02  4.0805E-03
 -7.6677E-03  1.5641E-02  7.7913E-03
 -8.9567E-03  1.7577E-02  2.2938E-03
 -6.1103E-03  1.0551E-02  9.7713E-05
 -6.0866E-03  1.0284E-02 -1.0069E-03
 -5.7298E-03  9.3701E-03 -1.4576E-03
 -5.3585E-03  7.8771E-03 -4.7501E-03
 -5.0551E-03  6.9266E-03 -6.0351E-03
 -4.5842E-03  5.1802E-03 -9.4436E-03
 -3.1044E-03  1.7658E-03 -9.3450E-03
 -2.8494E-03  8.0905E-04 -1.1249E-02
 -2.2048E-03  3.5216E-05 -7.4860E-03
 -6.4259E-03  9.8771E-03 -7.2341E-03
 -7.6322E-03  1.2615E-02 -7.5518E-03
 -5.9593E-03  8.4789E-03 -8.8795E-03
 -6.8392E-03  1.0059E-02 -1.1285E-02
 -7.4180E-03  1.1721E-02 -9.6211E-03
 -8.0936E-03  1.2965E-02 -1.1310E-02
 -7.0891E-03  1.1594E-02 -6.3048E-03
 -7.5907E-03  1.3136E-02 -4.3345E-03
 -8.4689E-03  1.5614E-02 -2.0396E-03
 -9.6461E-03  1.8013E-02 -3.7698E-03
 -1.0861E-02  2.0636E-02 -4.7924E-03
 -1.2119E-02  2.3374E-02 -5.7333E-03
 -1.3381E-02  2.6223E-02 -6.1499E-03
 -6.4362E-03  1.0878E-02 -2.1412E-03
 -5.4752E-03  8.9487E-03 -5.7580E-04
 -6.5510E-03  1.1182E-02 -1.9437E-03
 -5.5258E-03  9.2045E-03  1.4637E-04
 -5.6960E-03  9.4249E-03 -7.6390E-04
 -4.8358E-03  7.9113E-03  1.7506E-03
 -5.4147E-03  9.4862E-03  2.9583E-03
 -3.6003E-03  5.1987E-03  2.5528E-03
 -5.6167E-03  1.0120E-02  3.8221E-03
 -6.6729E-03  1.2777E-02  4.8941E-03
 -4.4805E-03  7.8540E-03  5.7489E-03
 -4.3721E-03  8.2836E-03  9.2993E-03
 -2.9603E-03  5.2651E-03  1.0641E-02
 -2.6435E-03  4.1990E-03  8.9148E-03
 -1.4274E-03  1.4224E-03  9.1497E-03
 -3.6125E-03  6.1455E-03  7.3419E-03
 -4.7306E-03  9.5573E-03  1.1603E-02
 -5.1508E-03  1.1026E-02  1.4179E-02
 -4.5425E-03  8.9532E-03  1.0729E-02
 -4.8367E-03  1.0032E-02  1.2793E-02
 -3.7781E-03  7.5751E-03  1.2792E-02
 -2.5798E-03  5.3223E-03  1.5541E-02
 -4.3707E-03  9.0431E-03  1.3276E-02
 -6.2757E-03  1.3224E-02  1.2031E-02
 -6.7961E-03  1.4865E-02  1.4289E-02
 -6.9367E-03  1.4160E-02  8.9170E-03
 -8.3078E-03  1.7162E-02  7.9800E-03
 -8.3690E-03  1.6774E-02  5.2166E-03
 -7.3879E-03  1.4709E-02  6.3203E-03
 -8.0202E-03  1.5408E-02  2.3159E-03
 -9.3680E-03  1.9391E-02  6.7785E-03
 -1.0583E-02  2.2181E-02  6.6308E-03
 -8.9124E-03  1.8188E-02  6.0170E-03
 -9.8643E-03  2.0154E-02  4.7516E-03
 -1.0551E-02  2.1095E-02  1.3554E-03
 -1.1764E-02  2.3718E-02  3.4772E-04
 -9.2714E-03  1.0289E-02  9.6918E-04
 -9.8089E-03  1.0430E-02 -1.4425E-03
 -9.4053E-03  9.9535E-03 -2.6252E-03
 -1.0397E-02  1.0479E-02 -4.9430E-03
 -1.0079E-02  1.0098E-02 -5.9172E-03
 -1.0212E-02  9.9462E-03 -8.0237E-03
 -9.6858E-03  9.9409E-03 -4.5839E-03
 -8.7923E-03  9.4773E-03 -2.4166E-03
 -7.2381E-03  8.2863E-03 -1.7552E-03
 -9.6644E-03  9.9989E-03 -3.9737E-03
 -8.8197E-03  9.1830E-03 -4.9771E-03
 -1.0149E-02  1.0079E-02 -6.5336E-03
 -1.1524E-02  1.1361E-02 -5.2722E-03
 -1.1147E-02  1.1085E-02 -5.0139E-03
 -1.2392E-02  1.2045E-02 -5.4963E-03
 -9.6286E-03  9.9268E-03 -4.3196E-03
 -7.1878E-03  7.6944E-03 -6.2069E-03
 -7.0423E-03  7.4517E-03 -7.2058E-03
 -5.9406E-03  6.6925E-03 -6.0492E-03
 -4.2952E-03  5.2144E-03 -7.1050E-03
 -2.7908E-03  4.1712E-03 -5.5789E-03
 -2.5302E-03  4.2576E-03 -3.1552E-03
 -2.0971E-03  3.9002E-03 -3.1767E-03
 -1.0662E-03  3.2158E-03 -1.8845E-03
 -4.4418E-03  5.0523E-03 -9.3863E-03
 -5.6373E-03  5.9716E-03 -9.8689E-03
 -3.1682E-03  3.8422E-03 -1.0736E-02
 -3.1234E-03  3.5261E-03 -1.2995E-02
 -3.7288E-03  3.8013E-03 -1.4778E-02
 -5.7295E-03  5.4137E-03 -1.4989E-02
 -2.9741E-03  3.2652E-03 -1.4116E-02
 -1.2759E-03  1.9518E-03 -1.3491E-02
 -3.6604E-05  1.1166E-03 -1.2037E-02
 -1.1103E-03  1.5642E-03 -1.5527E-02
  5.9614E-04  8.5912E-05 -1.6180E-02
  5.9814E-04  4.7183E-06 -1.6823E-02
  1.3013E-03 -3.2162E-04 -1.4807E-02
 -1.1643E-03  1.3565E-03 -1.7564E-02
  9.1226E-04 -4.2592E-04 -1.8225E-02
 -3.3357E-04  4.2361E-04 -1.9605E-02
  2.5252E-03 -1.7597E-03 -1.8329E-02
  2.9513E-03 -2.3471E-03 -2.0257E-02
  4.7215E-03 -3.7306E-03 -1.9721E-02
  4.8020E-03 -3.9035E-03 -2.0586E-02
  6.7088E-03 -5.4514E-03 -2.0475E-02
  7.6208E-03 -5.9168E-03 -1.8200E-02
  7.4734E-03 -5.6002E-03 -1.6616E-02
  8.3727E-03 -6.0889E-03 -1.4613E-02
  6.4213E-03 -4.7855E-03 -1.6996E-02
  3.0450E-03 -2.6752E-03 -2.2288E-02
  3.3428E-03 -2.8816E-03 -2.1985E-02
  2.7548E-03 -2.6928E-03 -2.4352E-02
  2.8309E-03 -3.0081E-03 -2.6396E-02
  2.2976E-03 -2.8364E-03 -2.8539E-02
  2.6588E-03 -3.4104E-03 -3.0788E-02
  1.6560E-03 -2.6343E-03 -3.1153E-02
 -3.0166E-04 -1.1235E-03 -3.1900E-02
 -6.1837E-04 -1.1592E-03 -3.4285E-02
  4.6987E-03 -4.5522E-03 -2.6513E-02
  4.9569E-03 -4.8340E-03 -2.7083E-02
  5.9802E-03 -5.5275E-03 -2.5913E-02
  7.8446E-03 -7.0533E-03 -2.5905E-02
  8.9673E-03 -7.8792E-03 -2.5150E-02
  8.5379E-03 -7.7057E-03 -2.6589E-02
  8.7872E-03 -7.7971E-03 -2.5678E-02
  7.9629E-03 -7.4852E-03 -2.8613E-02
  8.3255E-03 -7.2507E-03 -2.4318E-02
  9.3470E-03 -8.1540E-03 -2.4857E-02
  7.5651E-03 -6.3870E-03 -2.2369E-02
  7.9087E-03 -6.4561E-03 -2.0653E-02
  7.0320E-03 -5.4749E-03 -1.8525E-02
  7.5486E-03 -5.7937E-03 -1.7683E-02
  6.7297E-03 -4.9275E-03 -1.6102E-02
  8.7521E-03 -6.8930E-03 -1.8602E-02
  7.3109E-03 -6.0620E-03 -2.1425E-02
  7.8662E-03 -6.3884E-03 -2.0387E-02
  6.2050E-03 -5.3845E-03 -2.3270E-02
  5.5328E-03 -4.9508E-03 -2.4214E-02
  4.4045E-03 -4.2996E-03 -2.6420E-02
  2.4373E-03 -2.6571E-03 -2.6165E-02
  1.4965E-03 -2.0277E-03 -2.7305E-02
 -2.3174E-04 -6.7083E-04 -2.7778E-02
  2.3153E-03 -2.7553E-03 -2.7766E-02
  7.0056E-03 -6.2104E-03 -2.4645E-02
  8.1826E-03 -7.3216E-03 -2.5836E-02
  1.2819E-02 -4.4343E-03 -1.7058E-02
  9.7007E-03 -3.5362E-03 -1.7712E-02
  9.6964E-03 -2.2679E-03 -2.0149E-02
  6.8660E-03 -9.0796E-04 -2.1790E-02
  7.1580E-03  4.6465E-04 -2.4530E-02
  5.3696E-03  9.4323E-04 -2.4835E-02
  9.1455E-03  1.0747E-03 -2.6387E-02
  7.5482E-03 -4.4015E-03 -1.5308E-02
  4.9363E-03 -4.1309E-03 -1.4929E-02
  8.6437E-03 -5.4439E-03 -1.3680E-02
  6.8232E-03 -6.3744E-03 -1.1265E-02
  8.6422E-03 -7.3979E-03 -9.9228E-03
  7.2063E-03 -8.5984E-03 -7.1204E-03
  9.5346E-03 -1.0148E-02 -4.9418E-03
  1.0822E-02 -1.0534E-02 -4.6429E-03
  1.0071E-02 -1.0969E-02 -3.5486E-03
  5.9334E-03 -7.3326E-03 -9.1163E-03
  3.3560E-03 -7.5070E-03 -7.8941E-03
  8.1241E-03 -7.9747E-03 -8.6355E-03
  7.6269E-03 -8.8939E-03 -6.6970E-03
  1.0695E-02 -9.6679E-03 -6.2644E-03
  1.0310E-02 -1.0711E-02 -4.1269E-03
  1.2745E-02 -1.0511E-02 -5.3487E-03
  5.3926E-03 -7.9206E-03 -7.7995E-03
  3.1681E-03 -8.3002E-03 -6.3044E-03
  5.8669E-03 -6.6275E-03 -1.0449E-02
  3.8993E-03 -5.6118E-03 -1.1725E-02
  5.0605E-03 -4.2402E-03 -1.4762E-02
  8.2543E-03 -4.7621E-03 -1.4857E-02
  2.9569E-03 -3.1895E-03 -1.6058E-02
  5.8384E-04 -5.0811E-03 -1.1605E-02
 -1.4798E-03 -5.2800E-03 -1.0512E-02
  6.6759E-05 -4.4411E-03 -1.2657E-02
 -3.0353E-03 -3.9042E-03 -1.2622E-02
 -3.0281E-03 -3.1300E-03 -1.4114E-02
 -2.4536E-03 -1.6366E-03 -1.7183E-02
 -4.2627E-03 -5.3625E-04 -1.8676E-02
 -4.6374E-03  1.0125E-03 -2.1525E-02
 -2.8989E-03  1.8263E-03 -2.3688E-02
 -3.3939E-03  3.2267E-03 -2.6210E-02
 -6.5404E-04  1.2333E-03 -2.3320E-02
 -4.6839E-03 -5.1120E-03 -9.7328E-03
 -7.4818E-03 -4.7911E-03 -9.3871E-03
 -2.9499E-03 -6.5016E-03 -7.6576E-03
 -4.2441E-03 -7.7507E-03 -4.8104E-03
 -1.8882E-03 -9.1003E-03 -3.0262E-03
 -2.7519E-03 -9.6400E-03 -1.6912E-03
  1.4272E-04 -1.0651E-02 -7.4265E-04
  2.1764E-03 -1.1743E-02  6.5756E-04
  5.4634E-03 -1.2323E-02  6.3991E-04
 -5.2092E-03 -8.1231E-03 -3.7624E-03
 -7.6889E-03 -8.3728E-03 -2.4290E-03
 -3.2681E-03 -8.1648E-03 -4.3502E-03
 -4.0573E-03 -8.4692E-03 -3.4933E-03
 -1.5367E-03 -8.3751E-03 -4.5414E-03
  1.1338E-03 -9.7725E-03 -2.7735E-03
  2.5786E-03 -9.9373E-03 -2.9536E-03
  4.0368E-03 -8.7680E-03 -5.7038E-03
  7.0125E-03 -8.9249E-03 -6.4260E-03
  8.1334E-03 -7.7996E-03 -8.9753E-03
  8.8760E-03 -1.0213E-02 -4.5898E-03
 -7.0511E-03 -7.3442E-03 -4.6264E-03
 -8.9932E-03 -7.7495E-03 -3.1789E-03
 -7.4196E-03 -5.9227E-03 -7.2328E-03
 -1.0137E-02 -4.7712E-03 -8.5119E-03
 -9.6964E-03 -3.2296E-03 -1.1628E-02
 -7.4666E-03 -2.7823E-03 -1.3255E-02
 -8.7056E-03 -2.6160E-03 -1.3148E-02
 -6.8949E-03 -1.3224E-03 -1.6259E-02
 -1.3045E-02 -4.8543E-03 -7.3514E-03
 -1.5445E-02 -4.5586E-03 -7.0943E-03
 -1.2923E-02 -5.2340E-03 -6.6633E-03
 -1.5700E-02 -5.3594E-03 -5.4668E-03
 -1.5266E-02 -5.6241E-03 -5.1070E-03
 -1.8184E-02 -5.8290E-03 -3.7092E-03
 -1.2622E-02 -6.9989E-03 -3.3735E-03
 -1.6646E-02 -6.6515E-03 -2.6568E-03
 -1.9302E-02 -6.5011E-03 -2.0320E-03
 -1.4344E-02 -7.8773E-03 -1.0921E-03
 -1.4653E-02 -9.2405E-03  1.6356E-03
 -1.1422E-02 -1.0308E-02  2.5768E-03
 -1.1157E-02 -1.1939E-02  5.6219E-03
 -1.0638E-02 -1.2775E-02  7.0494E-03
 -1.2154E-02 -1.3678E-02  9.3080E-03
 -8.7051E-03 -1.2527E-02  5.9090E-03
 -1.6205E-02 -8.9065E-03  1.5273E-03
 -1.8247E-02 -9.4752E-03  3.3235E-03
 -2.2507E-02 -1.3844E-02  8.2221E-03
 -1.9710E-02 -1.2185E-02  6.9201E-03
 -1.8598E-02 -1.1324E-02  6.5881E-03
 -1.5771E-02 -9.2115E-03  5.6730E-03
 -1.5026E-02 -6.4752E-03  7.4458E-03
 -1.2432E-02 -4.4846E-03  6.6542E-03
 -1.0540E-02 -5.2331E-03  4.0452E-03
 -7.9663E-03 -3.2209E-03  3.2950E-03
 -1.1240E-02 -7.9379E-03  2.2565E-03
 -1.3856E-02 -9.9199E-03  3.0772E-03
 -1.8954E-02 -9.6940E-03  8.4543E-03
 -1.7233E-02 -8.9843E-03  7.3651E-03
 -2.0259E-02 -8.3718E-03  1.0998E-02
 -1.9679E-02 -5.9488E-03  1.2648E-02
 -2.0888E-02 -4.4328E-03  1.5275E-02
 -1.9481E-02 -2.9759E-03  1.5194E-02
 -2.0126E-02 -3.4359E-03  1.5423E-02
 -1.8055E-02 -1.5268E-03  1.5087E-02
 -1.6215E-02  5.0194E-05  1.4678E-02
 -1.7034E-02 -7.8462E-04  1.4737E-02
 -2.0368E-02 -6.3053E-03  1.3018E-02
 -1.8910E-02 -4.5859E-03  1.3128E-02
 -2.2585E-02 -8.4322E-03  1.3301E-02
 -2.3260E-02 -8.8350E-03  1.3612E-02
 -2.6025E-02 -1.1194E-02  1.4237E-02
 -2.6401E-02 -1.3992E-02  1.2033E-02
 -2.9162E-02 -1.6340E-02  1.2663E-02
 -3.1117E-02 -1.5883E-02  1.5067E-02
 -2.9508E-02 -1.8550E-02  1.0973E-02
 -2.1273E-02 -9.3853E-03  1.1091E-02
 -2.0586E-02 -8.5765E-03  1.1140E-02
 -2.0294E-02 -1.0685E-02  8.8972E-03
 -1.8431E-02 -1.1446E-02  6.3062E-03
 -1.8711E-02 -1.3874E-02  4.3469E-03
 -1.6966E-02 -1.5017E-02  1.5227E-03
 -1.8080E-02 -1.8177E-02 -2.6832E-04
 -1.5469E-02 -1.7314E-02 -2.1180E-03
 -1.5603E-02 -9.1401E-03  5.5685E-03
 -1.4212E-02 -8.8207E-03  4.4543E-03
 -1.4821E-02 -7.4147E-03  6.3702E-03
 -1.2168E-02 -5.2197E-03  5.7084E-03
 -1.1187E-02 -4.8758E-03  5.0315E-03
 -8.2661E-03 -3.4257E-03  3.4097E-03
 -1.2071E-02 -7.5110E-03  3.4934E-03
 -1.1625E-02 -2.4947E-03  7.6745E-03
 -9.3851E-03 -7.5392E-04  7.0120E-03
 -1.3640E-02 -2.1091E-03  1.0073E-02
 -1.3259E-02  4.5912E-04  1.2060E-02
 -1.5909E-02  3.9066E-04  1.4683E-02
 -1.1667E-02  1.2995E-03  1.1222E-02
 -9.7474E-03  3.5577E-03  1.1362E-02
 -1.2409E-02 -4.8993E-04  1.0321E-02
 -1.4804E-02 -3.0974E-03  1.0340E-02
 -1.4244E-02 -4.1974E-03  8.7568E-03
 -1.2635E-02 -1.7435E-03  9.3921E-03
 -1.0862E-02  3.4088E-04  9.5204E-03
 -8.1622E-03  5.5064E-04  6.9774E-03
 -6.4361E-03  1.9736E-03  6.5420E-03
 -7.7594E-03 -7.6086E-04  5.3576E-03
 -5.2339E-03 -6.1762E-04  2.9298E-03
 -5.4897E-03 -2.7757E-03  1.1957E-03
 -2.9400E-03 -2.7346E-03 -1.3510E-03
 -3.5329E-03 -4.9626E-03 -2.8080E-03
 -1.7593E-03 -3.1308E-03 -2.9138E-03
 -3.3262E-03  2.1610E-03  3.5626E-03
 -1.0574E-03  3.3770E-03  2.3859E-03
 -4.2839E-03  3.1662E-03  5.4619E-03
 -2.6976E-03  5.8342E-03  6.3183E-03
 -4.2562E-03  6.5223E-03  8.5339E-03
 -2.5733E-03  9.3495E-03  9.4393E-03
 -5.2966E-03  4.4038E-03  7.6316E-03
 -3.1995E-03  4.0661E-03  5.1939E-03
 -1.9421E-03  7.8263E-03  7.3925E-03
  3.1249E-04  9.6971E-03  6.8351E-03
 -3.8624E-03  7.3913E-03  8.9374E-03
 -3.4536E-03  9.1302E-03  1.0129E-02
 -1.5707E-03  8.9710E-03  8.0734E-03
 -3.2795E-05  1.0955E-02  8.3469E-03
  3.8380E-03  5.6606E-03  2.4545E-02
  9.3089E-03  7.5685E-03  1.5814E-02
  3.8119E-03  3.2855E-03  7.1391E-03
  8.8180E-03  4.7952E-03 -2.5907E-03
  1.1730E-02  5.8970E-03 -6.6030E-03
  1.6268E-02  7.2367E-03 -1.5634E-02
  1.7913E-02  7.4816E-03 -2.0684E-02
  2.2110E-02  8.6200E-03 -2.9780E-02
  1.5115E-02  6.4309E-03 -1.6770E-02
  1.0598E-02  5.0884E-03 -7.8478E-03
  1.4986E-02  1.0563E-02  1.4239E-02
  2.2821E-02  1.4808E-02  1.2886E-02
  1.1031E-02  8.3411E-03  1.4335E-02
  1.5910E-02  1.0892E-02  1.2813E-02
  1.0099E-02  7.3645E-03  1.1020E-02
  7.6805E-03  4.5826E-03  5.8280E-04
 -8.3503E-04 -5.3463E-04 -1.6656E-03
 -3.0514E-03 -3.1124E-03 -1.1438E-02
  3.3096E-03 -5.4735E-04 -1.9032E-02
  1.0391E-03 -3.1295E-03 -2.8611E-02
  1.1786E-02  4.5241E-03 -1.6960E-02
  1.3954E-02  7.0826E-03 -7.1284E-03
  2.2082E-02  1.5435E-02  2.0591E-02
  2.8245E-02  1.8638E-02  1.8528E-02
  2.0505E-02  1.5753E-02  2.9509E-02
  2.6689E-02  2.0248E-02  3.6890E-02
  2.3060E-02  1.9588E-02  4.7146E-02
  1.6142E-02  1.6007E-02  4.9567E-02
  3.4440E-02  2.4333E-02  3.4707E-02
  4.1615E-02  2.8526E-02  3.5727E-02
  3.3059E-02  2.3149E-02  3.1733E-02
  4.0234E-02  2.6892E-02  2.9433E-02
  3.7326E-02  2.4964E-02  2.7332E-02
  3.8475E-02  2.6768E-02  3.5851E-02
  3.7605E-02  2.5874E-02  3.2884E-02
  3.7899E-02  2.7226E-02  4.1628E-02
  3.5691E-02  2.5657E-02  3.9261E-02
  4.5636E-02  2.8792E-02  2.0935E-02
  5.3431E-02  3.3157E-02  2.0637E-02
  4.1466E-02  2.5511E-02  1.4118E-02
  4.5924E-02  2.6880E-02  5.6325E-03
  3.9449E-02  2.2263E-02 -1.4350E-03
  3.6028E-02  1.9540E-02 -7.2555E-03
  4.2982E-02  2.2579E-02 -1.3824E-02
  4.4261E-02  2.3388E-02 -1.3193E-02
  4.7371E-02  2.4295E-02 -1.9459E-02
  5.1016E-02  3.0202E-02  8.9053E-03
  5.8384E-02  3.3917E-02  5.5978E-03
  4.7036E-02  2.8842E-02  1.5467E-02
  5.1105E-02  3.1655E-02  1.9253E-02
  4.4923E-02  2.9132E-02  2.6409E-02
  5.9155E-02  3.6854E-02  2.4048E-02
  6.5827E-02  4.0378E-02  2.2223E-02
  5.8494E-02  3.7295E-02  3.0049E-02
  6.5697E-02  4.2062E-02  3.5188E-02
  6.2675E-02  4.1374E-02  4.2706E-02
  5.8080E-02  4.0081E-02  5.2320E-02
  5.3227E-02  3.8210E-02  5.8749E-02
  4.6247E-02  3.4878E-02  6.3266E-02
  5.6372E-02  4.0072E-02  5.9374E-02
  7.2486E-02  4.4904E-02  2.7848E-02
  8.0041E-02  4.9399E-02  2.9517E-02
  6.9757E-02  4.2246E-02  1.9626E-02
  7.5615E-02  4.4534E-02  1.2083E-02
  7.0824E-02  4.0906E-02  5.2914E-03
  8.0045E-02  4.6268E-02  6.4108E-03
  8.5905E-02  4.8751E-02  2.9885E-04
  7.7047E-02  4.4818E-02  8.2131E-03
  8.0859E-02  4.6298E-02  3.2356E-03
  7.7652E-02  4.3134E-02 -6.7345E-03
  8.1074E-02  4.4344E-02 -1.2066E-02
  7.0846E-02  3.8967E-02 -9.0937E-03
  6.7101E-02  3.5573E-02 -1.8519E-02
  6.2568E-02  3.2640E-02 -2.1255E-02
  6.8781E-02  3.5667E-02 -2.4823E-02
  6.7560E-02  3.5528E-02 -2.0759E-02
  7.4510E-02  3.8038E-02 -3.1213E-02
  6.0917E-02  3.1976E-02 -1.9272E-02
  5.8732E-02  2.9651E-02 -2.7308E-02
  2.4848E-02  2.0580E-02 -3.4270E-04
  2.3874E-02  1.8744E-02 -1.3081E-03
  2.2946E-02  1.6685E-02 -1.1285E-03
  2.2952E-02  1.5970E-02  1.4640E-03
  2.1988E-02  1.4942E-02 -2.3034E-03
  2.3918E-02  1.8409E-02  2.2093E-04
  2.4681E-02  1.9584E-02  1.9166E-03
  2.3152E-02  1.6943E-02 -4.6191E-04
  2.3099E-02  1.6438E-02  9.3065E-04
  2.3090E-02  1.6834E-02 -5.5162E-04
  2.4104E-02  1.9227E-02 -1.2554E-03
  2.4128E-02  1.9975E-02 -3.7378E-03
  2.3747E-02  1.9719E-02 -5.7605E-03
  2.3711E-02  2.0333E-02 -8.2277E-03
  2.2104E-02  1.4042E-02  1.7907E-03
  2.1281E-02  1.2645E-02  4.2582E-04
  2.2179E-02  1.3566E-02  4.0674E-03
  2.1271E-02  1.1330E-02  5.0341E-03
  2.1487E-02  1.1206E-02  7.1381E-03
  2.0737E-02  9.1494E-03  8.6876E-03
  2.1018E-02  9.1604E-03  1.0810E-02
  2.0321E-02  7.2633E-03  1.2198E-02
  1.9330E-02  5.3156E-03  1.1498E-02
  1.8679E-02  3.4918E-03  1.2973E-02
  1.9016E-02  5.2278E-03  9.3896E-03
  1.9729E-02  7.1640E-03  7.9850E-03
  2.1056E-02  1.0646E-02  5.8129E-03
  2.1786E-02  1.1986E-02  6.6621E-03
  2.0074E-02  8.6150E-03  5.4774E-03
  1.9846E-02  7.9065E-03  6.2431E-03
  1.9820E-02  8.4064E-03  4.2612E-03
  1.8829E-02  5.4993E-03  6.9797E-03
  1.8107E-02  4.2406E-03  5.8978E-03
  1.8789E-02  4.8789E-03  8.8793E-03
  1.7842E-02  2.5877E-03  9.7390E-03
  1.8096E-02  2.3732E-03  1.2460E-02
  1.7149E-02  3.1812E-05  1.3501E-02
  1.7018E-02 -7.1429E-04  1.5151E-02
  1.7929E-02  6.3963E-04  1.7350E-02
  1.8814E-02  2.6835E-03  1.6889E-02
  1.7315E-02  1.6875E-03  8.8890E-03
  1.7814E-02  2.6803E-03  9.1941E-03
  1.6300E-02 -2.3744E-04  7.9221E-03
  1.5700E-02 -1.2501E-03  6.9036E-03
  1.5138E-02 -1.7135E-03  4.2226E-03
  1.5896E-02  3.6711E-04  2.6549E-03
  1.4215E-02 -3.4581E-03  3.3181E-03
  1.4909E-02 -3.3562E-03  8.3031E-03
  1.4300E-02 -4.7826E-03  8.6933E-03
  1.4917E-02 -3.5597E-03  9.0893E-03
  1.4173E-02 -5.5456E-03  1.0433E-02
  1.4529E-02 -5.1654E-03  1.1820E-02
  1.3856E-02 -7.1136E-03  1.3569E-02
  1.3805E-02 -7.3768E-03  1.4114E-02
  1.3396E-02 -8.3552E-03  1.4448E-02
  1.3144E-02 -7.2646E-03  8.6216E-03
  1.3018E-02 -7.1425E-03  7.2187E-03
  1.2433E-02 -8.7899E-03  8.5744E-03
  1.1424E-02 -1.0506E-02  6.9076E-03
  1.0683E-02 -1.2339E-02  7.7297E-03
  9.7723E-03 -1.3988E-02  6.5821E-03
  1.1065E-02 -1.2079E-02  9.7476E-03
  1.0431E-02 -1.3729E-02  1.0733E-02
  1.0752E-02 -1.3802E-02  1.3474E-02
  1.0749E-02 -1.4072E-02  1.4408E-02
  1.1778E-02 -1.1805E-02  1.4267E-02
  1.0538E-02 -1.3263E-02  9.9004E-03
  1.0215E-02 -1.4234E-02  1.0873E-02
  1.1058E-02 -1.1668E-02  8.2248E-03
  1.1199E-02 -1.1097E-02  7.2803E-03
  1.2250E-02 -8.6632E-03  6.7129E-03
  1.3126E-02 -7.3473E-03  8.7767E-03
  1.4041E-02 -5.0846E-03  7.7725E-03
  1.5013E-02 -3.5192E-03  9.6903E-03
  1.5856E-02 -1.3722E-03  8.5377E-03
  1.0408E-02 -1.2151E-02  4.9362E-03
  9.8938E-03 -1.2944E-02  3.7991E-03
  1.0268E-02 -1.6210E-02  8.6789E-03
  1.1015E-02 -1.7503E-02  1.0241E-02
  9.4973E-03 -1.7468E-02  8.9515E-03
  7.2019E-03 -1.7992E-02  7.4198E-03
  7.8337E-03 -1.6675E-02  6.9893E-03
  7.5145E-03 -1.4292E-02  4.9913E-03
  8.8497E-03 -1.2587E-02  4.8642E-03
  5.7449E-03 -1.4198E-02  3.4482E-03
  5.2200E-03 -1.2045E-02  1.4467E-03
  2.8625E-03 -1.2616E-02 -1.0280E-04
  3.0184E-03 -1.3057E-02  3.4752E-04
  2.0198E-03 -1.0583E-02 -2.2827E-03
  5.3653E-03 -1.0938E-02  7.6286E-04
  6.2578E-03 -8.7395E-03 -9.1475E-05
  4.6216E-03 -1.2487E-02  1.2690E-03
  4.6759E-03 -1.1671E-02  7.2086E-04
  3.2409E-03 -1.3704E-02  1.0031E-03
  7.1032E-03 -1.0590E-02  1.9579E-03
  7.6049E-03 -9.0888E-03  1.2848E-03
  8.6125E-03 -1.1393E-02  3.7988E-03
  1.0947E-02 -1.0360E-02  4.9928E-03
  1.2211E-02 -1.2034E-02  7.2632E-03
  1.4199E-02 -1.1449E-02  8.4938E-03
  1.5156E-02 -1.3403E-02  1.0711E-02
  1.7187E-02 -1.2813E-02  1.1975E-02
  1.3890E-02 -1.5516E-02  1.1192E-02
  1.2153E-02 -8.0033E-03  4.2850E-03
  1.3298E-02 -6.2293E-03  3.9499E-03
  1.1788E-02 -7.9294E-03  3.9277E-03
  1.2855E-02 -5.7116E-03  3.2044E-03
  1.2073E-02 -6.0312E-03  2.7855E-03
  1.2673E-02 -7.9631E-03  4.6892E-03
  1.3193E-02 -3.6894E-03  2.0165E-03
  1.2218E-02 -3.7147E-03  1.2225E-03
  1.3687E-02 -1.6950E-03  9.7830E-04
  1.0018E-02 -4.3236E-03 -1.6819E-04
  9.1163E-03 -2.6680E-03 -2.1227E-03
  6.5674E-03 -3.9928E-03 -3.2834E-03
  5.2914E-03 -2.4563E-03 -5.4633E-03
  4.4316E-03 -3.0579E-03 -5.7423E-03
  1.9479E-03 -3.9526E-03 -7.1613E-03
  7.9018E-04 -2.8333E-03 -8.9394E-03
 -1.4725E-03 -3.7865E-03 -1.0132E-02
  1.8831E-03 -7.5922E-04 -9.5363E-03
  1.0379E-02 -1.7554E-03 -1.7338E-03
  1.1102E-02  3.9509E-04 -2.6941E-03
  1.0732E-02 -3.3772E-03 -2.6135E-04
  1.1958E-02 -2.7105E-03  2.7616E-04
  1.2077E-02 -4.8988E-03  1.9655E-03
  1.4339E-02 -9.2409E-04  9.6118E-04
  1.5138E-02  9.1152E-04  2.9248E-04
  1.5468E-02 -1.4493E-03  2.2835E-03
  1.7762E-02  1.6562E-04  3.0210E-03
  1.8697E-02 -8.3631E-04  4.5280E-03
  1.9532E-02 -2.7504E-03  6.6150E-03
  1.9736E-02 -4.1136E-03  7.7757E-03
  2.0004E-02 -2.8817E-03  7.1041E-03
  1.7852E-02  2.6401E-03  1.2976E-03
  1.9397E-02  4.4527E-03  1.2672E-03
  1.6212E-02  2.7220E-03 -1.2849E-04
  1.6114E-02  4.9852E-03 -1.8549E-03
  1.4116E-02  4.5264E-03 -3.1860E-03
  1.4792E-02  3.8750E-03 -2.1490E-03
  1.7154E-02  5.6870E-03 -1.4980E-03
  1.3075E-02  3.9132E-03 -3.6080E-03
  1.6019E-02  6.6259E-03 -3.1264E-03
  1.7017E-02  8.8154E-03 -3.8864E-03
  1.4800E-02  5.5891E-03 -3.3883E-03
  1.4653E-02  7.0235E-03 -4.5537E-03
  1.2801E-02  5.5253E-03 -5.0075E-03
  1.0431E-02  4.8853E-03 -6.5166E-03
  8.5862E-03  4.0837E-03 -7.4714E-03
  7.4112E-03  1.8872E-03 -6.8539E-03
  8.3018E-03  5.6512E-03 -8.8476E-03
  1.6939E-02  8.0803E-03 -3.4170E-03
  1.7559E-02  1.0077E-02 -4.3517E-03
  1.5856E-02  6.6912E-03 -8.9497E-05
  1.7391E-02  7.0675E-03  6.2773E-04
  1.7847E-02  5.6756E-03  1.9949E-03
  1.7035E-02  4.6661E-03  2.2380E-03
  1.6350E-02  3.0136E-03  3.0579E-03
  1.7565E-02  2.3831E-03  4.3382E-03
  1.6823E-02  8.3191E-04  5.0433E-03
  1.8647E-02  8.2426E-03  5.4817E-04
  1.9984E-02  8.7691E-03  1.0200E-03
  1.8217E-02  8.6280E-03 -2.9553E-05
  1.9299E-02  9.7437E-03 -1.7736E-04
  1.9128E-02  9.2506E-03  8.9106E-05
  1.9800E-02  1.0575E-02 -4.8754E-04
  1.9899E-02  8.0802E-03  1.4930E-03
  1.9651E-02  7.4739E-03  1.7959E-03
  1.8981E-02  1.1202E-02 -1.5053E-03
  2.0063E-02  1.2374E-02 -1.6963E-03
  1.7489E-02  1.1105E-02 -2.4084E-03
  1.6979E-02  1.2393E-02 -3.7310E-03
  1.5495E-02  1.2051E-02 -4.4410E-03
  1.5731E-02  1.1574E-02 -3.9205E-03
  1.6846E-02  1.2869E-02 -4.1845E-03
  1.4202E-02  1.0957E-02 -4.4484E-03
  1.6706E-02  1.2994E-02 -4.3719E-03
  1.7132E-02  1.4348E-02 -5.1321E-03
  1.5947E-02  1.1994E-02 -4.1012E-03
  1.5580E-02  1.2451E-02 -4.6924E-03
  1.4181E-02  1.2975E-02 -6.0116E-03
  1.4423E-02  1.4334E-02 -6.8964E-03
  1.2840E-02  1.2019E-02 -6.1565E-03
