 -6.6112E-05  7.7816E-03 -9.5176E-03
 -2.2111E-04  7.2505E-03 -7.9451E-03
 -3.2729E-04  6.5731E-03 -8.4370E-03
 -4.8206E-04  6.0261E-03 -6.9499E-03
 -2.4621E-04  7.6320E-03 -5.3498E-03
 -1.1579E-04  8.2594E-03 -5.7697E-03
 -5.0200E-04  5.8859E-03 -7.1074E-03
 -6.9687E-04  4.6547E-03 -7.9510E-03
 -5.0822E-04  6.1732E-03 -5.4996E-03
 -7.6609E-04  4.9574E-03 -4.5458E-03
 -6.4569E-04  5.7153E-03 -4.0387E-03
 -5.8947E-04  5.7387E-03 -5.4565E-03
 -3.8418E-04  6.9391E-03 -5.0515E-03
 -3.5009E-04  6.8613E-03 -6.3717E-03
 -3.1696E-04  7.0961E-03 -6.1011E-03
 -2.9084E-04  6.9759E-03 -7.4158E-03
 -3.1207E-04  7.4360E-03 -4.5331E-03
 -9.1617E-04  4.4556E-03 -2.9602E-03
 -7.6659E-04  5.4946E-03 -1.8428E-03
 -1.2155E-03  2.8414E-03 -2.8694E-03
 -1.3816E-03  2.2104E-03 -1.4944E-03
 -1.4443E-03  1.7179E-03 -2.2477E-03
 -1.6551E-03  8.2369E-04 -9.6879E-04
 -1.1339E-03  3.2762E-03 -2.9209E-03
 -1.1679E-03  2.8361E-03 -4.1955E-03
 -1.6922E-03  6.8368E-04 -6.5678E-04
 -1.8436E-03 -3.1421E-04 -1.5182E-03
 -1.7674E-03  6.1369E-04  1.0455E-03
 -2.0651E-03 -8.0981E-04  2.0480E-03
 -2.0091E-03 -1.9230E-04  3.6086E-03
 -1.8788E-03  3.9501E-04  2.9936E-03
 -1.7899E-03  1.1554E-03  4.3718E-03
 -2.3134E-03 -1.5907E-03  4.9174E-03
 -2.2283E-03 -1.5732E-03  2.6803E-03
 -2.0820E-03 -6.4474E-04  3.3362E-03
 -2.5174E-03 -3.2121E-03  2.3700E-03
 -2.6963E-03 -4.0858E-03  2.8789E-03
 -2.8251E-03 -5.0972E-03  1.3341E-03
 -2.9568E-03 -5.8082E-03  1.3683E-03
 -3.0508E-03 -6.6605E-03 -3.3068E-04
 -2.7163E-03 -4.4284E-03  1.7126E-03
 -2.9681E-03 -5.2737E-03  4.3549E-03
 -3.1807E-03 -6.4788E-03  4.1246E-03
 -2.9576E-03 -4.9139E-03  5.8689E-03
 -3.2071E-03 -5.9695E-03  7.3950E-03
 -3.0647E-03 -4.8755E-03  8.9854E-03
 -2.8313E-03 -3.5889E-03  9.0533E-03
 -2.9683E-03 -4.3946E-03  8.7587E-03
 -2.7454E-03 -2.7735E-03  1.0789E-02
 -3.4203E-03 -7.0511E-03  7.8002E-03
 -3.3171E-03 -6.5580E-03  7.4538E-03
 -3.7144E-03 -8.4960E-03  8.5962E-03
 -3.9262E-03 -9.5666E-03  9.0209E-03
 -4.2567E-03 -1.1212E-02  9.8063E-03
 -4.3758E-03 -1.1959E-02  9.3156E-03
 -4.4091E-03 -1.1797E-02  1.1039E-02
 -4.7289E-03 -1.3365E-02  1.1921E-02
 -4.8298E-03 -1.3613E-02  1.3433E-02
 -4.9554E-03 -1.4843E-02  1.0702E-02
 -4.8838E-03 -1.4719E-02  9.3700E-03
 -5.2169E-03 -1.6201E-02  1.1044E-02
 -5.4493E-03 -1.7693E-02  9.9221E-03
 -5.6960E-03 -1.8888E-02  1.0675E-02
 -5.6407E-03 -1.8226E-02  1.2479E-02
 -5.2887E-03 -1.6355E-02  1.2232E-02
 -5.5931E-03 -1.8445E-02  1.0084E-02
 -5.7149E-03 -1.8825E-02  1.1504E-02
 -5.5636E-03 -1.8571E-02  8.6429E-03
 -5.6892E-03 -1.9255E-02  8.6526E-03
 -5.4391E-03 -1.7938E-02  8.4176E-03
 -5.5072E-03 -1.8385E-02  8.0356E-03
 -6.3850E-03 -2.7402E-02  1.1592E-02
 -5.8970E-03 -2.6177E-02  1.1676E-02
 -4.5305E-03 -2.3579E-02  1.2707E-02
 -6.7753E-03 -2.5838E-02  9.0960E-03
 -6.6210E-03 -2.5362E-02  9.0382E-03
 -7.6716E-03 -2.6027E-02  6.9737E-03
 -8.5447E-03 -2.5713E-02  4.4318E-03
 -7.9436E-03 -2.2971E-02  3.3583E-03
 -8.1551E-03 -2.2616E-02  2.4769E-03
 -7.2214E-03 -2.1039E-02  3.3698E-03
 -6.6255E-03 -1.8364E-02  2.3481E-03
 -5.5290E-03 -1.6412E-02  3.3020E-03
 -5.9218E-03 -1.6972E-02  2.8270E-03
 -4.8756E-03 -1.4820E-02  3.4610E-03
 -5.4334E-03 -1.4942E-02  2.1443E-03
 -5.6427E-03 -1.6835E-02  3.4142E-03
 -7.6636E-03 -1.8105E-02 -5.6666E-04
 -7.5367E-03 -1.6422E-02 -1.8468E-03
 -8.7062E-03 -1.9845E-02 -1.5841E-03
 -9.7871E-03 -1.9866E-02 -4.3411E-03
 -1.0392E-02 -2.0252E-02 -5.5277E-03
 -1.0935E-02 -1.9362E-02 -7.7700E-03
 -1.0237E-02 -2.1443E-02 -3.9908E-03
 -1.0789E-02 -2.1961E-02 -4.9155E-03
 -1.0462E-02 -2.3402E-02 -2.7005E-03
 -1.0837E-02 -2.5823E-02 -1.3527E-03
 -9.1043E-03 -2.1685E-02 -8.5053E-04
 -1.0378E-02 -1.9532E-02 -6.1775E-03
 -1.1105E-02 -1.9653E-02 -7.9306E-03
 -9.2397E-03 -1.7314E-02 -5.3697E-03
 -8.7728E-03 -1.4977E-02 -6.4008E-03
 -7.3739E-03 -1.3569E-02 -4.1507E-03
 -7.0984E-03 -1.2842E-02 -4.1371E-03
 -7.8735E-03 -1.5117E-02 -3.9571E-03
 -8.6913E-03 -1.5202E-02 -5.9768E-03
 -7.6997E-03 -1.6700E-02 -1.9999E-03
 -8.9089E-03 -1.3228E-02 -8.4198E-03
 -8.6088E-03 -1.1253E-02 -9.5343E-03
 -9.4674E-03 -1.4084E-02 -9.0383E-03
 -9.6286E-03 -1.2588E-02 -1.0879E-02
 -1.0091E-02 -1.3840E-02 -1.0872E-02
 -1.0505E-02 -1.2105E-02 -1.3593E-02
 -1.0130E-02 -9.8891E-03 -1.4743E-02
 -1.1679E-02 -1.4132E-02 -1.4673E-02
 -1.2564E-02 -1.3770E-02 -1.7292E-02
 -1.3793E-02 -1.6288E-02 -1.8048E-02
 -1.4960E-02 -1.7683E-02 -1.9714E-02
 -1.6202E-02 -1.9764E-02 -2.0917E-02
 -1.7013E-02 -2.2039E-02 -2.0831E-02
 -1.6431E-02 -1.9339E-02 -2.1911E-02
 -1.1922E-02 -1.1818E-02 -1.7507E-02
 -1.2101E-02 -1.0265E-02 -1.9449E-02
 -1.1182E-02 -1.1914E-02 -1.5513E-02
 -1.0521E-02 -1.0109E-02 -1.5538E-02
 -9.7957E-03 -1.0751E-02 -1.3062E-02
 -8.7520E-03 -8.5663E-03 -1.2466E-02
 -7.4452E-03 -7.2904E-03 -1.0326E-02
 -6.4668E-03 -5.1826E-03 -9.8247E-03
 -6.7902E-03 -4.3301E-03 -1.1469E-02
 -8.0960E-03 -5.5924E-03 -1.3619E-02
 -9.0659E-03 -7.7006E-03 -1.4099E-02
 -9.6011E-03 -7.3091E-03 -1.5847E-02
 -9.6473E-03 -5.6590E-03 -1.7541E-02
 -8.7879E-03 -6.8161E-03 -1.4228E-02
 -7.8689E-03 -4.2979E-03 -1.4271E-02
 -7.0455E-03 -4.3427E-03 -1.2113E-02
 -6.1239E-03 -1.7511E-03 -1.2219E-02
 -6.2518E-03 -4.8883E-03 -9.5531E-03
 -5.6001E-03 -5.4364E-03 -7.3558E-03
 -8.5437E-03 -3.3558E-03 -1.6904E-02
 -8.1772E-03 -1.2343E-03 -1.7987E-02
 -5.8387E-03 -7.4944E-03 -1.9726E-02
 -6.1100E-03 -7.1374E-03 -2.1433E-02
 -6.5087E-03 -8.9519E-03 -2.1924E-02
 -6.3338E-03 -9.5516E-03 -2.0504E-02
 -6.8097E-03 -1.2078E-02 -2.0779E-02
 -7.0805E-03 -1.1878E-02 -2.2347E-02
 -6.3397E-03 -6.5057E-03 -2.3162E-02
 -6.2850E-03 -5.0227E-03 -2.4159E-02
 -6.5724E-03 -7.5797E-03 -2.3436E-02
 -6.8123E-03 -7.1909E-03 -2.5008E-02
 -7.1061E-03 -8.8273E-03 -2.5111E-02
 -7.3924E-03 -8.6015E-03 -2.6782E-02
 -7.9099E-03 -1.0463E-02 -2.7845E-02
 -8.2172E-03 -1.0324E-02 -2.9549E-02
 -8.0099E-03 -1.2054E-02 -2.6988E-02
 -6.4718E-03 -5.2706E-03 -2.4909E-02
 -6.6123E-03 -4.3960E-03 -2.6388E-02
 -6.0227E-03 -4.5781E-03 -2.3190E-02
 -5.6899E-03 -2.7584E-03 -2.3044E-02
 -5.3119E-03 -2.7307E-03 -2.1119E-02
 -5.1134E-03 -1.5070E-03 -2.1151E-02
 -5.5221E-03 -2.2689E-03 -2.2601E-02
 -5.3351E-03 -1.0427E-03 -2.2695E-02
 -5.1263E-03  9.8524E-04 -2.3367E-02
 -5.4424E-03 -9.8269E-04 -2.3300E-02
 -5.3576E-03  5.0770E-04 -2.4148E-02
 -5.3435E-03 -1.1699E-03 -2.2628E-02
 -5.0947E-03  4.2329E-04 -2.2720E-02
 -4.6359E-03  7.9077E-04 -2.0671E-02
 -4.3280E-03  1.0217E-03 -1.9283E-02
 -4.4072E-03 -5.8234E-04 -1.8307E-02
 -4.1886E-03 -4.6633E-04 -1.7280E-02
 -3.8814E-03  1.2791E-03 -1.7202E-02
 -3.7003E-03  1.3185E-03 -1.6302E-02
 -3.7855E-03  2.9232E-03 -1.8126E-02
 -4.0098E-03  2.7844E-03 -1.9163E-02
 -5.4063E-03  2.2314E-04 -2.4154E-02
 -5.2543E-03  1.6102E-03 -2.4567E-02
 -5.8410E-03 -1.4775E-03 -2.4928E-02
 -6.1400E-03 -1.7075E-03 -2.6272E-02
 -5.9221E-03 -1.5364E-03 -2.5296E-02
 -5.8796E-03 -4.7834E-04 -2.5989E-02
 -5.8089E-03 -2.6709E-03 -2.3733E-02
 -5.5877E-03 -2.6972E-03 -2.2570E-02
 -5.0317E-03 -1.6487E-03 -2.0608E-02
 -4.7589E-03  3.4929E-04 -2.0925E-02
 -4.9600E-03 -2.7542E-03 -1.9284E-02
 -4.4568E-03 -1.6153E-03 -1.7672E-02
 -5.8627E-03 -4.8017E-03 -2.2173E-02
 -6.0782E-03 -6.0554E-03 -2.2202E-02
 -5.8784E-03 -5.2271E-03 -2.1886E-02
 -5.7614E-03 -3.9484E-03 -2.2387E-02
 -5.8838E-03 -5.2162E-03 -2.1924E-02
 -6.3040E-03 -7.1731E-03 -2.2402E-02
 -6.1313E-03 -7.1976E-03 -2.1491E-02
 -5.8108E-03 -7.7363E-03 -1.9373E-02
 -5.3689E-03 -6.5001E-03 -1.8161E-02
 -6.0434E-03 -9.6097E-03 -1.8957E-02
 -5.7921E-03 -1.0379E-02 -1.6997E-02
 -6.0499E-03 -1.2263E-02 -1.6702E-02
 -5.8261E-03 -1.3203E-02 -1.4737E-02
 -6.1231E-03 -1.5189E-02 -1.4555E-02
 -6.0816E-03 -1.6414E-02 -1.3284E-02
 -6.3851E-03 -1.5619E-02 -1.5535E-02
 -5.7981E-03 -1.0788E-02 -1.6676E-02
 -6.1806E-03 -1.1863E-02 -1.7721E-02
 -5.3700E-03 -9.8954E-03 -1.5238E-02
 -5.3211E-03 -1.0146E-02 -1.4769E-02
 -4.9383E-03 -8.1703E-03 -1.4500E-02
 -4.8587E-03 -8.4626E-03 -1.3838E-02
 -5.0787E-03 -6.8895E-03 -1.6329E-02
 -4.6569E-03 -4.8012E-03 -1.5956E-02
 -5.1215E-03 -1.1195E-02 -1.2836E-02
 -4.7952E-03 -1.0719E-02 -1.1564E-02
 -5.3272E-03 -1.2661E-02 -1.2632E-02
 -5.1452E-03 -1.3689E-02 -1.0806E-02
 -5.4726E-03 -1.5616E-02 -1.0832E-02
 -5.8173E-03 -1.7135E-02 -1.1300E-02
 -5.1477E-03 -1.3907E-02 -1.0631E-02
 -5.4537E-03 -1.4062E-02 -1.2075E-02
 -2.0243E-03 -4.3269E-03 -2.0604E-02
 -1.5943E-03 -4.1409E-03 -1.9148E-02
 -3.4909E-03 -5.4419E-03 -2.4254E-02
 -6.9217E-03 -1.0510E-02 -2.6041E-02
 -2.3573E-03 -1.7723E-03 -2.9137E-02
  1.8143E-03  6.4219E-04 -1.6679E-02
  2.5326E-03  4.7768E-04 -1.2942E-02
  3.9421E-03  4.8592E-03 -1.8516E-02
  7.2088E-03  9.5000E-03 -1.6307E-02
  8.4301E-03  9.2513E-03 -1.0037E-02
  1.0147E-02  1.0876E-02 -6.6418E-03
  7.4453E-03  7.0298E-03 -8.4469E-03
  8.5022E-03  6.6316E-03 -2.5191E-03
  7.4848E-03  4.7723E-03 -2.0714E-03
  9.4616E-03  8.8461E-03 -4.2068E-03
  8.2660E-03  7.4265E-03 -5.7808E-03
  1.2196E-02  1.3422E-02 -4.2524E-03
  7.1271E-03  2.9803E-03  1.2093E-03
  8.7107E-03  3.8964E-03  5.9400E-03
  4.1069E-03 -1.2557E-03 -9.8361E-04
  2.2627E-03 -5.3756E-03  1.8848E-03
 -1.0608E-03 -9.5092E-03 -1.9766E-03
 -3.4258E-03 -1.4483E-02  8.5155E-04
 -6.9490E-03 -1.8382E-02 -4.5666E-03
 -6.6615E-03 -1.6306E-02 -8.9483E-03
  3.4986E-03 -3.7832E-03  3.1690E-03
  3.6765E-03 -5.1818E-03  7.8209E-03
  4.2182E-03 -1.0436E-03 -1.0565E-03
  5.5141E-03  8.7788E-04 -4.0074E-04
  6.2725E-03  4.1156E-03 -5.8154E-03
  3.8776E-03  1.6726E-03 -1.0068E-02
  3.4990E-03  2.8704E-05 -7.2890E-03
  5.0312E-03  5.4736E-03 -1.5220E-02
  8.5300E-03  4.1336E-03  4.4625E-03
  8.8213E-03  3.0642E-03  8.7292E-03
  1.0746E-02  8.0655E-03  3.8118E-03
  1.3772E-02  1.1538E-02  8.1232E-03
  1.5765E-02  1.5609E-02  6.0701E-03
  1.6612E-02  1.8987E-02  6.7454E-04
  1.9097E-02  2.3653E-02 -7.5748E-04
  1.7827E-02  2.2610E-02 -3.7066E-03
  1.6533E-02  2.2516E-02 -9.3673E-03
  1.5436E-02  2.1518E-02 -1.1645E-02
  1.6338E-02  2.3441E-02 -1.2797E-02
  1.3544E-02  8.9550E-03  1.4171E-02
  1.5794E-02  1.1162E-02  1.8407E-02
  1.0798E-02  4.2288E-03  1.4577E-02
  1.0308E-02  1.4113E-03  2.0068E-02
  8.3725E-03 -1.5743E-03  1.9404E-02
  8.7186E-03 -2.1573E-03  2.2587E-02
  8.7739E-03 -3.9240E-03  2.7688E-02
  7.1978E-03 -3.3796E-03  1.8984E-02
  5.6039E-03 -6.7358E-03  2.0902E-02
  3.1533E-03 -8.9569E-03  1.5786E-02
  8.0376E-03 -3.7525E-03  2.3849E-02
  7.9380E-03 -5.5426E-03  2.8306E-02
  1.0204E-02  8.1001E-04  2.1240E-02
  1.2726E-02  4.2408E-03  2.3361E-02
  1.4871E-02  9.2173E-03  1.9521E-02
  1.3314E-02  8.6210E-03  1.4035E-02
  1.8048E-02  1.3447E-02  2.2448E-02
  1.4483E-02  4.9182E-03  2.9541E-02
  1.4428E-02  3.3895E-03  3.3485E-02
  1.5912E-02  7.0307E-03  3.0285E-02
  1.7679E-02  7.9374E-03  3.5880E-02
  1.8123E-02  8.8828E-03  3.5316E-02
  1.9010E-02  8.3419E-03  4.0859E-02
  1.8609E-02  8.1377E-03  3.9583E-02
  1.5143E-02  3.3966E-03  3.6735E-02
  1.4628E-02  3.1753E-03  3.4987E-02
  1.5965E-02  3.4630E-03  4.0315E-02
  1.7135E-02  3.9012E-03  4.4465E-02
  2.0227E-02  1.0884E-03  4.0908E-02
  1.9063E-02 -4.3734E-03  4.4834E-02
  1.7245E-02 -8.2993E-03  4.4633E-02
  1.9262E-02 -6.6522E-03  4.8586E-02
  1.7058E-02 -7.3618E-03  4.2764E-02
  1.4235E-02 -1.1607E-02  3.9903E-02
  1.8579E-02 -5.0030E-03  4.4210E-02
  1.7079E-02 -7.2139E-03  4.2625E-02
  1.4362E-02 -1.3785E-02  4.3292E-02
  1.4590E-02 -1.6549E-02  4.7798E-02
  1.1801E-02 -1.6258E-02  3.8798E-02
  8.9342E-03 -2.2456E-02  3.8489E-02
  7.3322E-03 -2.4461E-02  3.6307E-02
  7.8127E-03 -2.0165E-02  3.1875E-02
  7.1875E-03 -2.2927E-02  3.3750E-02
  8.1637E-03 -1.8496E-02  3.0662E-02
  4.6441E-03 -2.8196E-02  3.3159E-02
  2.8663E-03 -2.8974E-02  2.8747E-02
 -1.2315E-04 -3.5494E-02  2.8502E-02
 -2.5223E-03 -3.6962E-02  2.3124E-02
 -1.6162E-03 -3.5120E-02  2.3383E-02
 -3.2997E-03 -3.5549E-02  1.8782E-02
  7.2266E-04 -3.3327E-02  2.8128E-02
  2.2357E-03 -2.5758E-02  2.2376E-02
  3.0739E-03 -2.2105E-02  1.9932E-02
  8.5928E-04 -2.6954E-02  1.9777E-02
  1.6570E-04 -2.4124E-02  1.3742E-02
 -1.7882E-03 -2.6874E-02  1.1503E-02
 -5.1752E-03 -3.2897E-02  9.3473E-03
 -5.5063E-03 -3.7031E-02  1.4017E-02
 -6.9094E-03 -3.2371E-02  3.2757E-03
  3.0645E-03 -1.7506E-02  1.3574E-02
  3.1507E-03 -1.4113E-02  9.1694E-03
  5.4417E-03 -1.5721E-02  1.8447E-02
  8.3341E-03 -9.5608E-03  1.8888E-02
  9.8535E-03 -5.9449E-03  1.8597E-02
  1.1279E-02 -8.9221E-04  1.6038E-02
  9.5519E-03 -8.6163E-03  2.1343E-02
  1.0804E-02 -5.8508E-03  2.1399E-02
  1.0570E-02 -9.5586E-03  2.5781E-02
  1.1766E-02 -1.1520E-02  3.2170E-02
  1.5156E-02 -7.2281E-03  3.6717E-02
  1.7249E-02 -1.5152E-03  3.5306E-02
  2.0509E-02  2.6745E-03  3.9593E-02
  8.9030E-03 -5.4092E-03  1.4928E-02
  1.0176E-02 -8.3884E-04  1.2562E-02
  5.8589E-03 -1.0133E-02  1.2042E-02
  3.7627E-03 -1.0286E-02  5.7883E-03
  4.2183E-04 -1.6161E-02  3.5720E-03
 -1.0402E-03 -2.1047E-02  5.7884E-03
 -4.1829E-03 -2.7007E-02  4.3010E-03
 -4.2975E-03 -3.0575E-02  8.8575E-03
 -6.4845E-03 -2.8435E-02 -8.3190E-04
  4.5861E-03 -5.4073E-03  1.6122E-03
  4.8203E-03 -2.2096E-03 -2.0671E-03
  5.1670E-03 -4.6986E-03  2.4281E-03
  5.9727E-03 -2.3333E-04 -1.2332E-03
  5.4540E-03 -1.7962E-03 -6.8167E-04
  9.2269E-03  5.9961E-03  2.2811E-04
  9.8106E-03  1.0187E-02 -3.7412E-03
  1.1358E-02  6.6218E-03  5.9380E-03
  1.4529E-02  1.2385E-02  7.7837E-03
  1.6591E-02  1.2024E-02  1.4640E-02
  1.9815E-02  1.7756E-02  1.6694E-02
  2.1807E-02  1.7235E-02  2.3553E-02
  2.4786E-02  2.2341E-02  2.5713E-02
  2.4332E-02  2.1555E-02  2.5394E-02
  1.4716E-02  1.5119E-02  4.5988E-03
  1.6309E-02  2.0283E-02  2.4036E-03
  1.1376E-02  1.1379E-02  5.4540E-03
  9.5318E-03  1.2531E-02  1.9437E-03
  7.4716E-03  5.8425E-03  2.1363E-03
  1.0562E-02  3.5605E-03  8.1984E-03
  1.0725E-02 -1.9879E-03  1.1317E-02
  1.2783E-02  7.2642E-03  9.7994E-03
  6.3623E-03  1.5595E-02 -4.6461E-03
  6.3400E-03  2.0432E-02 -7.1756E-03
  3.6288E-03  1.2661E-02 -7.4541E-03
  4.3985E-04  1.5169E-02 -1.3788E-02
 -2.3102E-03  1.0804E-02 -1.5884E-02
 -4.5417E-03  1.4693E-02 -2.1417E-02
 -5.3704E-03  4.0384E-03 -1.7233E-02
 -7.9610E-03 -7.0283E-04 -1.8883E-02
  2.2787E-03  2.2739E-02 -1.4785E-02
  1.0005E-03  2.6724E-02 -1.8860E-02
  5.2594E-03  2.4625E-02 -1.1046E-02
  7.3697E-03  3.1700E-02 -1.1358E-02
  1.0834E-02  3.2264E-02 -6.1725E-03
  9.6679E-03  2.9646E-02 -6.6664E-03
  1.4631E-02  3.1823E-02  5.7031E-05
  1.6827E-02  4.1272E-02 -1.3443E-03
  9.4209E-03  3.6246E-02 -1.0460E-02
  9.0943E-03  4.1793E-02 -1.3836E-02
  1.1790E-02  3.4041E-02 -5.5773E-03
  1.4053E-02  3.7687E-02 -3.8809E-03
  1.6485E-02  3.3815E-02  1.9598E-03
  2.0334E-02  3.4489E-02  7.6971E-03
  2.2997E-02  3.2939E-02  1.2705E-02
  2.0705E-02  3.6540E-02  7.2251E-03
  1.1241E-02  3.8838E-02 -8.9198E-03
  1.2509E-02  4.4018E-02 -9.5856E-03
  7.4767E-03  3.3950E-02 -1.2349E-02
  4.4564E-03  3.4471E-02 -1.7392E-02
  1.4589E-03  2.7396E-02 -1.8482E-02
  2.1135E-03  3.8531E-02 -2.3189E-02
 -7.1179E-04  3.9291E-02 -2.8047E-02
  3.2804E-03  4.1032E-02 -2.2634E-02
  1.3386E-03  4.5002E-02 -2.7751E-02
 -3.0583E-03  4.0618E-02 -3.2440E-02
 -5.6481E-03  4.3186E-02 -3.7858E-02
 -3.9204E-03  3.3944E-02 -3.0361E-02
 -8.0116E-03  2.8998E-02 -3.4278E-02
 -9.0941E-03  2.2168E-02 -3.2468E-02
 -1.0420E-02  2.2221E-02 -3.4591E-02
 -1.1136E-02  1.5434E-02 -3.2223E-02
 -7.2439E-03  1.3721E-02 -2.5187E-02
 -7.8948E-03  6.8003E-03 -2.2647E-02
 -8.0424E-03  2.7897E-02 -3.3759E-02
 -4.8204E-03  2.8978E-02 -2.9223E-02
 -1.1724E-02  2.5727E-02 -3.8460E-02
 -1.2182E-02  2.4673E-02 -3.8639E-02
 -1.5779E-02  2.6488E-02 -4.5261E-02
 -1.6181E-02  2.8247E-02 -4.6805E-02
 -1.9221E-02  3.1720E-02 -5.3400E-02
 -1.1996E-02  3.2781E-02 -4.2527E-02
 -1.2813E-02  1.7322E-02 -3.5847E-02
 -1.4787E-02  1.2598E-02 -3.6531E-02
 -1.0851E-02  1.6535E-02 -3.2340E-02
 -1.1094E-02  9.8561E-03 -2.9280E-02
 -7.8210E-03  1.0607E-02 -2.4494E-02
 -3.5102E-03  1.4998E-02 -1.9944E-02
 -8.0853E-03  3.5236E-03 -2.1259E-02
 -1.5309E-02  5.7856E-03 -3.3844E-02
 -1.6725E-02  8.1851E-03 -3.7319E-02
 -1.7262E-02 -4.6365E-04 -3.3709E-02
 -2.1296E-02 -4.6976E-03 -3.7901E-02
 -2.3453E-02 -1.0200E-02 -3.8474E-02
 -2.4396E-02 -6.9152E-03 -4.1659E-02
 -2.0792E-02 -1.3621E-02 -3.2504E-02
 -2.1182E-02 -7.7639E-03 -3.6140E-02
 -1.8129E-02 -8.7558E-03 -3.0803E-02
 -1.6711E-02 -1.0339E-02 -2.2598E-02
 -1.6154E-02 -1.1278E-02 -2.1826E-02
 -1.7464E-02 -1.2141E-02 -2.3643E-02
 -1.8446E-02 -9.9467E-03 -2.5003E-02
 -1.9674E-02 -1.0518E-02 -2.6706E-02
 -1.7986E-02 -7.6869E-03 -2.4366E-02
 -1.5165E-02 -1.3604E-02 -2.0456E-02
 -1.4018E-02 -1.3962E-02 -1.8866E-02
 -1.5653E-02 -1.5192E-02 -2.1133E-02
 -1.4906E-02 -1.7583E-02 -2.0097E-02
 -1.5817E-02 -1.8979E-02 -2.1360E-02
 -1.7446E-02 -1.9725E-02 -2.3619E-02
 -1.8577E-02 -1.7468E-02 -2.5187E-02
 -1.9434E-02 -1.7248E-02 -2.6375E-02
 -1.8631E-02 -1.5954E-02 -2.5262E-02
 -1.3282E-02 -1.7216E-02 -1.7845E-02
 -1.2282E-02 -1.8599E-02 -1.6459E-02
 -1.3021E-02 -1.5308E-02 -1.7483E-02
 -1.1507E-02 -1.4709E-02 -1.5385E-02
 -1.1597E-02 -1.2997E-02 -1.5508E-02
 -1.0361E-02 -1.3249E-02 -1.3795E-02
 -8.8902E-03 -1.2082E-02 -1.1756E-02
 -1.0894E-02 -1.1889E-02 -1.4533E-02
 -1.0633E-02 -1.3381E-02 -1.4172E-02
 -9.2770E-03 -1.3820E-02 -1.2292E-02
 -1.1408E-02 -1.1823E-02 -1.5246E-02
 -1.0655E-02 -1.0570E-02 -1.4203E-02
 -1.1656E-02 -8.6988E-03 -1.5590E-02
 -1.2385E-02 -6.9109E-03 -1.6600E-02
 -1.0711E-02 -7.1937E-03 -1.4279E-02
 -1.0094E-02 -1.2515E-02 -1.3424E-02
 -8.8135E-03 -1.2314E-02 -1.1649E-02
 -1.1022E-02 -1.4385E-02 -1.4712E-02
 -1.0526E-02 -1.6305E-02 -1.4024E-02
 -1.1839E-02 -1.8067E-02 -1.5846E-02
 -1.1276E-02 -2.0767E-02 -1.5066E-02
 -1.2437E-02 -1.7027E-02 -1.6674E-02
 -1.3163E-02 -1.4426E-02 -1.7681E-02
 -9.2116E-03 -1.7885E-02 -1.2203E-02
 -8.2161E-03 -1.8671E-02 -1.0823E-02
 -9.1948E-03 -1.8275E-02 -1.2179E-02
 -8.0029E-03 -1.9710E-02 -1.0527E-02
 -8.4584E-03 -2.0168E-02 -1.1159E-02
 -6.4881E-03 -1.8244E-02 -8.4266E-03
 -5.2847E-03 -1.9426E-02 -6.7586E-03
 -6.5505E-03 -1.5680E-02 -8.5126E-03
 -5.1916E-03 -1.4100E-02 -6.6282E-03
 -5.4846E-03 -1.1339E-02 -7.0337E-03
 -6.0543E-03 -1.0709E-02 -7.8234E-03
 -5.0985E-03 -1.1981E-02 -6.4987E-03
 -5.9902E-03 -7.8085E-03 -7.7339E-03
 -4.6005E-03 -1.4015E-02 -5.8087E-03
 -3.2505E-03 -1.3820E-02 -3.9369E-03
 -5.6104E-03 -1.4139E-02 -7.2088E-03
 -5.1729E-03 -1.4060E-02 -6.6023E-03
 -6.5545E-03 -1.3553E-02 -8.5176E-03
 -7.2982E-03 -1.0935E-02 -9.5481E-03
 -6.0583E-03 -1.3707E-02 -7.8297E-03
 -4.4462E-03 -1.6605E-02 -5.5953E-03
 -3.3942E-03 -1.6660E-02 -4.1369E-03
 -4.9951E-03 -1.8727E-02 -6.3568E-03
 -4.3530E-03 -2.1263E-02 -5.4673E-03
 -5.4171E-03 -2.3381E-02 -6.9430E-03
 -5.3082E-03 -2.5850E-02 -6.7927E-03
 -6.7327E-03 -2.7458E-02 -8.7680E-03
 -7.1068E-03 -2.7934E-02 -9.2868E-03
 -8.6104E-03 -2.9234E-02 -1.1372E-02
 -2.7918E-03 -2.1485E-02 -3.3028E-03
 -1.7240E-03 -2.2469E-02 -1.8226E-03
 -2.6701E-03 -2.0494E-02 -3.1338E-03
 -1.2592E-03 -2.0447E-02 -1.1776E-03
 -1.5420E-03 -1.9252E-02 -1.5694E-03
 -1.2774E-04 -1.8646E-02  3.9146E-04
 -4.6250E-04 -1.7370E-02 -7.2356E-05
  1.8568E-04 -1.5291E-02  8.2681E-04
 -1.3629E-03 -1.8462E-02 -1.3210E-03
 -1.4759E-04 -1.8756E-02  3.6392E-04
  1.0512E-03 -1.9628E-02  2.0258E-03
 -2.5470E-03 -1.6812E-02 -6.9297E-03
 -1.9663E-03 -1.7095E-02 -9.4602E-03
 -1.9222E-03 -1.8836E-02 -8.0369E-03
 -1.3138E-03 -1.9245E-02 -1.0582E-02
 -2.8592E-04 -2.1760E-02 -1.3168E-02
  3.0021E-04 -2.1977E-02 -1.5787E-02
  3.6727E-04 -1.9714E-02 -1.8236E-02
  9.1263E-04 -2.0121E-02 -2.0481E-02
 -9.3161E-05 -1.7079E-02 -1.8495E-02
 -2.2474E-03 -1.3862E-02 -1.1145E-02
 -1.6918E-03 -1.3493E-02 -1.4167E-02
 -3.0997E-03 -1.1511E-02 -9.2502E-03
 -3.3868E-03 -8.4098E-03 -1.0782E-02
 -4.2859E-03 -6.3822E-03 -8.3578E-03
 -4.1820E-03 -8.5782E-03 -6.7943E-03
 -5.1076E-03 -4.9911E-03 -5.7081E-03
 -6.0001E-03 -3.0965E-03 -3.1904E-03
 -3.4580E-03 -6.3101E-03 -1.2412E-02
 -3.7548E-03 -3.5291E-03 -1.3596E-02
 -3.2340E-03 -7.5978E-03 -1.2281E-02
 -3.2233E-03 -5.9634E-03 -1.3868E-02
 -3.4610E-03 -6.7836E-03 -1.1953E-02
 -2.2467E-03 -7.1579E-03 -1.7448E-02
 -2.0910E-03 -5.8162E-03 -1.9459E-02
 -1.5821E-03 -9.7638E-03 -1.8200E-02
 -6.4919E-04 -1.1006E-02 -2.1525E-02
  1.0368E-05 -1.4338E-02 -2.1570E-02
  1.1257E-04 -1.6964E-02 -1.9594E-02
  7.8081E-04 -2.0412E-02 -1.9573E-02
  1.3122E-03 -2.0862E-02 -2.1708E-02
  8.2051E-04 -2.2657E-02 -1.7654E-02
 -7.1333E-04 -8.3300E-03 -2.3731E-02
 -1.3228E-03 -6.4147E-03 -2.2596E-02
 -9.9836E-05 -8.1425E-03 -2.6861E-02
 -9.5085E-05 -5.6030E-03 -2.9271E-02
  5.5321E-04 -5.6354E-03 -3.2362E-02
  2.9183E-04 -5.1292E-03 -3.1579E-02
  1.0518E-03 -8.0848E-03 -3.2461E-02
  1.3777E-03 -7.5646E-03 -3.4519E-02
  1.3180E-03 -1.0905E-02 -3.1094E-02
  1.1693E-04 -5.7178E-03 -3.0184E-02
 -1.2182E-04 -3.2084E-03 -3.1392E-02
  5.5911E-04 -8.6261E-03 -2.9580E-02
  7.8245E-04 -9.0572E-03 -3.0250E-02
  1.5554E-03 -1.2764E-02 -3.0489E-02
  1.2557E-03 -1.4722E-02 -2.7205E-02
  1.7337E-03 -1.7401E-02 -2.6990E-02
  5.6636E-04 -1.3680E-02 -2.4866E-02
 -9.5022E-05 -7.2290E-03 -2.7743E-02
 -7.9086E-05 -6.7045E-03 -2.8313E-02
 -8.6201E-04 -6.1613E-03 -2.5053E-02
 -1.7584E-03 -4.2731E-03 -2.2511E-02
 -2.2490E-03 -5.4572E-03 -1.9036E-02
 -1.6325E-03 -9.6667E-03 -1.8048E-02
 -2.3663E-03 -6.3539E-04 -2.3002E-02
 -3.2179E-03  1.2614E-03 -2.0684E-02
 -1.9302E-03  3.3382E-04 -2.6012E-02
 -2.4430E-03  3.7599E-03 -2.6763E-02
 -1.7885E-03  3.9495E-03 -3.0093E-02
 -2.2234E-03  7.3555E-03 -3.1199E-02
 -1.5326E-03  7.1654E-03 -3.4347E-02
 -1.7266E-03  7.4204E-03 -3.3653E-02
 -1.5384E-03  4.9877E-03 -3.2273E-02
 -1.7470E-03  5.4941E-03 -3.1744E-02
 -1.1340E-03  2.0461E-03 -3.1456E-02
 -2.9104E-03  6.1351E-03 -2.6744E-02
 -3.5791E-03  9.1221E-03 -2.6331E-02
 -2.5791E-03  4.7938E-03 -2.7079E-02
 -2.9723E-03  6.8296E-03 -2.7099E-02
 -2.2016E-03  5.7707E-03 -2.9815E-02
 -1.5962E-03  6.3593E-03 -3.3283E-02
 -7.1873E-04  3.6646E-03 -3.4976E-02
 -1.9079E-03  9.1991E-03 -3.4451E-02
 -3.6227E-03  6.6380E-03 -2.3787E-02
 -4.0847E-03  8.4364E-03 -2.3252E-02
 -3.6433E-03  4.3965E-03 -2.1581E-02
 -4.2286E-03  3.9486E-03 -1.8342E-02
 -3.6132E-03  2.5973E-04 -1.7839E-02
 -2.8943E-03 -1.7589E-03 -1.9403E-02
 -2.2017E-03 -3.6354E-04 -1.4054E-02
 -2.9640E-03 -1.9988E-03 -1.3791E-02
 -3.2364E-03 -2.6997E-03 -1.4052E-02
 -3.0008E-03 -1.8470E-03 -1.3075E-02
 -2.4711E-03 -9.1512E-04 -1.3881E-02
 -2.2761E-03 -1.9155E-04 -1.3019E-02
 -2.6052E-03 -3.7838E-04 -1.1324E-02
 -3.1332E-03 -1.2993E-03 -1.0497E-02
 -3.3274E-03 -2.0265E-03 -1.1375E-02
 -3.3543E-03 -2.3172E-03 -1.2076E-02
 -3.0544E-03 -1.2776E-03 -1.0973E-02
 -4.0121E-03 -3.7416E-03 -1.1890E-02
 -4.4596E-03 -4.2400E-03 -1.0329E-02
 -4.7125E-03 -4.8851E-03 -1.0554E-02
 -5.2330E-03 -5.5870E-03 -9.1115E-03
 -5.3857E-03 -6.1367E-03 -9.7352E-03
 -4.9292E-03 -4.4195E-03 -7.6452E-03
 -5.0870E-03 -5.4868E-03 -9.8105E-03
 -5.5252E-03 -6.7306E-03 -1.0584E-02
 -5.0865E-03 -5.0770E-03 -8.5663E-03
 -5.6444E-03 -6.1067E-03 -7.8642E-03
 -5.3181E-03 -5.1676E-03 -7.2485E-03
 -5.7387E-03 -5.9583E-03 -6.7635E-03
 -5.2307E-03 -4.7180E-03 -6.4807E-03
 -6.0816E-03 -7.1693E-03 -8.0931E-03
 -6.1750E-03 -6.8434E-03 -6.4585E-03
 -6.0216E-03 -6.0916E-03 -5.2238E-03
 -6.7997E-03 -8.3314E-03 -6.6932E-03
 -7.3502E-03 -9.1977E-03 -5.5448E-03
 -7.7070E-03 -1.0359E-02 -6.6259E-03
 -8.3796E-03 -1.1557E-02 -5.6479E-03
 -8.9529E-03 -1.2895E-02 -5.7800E-03
 -8.3414E-03 -1.1193E-02 -4.8037E-03
 -7.8807E-03 -9.9905E-03 -4.3100E-03
 -8.2599E-03 -1.1013E-02 -4.8140E-03
 -7.8907E-03 -9.4875E-03 -2.7097E-03
 -8.3913E-03 -1.0201E-02 -1.4381E-03
 -8.3207E-03 -1.0038E-02 -1.4293E-03
 -8.8573E-03 -1.1091E-02 -9.4486E-04
 -7.6714E-03 -8.7767E-03 -2.0534E-03
 -7.5374E-03 -8.4779E-03 -2.0651E-03
 -7.6262E-03 -9.1847E-03 -3.6068E-03
 -7.5146E-03 -8.9215E-03 -3.5731E-03
 -6.8478E-03 -7.6415E-03 -4.2611E-03
 -6.7310E-03 -7.3144E-03 -4.0682E-03
 -7.2710E-03 -8.2506E-03 -3.2049E-03
 -7.9363E-03 -9.5302E-03 -2.5263E-03
 -8.0588E-03 -9.8676E-03 -2.7112E-03
 -6.7789E-03 -6.7618E-03 -2.0560E-03
 -6.3194E-03 -6.0558E-03 -3.0663E-03
 -6.6303E-03 -6.0805E-03 -1.0034E-03
 -5.8936E-03 -4.4182E-03 -1.0085E-03
 -5.9943E-03 -4.0904E-03  6.8255E-04
 -6.5774E-03 -5.3611E-03  8.2350E-04
 -7.1011E-03 -6.7549E-03  1.8108E-04
 -7.6855E-03 -7.5988E-03  1.6306E-03
 -7.6655E-03 -7.4092E-03  2.0707E-03
 -8.2185E-03 -8.5728E-03  2.3311E-03
 -8.7953E-03 -9.4005E-03  3.7779E-03
 -9.5011E-03 -1.1104E-02  3.4460E-03
 -9.6556E-03 -1.1833E-02  2.2879E-03
 -1.0318E-02 -1.3466E-02  1.8717E-03
 -1.0163E-02 -1.3710E-02  6.1396E-05
 -1.0152E-02 -1.3971E-02 -8.1132E-04
 -9.9989E-03 -1.4169E-02 -2.4664E-03
 -1.0315E-02 -1.4083E-02 -3.0773E-05
 -8.7835E-03 -8.8551E-03  5.3573E-03
 -9.1861E-03 -9.3145E-03  6.7273E-03
 -8.3190E-03 -7.8654E-03  5.1765E-03
 -8.2792E-03 -7.3112E-03  6.5905E-03
 -8.7437E-03 -8.3220E-03  6.7070E-03
 -9.4970E-03 -9.9986E-03  6.7827E-03
 -8.4585E-03 -8.1537E-03  5.2579E-03
 -7.5210E-03 -5.6838E-03  6.3314E-03
 -7.1060E-03 -5.2109E-03  4.9171E-03
 -7.3446E-03 -4.8428E-03  7.6789E-03
 -6.6329E-03 -3.2589E-03  7.6073E-03
 -6.5584E-03 -2.5160E-03  9.3575E-03
 -5.8968E-03 -1.0788E-03  9.1835E-03
 -6.5120E-03 -2.0861E-03  1.0348E-02
 -6.6073E-03 -1.6989E-03  1.2182E-02
 -6.4801E-03 -3.2782E-03  6.4972E-03
 -5.8746E-03 -2.1917E-03  5.6417E-03
 -7.0740E-03 -5.7903E-03  3.9277E-03
 -7.9263E-03 -6.5296E-03  4.8677E-03
 -8.1017E-03 -6.7122E-03  4.1617E-03
 -8.0091E-03 -6.6810E-03  2.6110E-03
 -6.9847E-03 -5.7554E-03  2.5717E-03
 -6.9705E-03 -5.7861E-03  1.2879E-03
 -6.3792E-03 -5.2868E-03  2.3554E-04
 -7.6363E-03 -6.3862E-03  1.3547E-03
 -7.6616E-03 -6.4489E-03  1.8218E-04
 -8.6410E-03 -7.3284E-03  3.7702E-04
 -9.6463E-03 -8.2558E-03 -1.4646E-04
 -1.0667E-02 -9.1626E-03  3.5696E-04
 -1.0567E-02 -9.0387E-03  1.3250E-03
 -1.1549E-02 -9.9746E-03 -6.7511E-05
 -6.6521E-03 -5.5371E-03  1.3434E-04
 -6.2128E-03 -5.1791E-03 -1.0321E-03
 -6.2691E-03 -5.1471E-03  1.4138E-03
 -5.3120E-03 -4.2768E-03  1.5440E-03
 -5.1996E-03 -4.1212E-03  3.1320E-03
 -4.3007E-03 -3.3792E-03  1.0294E-03
 -3.5882E-03 -2.7585E-03  3.2105E-04
 -4.2350E-03 -3.3067E-03  1.4153E-03
 -3.3062E-03 -2.4799E-03  1.0143E-03
 -3.3719E-03 -2.5124E-03  1.8074E-03
 -2.2760E-03 -1.5104E-03  2.1135E-03
 -1.9215E-03 -1.2165E-03  1.3228E-03
 -1.7547E-03 -1.0049E-03  3.1126E-03
 -3.2186E-03 -2.4562E-03 -6.2854E-04
 -2.3333E-03 -1.6763E-03 -1.2496E-03
 -4.1402E-03 -3.3139E-03 -1.3288E-03
 -4.1786E-03 -3.4023E-03 -2.9140E-03
 -5.2970E-03 -4.4301E-03 -3.3808E-03
 -3.8106E-03 -3.0961E-03 -3.7027E-03
 -3.2731E-03 -2.6480E-03 -4.8330E-03
 -4.1009E-03 -3.3391E-03 -3.1227E-03
 -3.7392E-03 -3.0350E-03 -3.8076E-03
 -4.1627E-03 -3.3904E-03 -2.9871E-03
 -5.2731E-03 -4.4103E-03 -3.4345E-03
 -5.7372E-03 -4.7891E-03 -2.2207E-03
 -5.2176E-03 -4.3487E-03 -3.1003E-03
 -2.5277E-03 -1.9386E-03 -3.7982E-03
 -2.0206E-03 -1.5153E-03 -4.8494E-03
 -2.0545E-03 -1.4703E-03 -2.6140E-03
 -8.8311E-04 -4.0733E-04 -2.5249E-03
 -5.0711E-04 -1.5278E-05 -9.9526E-04
  7.1054E-04  1.0920E-03 -8.3178E-04
  1.0774E-03  1.4773E-03  7.4176E-04
  1.1473E-03  1.5639E-03  1.4333E-03
  1.8345E-03  2.2303E-03  2.7463E-03
 -3.5895E-04  2.9078E-05 -3.6420E-03
  4.4509E-04  7.3246E-04 -4.3540E-03
 -8.3526E-04 -4.0676E-04 -3.7854E-03
 -4.4728E-04 -8.9491E-05 -4.7823E-03
 -1.0663E-03 -6.4048E-04 -4.5123E-03
 -9.6378E-04 -4.9556E-04 -2.9743E-03
  9.3335E-05  4.6849E-04 -2.7517E-03
  7.8013E-04  1.1183E-03 -1.9146E-03
  2.2956E-04  5.6942E-04 -3.4105E-03
 -5.1351E-04 -2.0311E-04 -6.3667E-03
  1.3657E-04  3.5434E-04 -7.2738E-03
 -1.3145E-03 -9.3966E-04 -6.7135E-03
 -1.4291E-03 -1.0937E-03 -8.1989E-03
 -2.5986E-03 -2.1615E-03 -8.4826E-03
 -6.8188E-04 -4.2847E-04 -8.5207E-03
 -6.9249E-04 -4.7886E-04 -9.7242E-03
 -5.7647E-05  1.7320E-04 -7.4335E-03
  6.9824E-04  8.5150E-04 -7.6000E-03
  2.2296E-04  4.3143E-04 -7.3059E-03
  7.4423E-04  8.9311E-04 -7.5998E-03
  4.9351E-04  5.2432E-03 -4.3026E-03
  1.5684E-04  4.0283E-03 -5.0109E-03
 -5.8253E-04  1.4041E-03 -4.7983E-03
 -9.3982E-04  1.1488E-04 -5.5453E-03
 -7.8054E-04  6.6000E-04 -6.4067E-03
 -1.4795E-03 -1.8171E-03 -6.0607E-03
  3.4183E-04  4.7257E-03 -3.4190E-03
  4.1758E-05  3.7055E-03 -1.5265E-03
  8.4538E-04  6.4990E-03 -4.1253E-03
  1.0409E-03  7.2303E-03 -2.6783E-03
  1.7732E-03  9.8270E-03 -2.9929E-03
  1.9608E-03  1.0431E-02 -5.5420E-03
  2.2211E-03  1.1347E-02 -5.9172E-03
  1.8585E-03  1.0026E-02 -7.1847E-03
  6.6327E-04  5.8679E-03 -3.4596E-03
  3.6884E-04  4.7737E-03 -5.3568E-03
  6.5607E-04  5.8794E-03 -1.9651E-03
  3.1610E-04  4.6566E-03 -2.5179E-03
 -3.5896E-04  2.2890E-03 -1.1767E-03
 -2.9290E-04  2.5907E-03  1.5134E-03
 -8.3065E-04  5.9265E-04 -1.9373E-03
  7.3986E-04  6.1803E-03 -1.8458E-03
  1.0276E-03  7.2500E-03  2.5493E-05
  7.7838E-04  6.2795E-03 -3.3702E-03
  1.1817E-03  7.7280E-03 -2.8047E-03
  1.3050E-03  8.1105E-03 -5.0563E-03
  1.6091E-03  9.1431E-03 -7.0335E-03
  1.2607E-03  7.8615E-03 -8.7391E-03
  2.1957E-03  1.1234E-02 -6.8360E-03
  8.7539E-04  6.6860E-03 -8.9286E-04
  1.2276E-03  7.9734E-03  5.0927E-04
  2.2988E-04  4.3888E-03 -9.5040E-04
 -1.0785E-04  3.2300E-03  7.5605E-04
 -2.7727E-04  2.5990E-03 -3.9213E-04
  2.9632E-04  4.6193E-03 -1.1850E-03
  5.8297E-04  5.6765E-03  3.3669E-04
  1.1300E-03  7.6025E-03 -4.5313E-04
  1.3832E-03  8.4449E-03 -2.7942E-03
  1.9204E-03  1.0334E-02 -3.6723E-03
  1.1019E-03  7.4069E-03 -4.3061E-03
  5.6165E-04  5.5055E-03 -3.4990E-03
 -7.3347E-04  1.0311E-03  1.8055E-03
 -1.1246E-03 -3.8982E-04  5.9898E-04
 -8.4920E-04  6.7499E-04  4.0422E-03
 -1.4343E-03 -1.3722E-03  5.3974E-03
 -1.2878E-03 -7.9908E-04  7.4978E-03
 -9.6867E-04  3.1309E-04  6.5822E-03
 -1.9090E-03 -2.9740E-03  8.8840E-03
 -1.6431E-03 -2.0910E-03  6.3597E-03
 -1.3031E-03 -8.4635E-04  7.7937E-03
 -2.1783E-03 -4.0181E-03  5.4040E-03
 -2.4305E-03 -4.8977E-03  6.0946E-03
 -2.5758E-03 -5.4706E-03  3.8447E-03
 -2.0438E-03 -3.6276E-03  1.8623E-03
 -1.4441E-03 -1.4730E-03  2.7356E-03
 -2.3160E-03 -4.6494E-03 -2.9701E-04
 -3.0500E-03 -7.0643E-03  7.5723E-03
 -3.4611E-03 -8.5421E-03  6.9493E-03
 -3.1032E-03 -7.2036E-03  9.5920E-03
 -3.6845E-03 -9.2335E-03  1.1105E-02
 -3.5197E-03 -8.5821E-03  1.3735E-02
 -4.1337E-03 -1.0727E-02  1.5295E-02
 -4.0275E-03 -1.0283E-02  1.7966E-02
 -4.5267E-03 -1.2025E-02  1.9318E-02
 -3.4577E-03 -8.2381E-03  1.8707E-02
 -4.0161E-03 -1.0418E-02  1.0885E-02
 -3.7460E-03 -9.4414E-03  1.1539E-02
 -4.5957E-03 -1.2504E-02  9.8991E-03
 -4.9631E-03 -1.3819E-02  9.5684E-03
 -5.4167E-03 -1.5483E-02  7.4987E-03
 -5.6456E-03 -1.6325E-02  6.3821E-03
 -6.2640E-03 -1.8509E-02  6.9870E-03
 -6.5176E-03 -1.9442E-02  5.7604E-03
 -6.1450E-03 -1.8162E-02  3.9267E-03
 -5.5207E-03 -1.5957E-02  3.3291E-03
 -5.2779E-03 -1.5062E-02  4.5641E-03
 -5.3364E-03 -1.5088E-02  1.1919E-02
 -5.8210E-03 -1.6798E-02  1.2460E-02
 -5.1204E-03 -1.4286E-02  1.3289E-02
 -5.4117E-03 -1.5263E-02  1.5662E-02
 -4.8564E-03 -1.3247E-02  1.7328E-02
 -5.0725E-03 -1.3951E-02  1.9904E-02
 -4.9247E-03 -1.3397E-02  2.1054E-02
 -5.3874E-03 -1.5050E-02  2.0772E-02
 -5.9426E-03 -1.7144E-02  1.5933E-02
 -5.8252E-03 -1.6741E-02  1.5348E-02
 -8.7477E-03 -2.3049E-02  1.2911E-02
 -6.7844E-03 -1.9276E-02  1.1204E-02
 -4.6554E-03 -1.5867E-02  1.5049E-02
 -5.3735E-03 -1.7702E-02  1.9475E-02
 -2.6953E-03 -1.2033E-02  1.2782E-02
 -5.9522E-03 -1.7253E-02  6.9381E-03
 -5.1987E-03 -1.5957E-02  7.5549E-03
 -6.1431E-03 -1.7075E-02  2.5484E-03
 -7.0438E-03 -1.8624E-02  1.8181E-03
 -7.6039E-03 -1.8988E-02 -3.6481E-03
 -5.5881E-03 -1.5114E-02 -5.4028E-03
 -5.4760E-03 -1.5311E-02 -2.0591E-03
 -3.0414E-03 -1.0939E-02 -1.6204E-03
 -1.2778E-03 -7.9537E-03  2.2254E-04
 -2.9457E-03 -1.0533E-02 -3.5579E-03
 -7.3830E-04 -6.5446E-03 -3.3600E-03
 -9.7525E-04 -6.5637E-03 -6.7988E-03
 -2.3438E-03 -9.2885E-03 -4.8150E-03
 -2.6032E-03 -9.4526E-03 -7.3816E-03
 -3.1196E-03 -1.1189E-02 -7.1210E-04
  1.3600E-03 -2.5965E-03 -4.4840E-03
  3.2462E-03  5.2137E-04 -1.8921E-03
  1.0553E-03 -2.6786E-03 -8.4247E-03
  2.9989E-03  1.0272E-03 -9.8747E-03
  2.2849E-03  3.0111E-04 -1.4651E-02
  2.2823E-03  8.4768E-04 -1.9258E-02
  4.5374E-03  4.9593E-03 -1.9367E-02
  4.3011E-03  4.5806E-03 -1.9791E-02
  6.5175E-03  8.5152E-03 -1.9008E-02
  3.8871E-03  2.1717E-03 -5.9488E-03
  6.0083E-03  5.9238E-03 -5.0867E-03
  2.2622E-03 -1.0715E-03 -3.5248E-03
  2.9820E-03 -2.1667E-04  2.6297E-04
  8.6151E-04 -4.2381E-03  1.6633E-03
  1.7164E-04 -5.0719E-03 -1.8465E-03
 -1.4328E-03 -8.2775E-03  5.7417E-04
 -1.0331E-03 -6.6753E-03 -6.7449E-03
  4.3303E-03  1.7201E-03  4.5561E-03
  6.1334E-03  4.7478E-03  6.6400E-03
  3.5438E-03  1.5459E-04  5.6934E-03
  4.7588E-03  1.8829E-03  9.7043E-03
  3.4053E-03 -6.9861E-04  1.0719E-02
  4.9686E-03  1.7342E-03  1.4132E-02
  1.1250E-03 -5.1156E-03  1.2998E-02
 -4.0286E-04 -7.9336E-03  1.3342E-02
  7.2310E-03  6.5393E-03  8.3399E-03
  8.9741E-03  9.3396E-03  1.1411E-02
  7.3477E-03  7.2927E-03  3.8151E-03
  9.5827E-03  1.1574E-02  1.9808E-03
  9.2732E-03  1.1671E-02 -3.5307E-03
  7.5338E-03  8.6393E-03 -4.6106E-03
  1.1606E-02  1.6099E-02 -5.1014E-03
  1.1329E-02  1.4668E-02  2.6450E-03
  1.3354E-02  1.8124E-02  4.5230E-03
  1.0495E-02  1.3320E-02  1.2409E-03
  1.1927E-02  1.5874E-02  1.6457E-03
  1.0545E-02  1.3658E-02 -8.1890E-04
  9.9040E-03  1.3154E-02 -6.3358E-03
  8.3413E-03  1.0572E-02 -8.4929E-03
  1.0932E-02  1.5285E-02 -8.5352E-03
  1.2700E-02  1.6646E-02  6.9358E-03
  1.4676E-02  2.0095E-02  8.1273E-03
  1.1120E-02  1.3399E-02  1.0083E-02
  1.1635E-02  1.3716E-02  1.5250E-02
  9.3929E-03  9.3245E-03  1.7899E-02
  7.5710E-03  6.1972E-03  1.6361E-02
  5.2272E-03  1.6837E-03  1.8482E-02
  3.5293E-03 -1.2116E-03  1.6889E-02
  1.4404E-03 -5.2148E-03  1.8616E-02
  1.3875E-05 -7.6105E-03  1.6971E-02
  7.6016E-04 -6.8524E-03  2.1970E-02
  1.3498E-02  1.6812E-02  1.7674E-02
  1.4658E-02  1.8469E-02  2.1442E-02
  1.3911E-02  1.7837E-02  1.5378E-02
  1.5610E-02  2.0650E-02  1.7680E-02
  1.4404E-02  1.8350E-02  1.8575E-02
  1.6236E-02  2.1488E-02  2.0185E-02
  1.2685E-02  1.4762E-02  2.2449E-02
  1.0769E-02  1.1314E-02  2.2176E-02
  1.7851E-02  2.5006E-02  1.5309E-02
  1.9772E-02  2.8208E-02  1.7735E-02
  2.3883E-02  3.1440E-02  1.5041E-02
  2.1515E-02  2.8370E-02  1.6777E-02
  2.2513E-02  2.8429E-02  2.1007E-02
  2.3275E-02  2.8407E-02  2.4504E-02
  2.4985E-02  3.1252E-02  2.0732E-02
  1.9170E-02  2.5679E-02  1.7087E-02
  1.6612E-02  2.3044E-02  1.6221E-02
  2.0045E-02  2.6434E-02  1.7972E-02
  1.8002E-02  2.4047E-02  1.8416E-02
  1.6479E-02  2.3341E-02  1.4432E-02
  1.6051E-02  2.2894E-02  1.4312E-02
  1.5688E-02  2.3281E-02  1.1133E-02
  1.4211E-02  2.2593E-02  7.2815E-03
  1.6134E-02  2.5560E-02  3.9672E-03
  1.6581E-02  2.6662E-02  1.5423E-03
  1.8258E-02  2.9385E-02 -1.8864E-03
  1.9047E-02  3.0777E-02 -3.9457E-03
  2.1709E-02  3.3841E-02 -4.3398E-03
  2.2237E-02  3.4897E-02 -6.2170E-03
  2.3845E-02  3.5868E-02 -2.9191E-03
  1.1385E-02  1.9857E-02  5.6212E-03
  1.1146E-02  1.9611E-02  5.5384E-03
  9.2284E-03  1.7710E-02  4.5912E-03
  6.2630E-03  1.4815E-02  2.9454E-03
  4.2168E-03  1.1969E-02  5.2157E-03
  5.0851E-03  1.1758E-02  9.9545E-03
  4.7061E-03  1.0776E-02  1.2203E-02
  5.2431E-03  1.0249E-02  1.6726E-02
  7.6199E-03  1.2265E-02  1.9268E-02
  7.9175E-03  1.1586E-02  2.3329E-02
  9.6800E-03  1.4932E-02  1.7773E-02
  5.6792E-03  1.5310E-02 -1.6602E-03
  6.5657E-03  1.6585E-02 -2.8107E-03
  4.0690E-03  1.4157E-02 -4.2374E-03
  3.4393E-03  1.4565E-02 -8.6945E-03
  5.0860E-03  1.6966E-02 -1.0969E-02
  3.8652E-03  1.5545E-02 -1.0728E-02
  8.2655E-03  2.0038E-02 -9.0767E-03
  2.5694E-04  1.1479E-02 -1.0548E-02
 -1.3273E-03  9.3436E-03 -9.0596E-03
 -7.2192E-04  1.1173E-02 -1.3698E-02
 -3.6872E-03  8.3760E-03 -1.5739E-02
 -4.9535E-03  7.4364E-03 -1.7634E-02
 -7.9873E-03  4.6008E-03 -1.9825E-02
 -9.3452E-03  4.0204E-03 -2.3574E-02
 -1.2070E-02  1.1410E-03 -2.4205E-02
 -1.2383E-02 -1.7595E-05 -2.0953E-02
 -9.9540E-03  2.0179E-03 -1.8253E-02
 -3.6657E-03  9.2564E-03 -1.9180E-02
 -2.9389E-03  1.0888E-02 -2.2482E-02
 -4.4760E-03  8.1543E-03 -1.8380E-02
 -4.5015E-03  8.8613E-03 -2.1335E-02
 -6.0438E-03  6.7963E-03 -1.9945E-02
 -5.5441E-03  8.8570E-03 -2.5987E-02
 -3.8371E-03  1.1366E-02 -2.8423E-02
 -8.3207E-03  6.0843E-03 -2.7279E-02
 -1.0745E-02  2.8283E-03 -2.5050E-02
 -1.3024E-02  1.1171E-03 -2.8380E-02
 -1.2663E-02  2.4492E-03 -3.2117E-02
 -9.3951E-03  5.9868E-03 -3.1698E-02
 -8.6745E-03  7.1601E-03 -3.3186E-02
 -1.0599E-02  5.3847E-03 -3.4669E-02
 -5.9139E-03  1.0150E-02 -3.2839E-02
 -4.9009E-03  1.1603E-02 -3.4141E-02
 -5.9782E-03  9.8108E-03 -3.1763E-02
 -4.6993E-03  1.0170E-02 -2.7478E-02
 -1.6445E-03  1.5001E-02 -3.3212E-02
 -2.2048E-04  1.7120E-02 -3.5350E-02
 -5.0787E-04  1.5437E-02 -2.9873E-02
  2.5530E-03  1.8529E-02 -2.8593E-02
  3.8790E-03  1.9279E-02 -2.5667E-02
  6.4557E-03  2.1790E-02 -2.4221E-02
  3.4216E-03  1.8284E-02 -3.1500E-02
  4.8969E-03  1.9403E-02 -2.7778E-02
  1.9938E-03  1.6432E-02 -2.6839E-02
  2.3602E-03  1.7096E-02 -3.0061E-02
 -6.3494E-04  1.4531E-02 -3.4464E-02
 -4.3699E-03  1.0650E-02 -3.2619E-02
 -7.4412E-03  7.8900E-03 -3.5739E-02
 -1.0717E-02  4.4521E-03 -3.3761E-02
 -7.2494E-03  8.5569E-03 -4.0853E-02
  6.2752E-03  2.0294E-02 -2.2653E-02
  4.4618E-03  1.8314E-02 -2.0731E-02
  9.4470E-03  2.3237E-02 -2.0431E-02
  1.1134E-02  2.4466E-02 -1.5627E-02
  1.4737E-02  2.8142E-02 -1.6684E-02
  1.5968E-02  2.8934E-02 -1.2057E-02
  1.7812E-02  3.1324E-02 -1.8058E-02
  1.1944E-02  2.4865E-02 -1.1280E-02
  1.3387E-02  2.6377E-02 -1.2124E-02
  1.1038E-02  2.3531E-02 -6.6130E-03
  1.1553E-02  2.3615E-02 -2.0318E-03
  7.7868E-03  1.9675E-02  1.1281E-04
  5.1149E-03  1.7392E-02 -3.8709E-03
  2.8269E-03  1.5425E-02 -7.1448E-03
  5.5524E-04  1.3539E-02 -1.1124E-02
  5.6222E-04  1.3612E-02 -1.1837E-02
 -1.6485E-03  1.1791E-02 -1.5858E-02
  2.8032E-03  1.5536E-02 -8.5960E-03
  5.0513E-03  1.7400E-02 -4.6363E-03
  1.3841E-02  2.5509E-02  2.0327E-03
  1.4465E-02  2.6183E-02  1.4419E-03
  1.5212E-02  2.6498E-02  6.0318E-03
  1.7274E-02  2.8129E-02  1.0508E-02
  2.1476E-02  3.2330E-02  1.0208E-02
  2.3550E-02  3.3996E-02  1.4435E-02
  2.4898E-02  3.5329E-02  1.4495E-02
  2.6358E-02  3.6316E-02  1.9466E-02
  2.5926E-02  3.5621E-02  2.2334E-02
  2.4243E-02  3.4223E-02  1.9391E-02
  1.6113E-02  2.6517E-02  1.5438E-02
  1.7158E-02  2.7460E-02  1.6448E-02
  1.4048E-02  2.4179E-02  1.8511E-02
  1.2641E-02  2.2335E-02  2.3303E-02
  1.1856E-02  2.1203E-02  2.7092E-02
  1.5299E-02  2.4513E-02  2.8270E-02
  8.6738E-03  1.8254E-02  2.4821E-02
  1.5121E-02  2.4539E-02  2.6088E-02
  1.3751E-02  2.2953E-02  2.8512E-02
  1.8760E-02  2.8177E-02  2.5832E-02
  2.1297E-02  3.0473E-02  2.8234E-02
  2.4660E-02  3.3542E-02  3.1142E-02
  2.3897E-02  3.2316E-02  3.6176E-02
  2.3040E-02  3.1554E-02  3.5213E-02
  2.2163E-02  3.0221E-02  4.0181E-02
  2.1226E-02  2.9391E-02  3.9092E-02
  2.2634E-02  3.2177E-02  2.4204E-02
  2.1810E-02  3.1342E-02  2.4371E-02
  2.4484E-02  3.4368E-02  2.0413E-02
  2.6152E-02  3.6400E-02  1.6375E-02
  2.8777E-02  3.9286E-02  1.3384E-02
  3.1217E-02  4.1385E-02  1.6864E-02
  3.1976E-02  4.2277E-02  1.5378E-02
  3.3950E-02  4.3921E-02  1.8773E-02
  3.5191E-02  4.4695E-02  2.3698E-02
  3.4472E-02  4.3841E-02  2.5203E-02
  3.2511E-02  4.2211E-02  2.1797E-02
  2.3706E-02  3.4314E-02  1.2686E-02
  2.4723E-02  3.5425E-02  1.1603E-02
  2.0613E-02  3.1442E-02  1.0551E-02
  1.8059E-02  2.9231E-02  7.0395E-03
  1.9054E-02  3.0756E-02  1.2855E-03
  1.7904E-02  2.9866E-02 -1.4236E-03
  1.5810E-02  2.8198E-02 -5.8405E-03
  1.8901E-02  3.0685E-02  4.1775E-04
  1.4089E-02  2.5224E-02  7.7334E-03
  1.2262E-02  2.3726E-02  4.3352E-03
  1.2719E-02  2.3441E-02  1.2264E-02
  1.4512E-02  2.4828E-02  1.6487E-02
  1.1235E-02  2.1320E-02  1.9218E-02
  8.6781E-03  1.8804E-02  1.8963E-02
  8.9287E-03  1.9571E-02  1.3399E-02
  6.0310E-03  1.7034E-02  9.7377E-03
  6.7747E-03  1.7995E-02  7.3504E-03
  2.7995E-03  1.3907E-02  8.8532E-03
  1.6518E-03  1.2659E-02  1.0012E-02
 -2.4486E-03  8.7233E-03  8.5458E-03
 -2.7004E-03  8.9028E-03  3.9349E-03
  3.5972E-05  1.1485E-02  5.3926E-03
 -1.6828E-03  9.4847E-03  8.5371E-03
 -1.4462E-03  9.2720E-03  1.3343E-02
 -3.8745E-03  3.7126E-03  6.1526E-04
 -5.4708E-03  2.3378E-04  1.8170E-03
 -7.8675E-03 -1.8967E-03 -3.9203E-03
 -6.6082E-03  2.3536E-03 -8.5408E-03
 -9.1729E-03 -8.4544E-05 -1.4294E-02
 -8.0179E-03  4.2062E-03 -1.9488E-02
 -1.0499E-02  1.9590E-03 -2.5326E-02
 -6.9690E-03 -4.4072E-03  6.3001E-03
 -6.5720E-03 -5.5490E-03  1.0895E-02
 -8.7676E-03 -7.1675E-03  4.8271E-03
 -1.0218E-02 -1.1539E-02  8.8695E-03
 -1.3402E-02 -1.6133E-02  5.5477E-03
 -1.5249E-02 -1.7686E-02  9.1418E-04
 -1.5008E-02 -2.0946E-02  9.9615E-03
 -8.0571E-03 -8.6521E-03  1.1688E-02
 -8.0725E-03 -7.5332E-03  8.8892E-03
 -6.0169E-03 -7.0056E-03  1.6979E-02
 -3.7767E-03 -4.1019E-03  2.0117E-02
 -1.8608E-03 -3.0347E-03  2.6254E-02
  6.9791E-04  2.5926E-04  2.9893E-02
  3.5483E-03  6.3238E-03  2.8107E-02
  4.4991E-03  8.5858E-03  2.6928E-02
  4.8884E-03  8.8330E-03  2.8101E-02
 -5.2251E-03 -6.9768E-03  2.0521E-02
 -7.4390E-03 -1.1822E-02  2.2239E-02
 -3.9961E-03 -3.9325E-03  1.8703E-02
 -5.1291E-03 -6.0518E-03  1.8703E-02
 -7.6856E-03 -8.4843E-03  1.2973E-02
 -8.7441E-03 -1.0063E-02  1.1995E-02
 -8.5641E-03 -8.5116E-03  9.0329E-03
 -1.1036E-02 -1.0826E-02  3.3997E-03
 -1.3605E-02 -1.5608E-02  3.3420E-03
 -1.4852E-02 -2.0001E-02  8.3678E-03
 -1.7343E-02 -2.4013E-02  6.7890E-03
 -1.9107E-02 -2.9072E-02  1.1080E-02
 -2.1948E-02 -3.3553E-02  9.0448E-03
 -1.0003E-02 -6.7623E-03 -1.7961E-03
 -8.4077E-03 -3.8776E-03 -1.5542E-03
 -1.0990E-02 -6.6570E-03 -6.5550E-03
 -1.0226E-02 -3.0214E-03 -1.1934E-02
 -1.0902E-02 -2.5943E-03 -1.6062E-02
 -1.0720E-02  2.4694E-04 -2.2159E-02
 -1.2947E-02 -2.1141E-03 -2.6561E-02
 -8.4076E-03  4.7508E-03 -2.2594E-02
 -1.1999E-02 -5.0208E-03 -1.5148E-02
 -1.4808E-02 -9.5806E-03 -1.6840E-02
 -1.0329E-02 -1.4634E-03 -1.6206E-02
 -1.1590E-02 -2.6519E-03 -1.9061E-02
 -9.0114E-03  2.1883E-03 -1.9100E-02
 -6.9258E-03  3.5528E-03 -1.2914E-02
 -4.3415E-03  8.1648E-03 -1.2372E-02
 -7.8854E-03 -1.2511E-07 -8.6268E-03
 -1.3941E-02 -4.5100E-03 -2.5253E-02
 -1.5854E-02 -7.4085E-03 -2.6912E-02
 -1.3773E-02 -2.7767E-03 -2.8714E-02
 -1.5896E-02 -4.2620E-03 -3.4773E-02
 -1.4250E-02  5.2633E-04 -3.8942E-02
 -1.2881E-02  4.0419E-03 -4.1272E-02
 -1.6395E-02 -1.3696E-03 -4.4104E-02
 -1.8812E-02 -9.4379E-03 -3.5456E-02
 -2.1173E-02 -1.2226E-02 -3.9425E-02
 -1.8693E-02 -1.0848E-02 -3.1475E-02
 -2.1372E-02 -1.5696E-02 -3.1870E-02
 -2.0745E-02 -1.4281E-02 -3.2462E-02
 -1.9775E-02 -1.0257E-02 -3.7850E-02
 -1.8371E-02 -1.1986E-02 -2.7228E-02
 -2.2490E-02 -1.9967E-02 -2.6558E-02
 -2.5068E-02 -2.4653E-02 -2.6889E-02
 -2.0599E-02 -1.8409E-02 -2.1729E-02
 -2.1478E-02 -2.2205E-02 -1.6483E-02
 -2.1587E-02 -2.3299E-02 -1.4312E-02
 -2.3563E-02 -2.7824E-02 -1.2290E-02
 -1.7626E-02 -1.5267E-02 -1.1441E-02
 -1.6490E-02 -1.4436E-02 -1.0303E-02
 -1.7085E-02 -1.1775E-02 -1.3555E-02
 -1.6820E-02 -1.1662E-02 -1.3220E-02
 -1.7710E-02 -9.2815E-03 -1.6712E-02
 -1.6720E-02 -7.7428E-03 -1.6418E-02
 -1.9389E-02 -8.9229E-03 -1.9753E-02
 -1.3510E-02 -1.2530E-02 -7.0837E-03
 -1.2272E-02 -1.0227E-02 -7.0430E-03
 -1.2363E-02 -1.3492E-02 -4.3917E-03
 -9.5372E-03 -1.1881E-02 -1.1698E-03
 -8.7531E-03 -1.3744E-02  1.7048E-03
 -9.7819E-03 -1.7934E-02  3.6231E-03
 -7.6962E-03 -1.8486E-02  7.4929E-03
 -7.4876E-03 -2.1055E-02  1.0036E-02
 -6.2906E-03 -1.6399E-02  7.9929E-03
 -7.7696E-03 -7.5202E-03 -2.0314E-03
 -8.4056E-03 -5.6696E-03 -4.6545E-03
 -5.5693E-03 -5.9182E-03  1.7830E-04
 -3.6440E-03 -1.8119E-03 -2.0780E-04
 -2.4683E-03 -5.8457E-04  6.5432E-04
 -4.3981E-03 -1.6543E-03 -1.5713E-03
 -5.8844E-03  2.4559E-04 -5.6215E-03
 -2.8752E-03 -4.2586E-04 -1.4449E-04
 -1.4676E-03 -7.6772E-04  2.4413E-03
 -1.1937E-03 -3.2537E-03  5.0197E-03
  1.5241E-04  2.9490E-03  1.8921E-03
  2.3158E-03  4.4367E-03  4.1397E-03
  1.5301E-03  5.4559E-03  1.9858E-03
 -2.5941E-04  1.8666E-03  2.1498E-03
  1.6861E-04  7.2796E-03 -1.7957E-03
  4.8666E-03  8.0399E-03  5.2039E-03
  5.0327E-03  9.2744E-03  4.4156E-03
  6.9045E-03  9.6350E-03  7.1551E-03
  9.3782E-03  1.3121E-02  8.1938E-03
  1.1669E-02  1.2584E-02  1.2386E-02
  1.2114E-02  1.1723E-02  1.3849E-02
  1.1084E-02  9.5047E-03  1.4073E-02
  9.8482E-03  1.5964E-02  6.5212E-03
  9.2322E-03  1.4881E-02  6.4465E-03
  1.0717E-02  1.9491E-02  4.9107E-03
  1.1257E-02  2.2427E-02  3.2719E-03
  1.1596E-02  2.5898E-02  8.4693E-04
  1.0367E-02  2.7768E-02 -2.7574E-03
  1.1294E-02  3.1727E-02 -4.6434E-03
  1.0732E-02  3.1637E-02 -5.4823E-03
  8.4308E-03  3.0751E-02 -8.4702E-03
  8.1599E-03  3.0779E-02 -8.9349E-03
  6.3840E-03  2.9789E-02 -1.0978E-02
  1.3812E-02  2.3554E-02  6.4676E-03
  1.5432E-02  2.3021E-02  9.5628E-03
  1.4150E-02  2.5028E-02  5.7529E-03
  1.6533E-02  2.6223E-02  8.6103E-03
  1.6328E-02  2.7504E-02  7.1776E-03
  1.8919E-02  2.9506E-02  9.6801E-03
  1.9947E-02  2.6930E-02  1.3564E-02
  1.8402E-02  2.3922E-02  1.3628E-02
  1.8958E-02  2.5579E-02  1.3112E-02
  1.8963E-02  2.9510E-02  9.7486E-03
  2.1030E-02  2.9631E-02  1.3012E-02
  1.8631E-02  3.2102E-02  6.9844E-03
  2.0703E-02  3.5436E-02  7.5001E-03
  1.9680E-02  3.7852E-02  3.7616E-03
  1.8607E-02  3.9063E-02  9.7524E-04
  1.6835E-02  3.9610E-02 -2.3790E-03
  1.9527E-02  3.9480E-02  2.1160E-03
  2.1634E-02  3.4259E-02  1.0026E-02
  2.3991E-02  3.6027E-02  1.2349E-02
  1.9759E-02  3.1238E-02  9.5630E-03
  2.0324E-02  2.9787E-02  1.1728E-02
  1.7740E-02  2.6675E-02  1.0189E-02
  1.5898E-02  2.7986E-02  6.0634E-03
  1.3585E-02  2.5489E-02  4.4377E-03
  1.6758E-02  3.1464E-02  4.4813E-03
  2.2046E-02  2.8266E-02  1.5836E-02
  2.3174E-02  2.7788E-02  1.8084E-02
  2.2283E-02  2.7578E-02  1.6813E-02
  2.3888E-02  2.6140E-02  2.0660E-02
  2.3916E-02  2.5927E-02  2.0888E-02
  2.1977E-02  2.1969E-02  2.1124E-02
  2.3370E-02  2.0227E-02  2.4888E-02
  2.1957E-02  1.7385E-02  2.5025E-02
  2.5697E-02  2.1432E-02  2.7645E-02
  2.6712E-02  2.8613E-02  2.3139E-02
  2.8086E-02  3.2052E-02  2.2428E-02
  2.7464E-02  2.8069E-02  4.1680E-03
  2.4672E-02  2.5187E-02  9.5405E-04
  2.5277E-02  2.6515E-02 -3.8942E-03
  2.2385E-02  2.3471E-02 -6.7580E-03
  2.3094E-02  2.4864E-02 -1.1154E-02
  2.2133E-02  2.4237E-02 -1.5131E-02
  2.4578E-02  2.6549E-02 -1.0645E-02
  2.3163E-02  2.3465E-02  5.0478E-04
  2.0343E-02  2.0141E-02  5.1414E-04
  2.5029E-02  2.5709E-02  1.5099E-04
  2.3886E-02  2.4415E-02 -2.6065E-04
  2.6560E-02  2.7649E-02 -9.1390E-04
  2.5761E-02  2.6664E-02 -5.7924E-04
  2.8189E-02  2.9130E-02  2.5384E-03
  3.0302E-02  3.1868E-02  5.8347E-04
  2.7976E-02  2.8322E-02  6.9264E-03
  2.2316E-02  2.2007E-02  4.1226E-03
  1.9916E-02  1.9225E-02  3.7667E-03
  2.3742E-02  2.3163E-02  8.2547E-03
  2.2527E-02  2.1167E-02  1.2700E-02
  2.4936E-02  2.3487E-02  1.6790E-02
  2.3832E-02  2.1586E-02  2.1516E-02
  2.7723E-02  2.6850E-02  1.6170E-02
  1.9544E-02  1.7605E-02  1.3073E-02
  1.7210E-02  1.4716E-02  1.4168E-02
  1.9559E-02  1.7773E-02  1.1884E-02
  1.6851E-02  1.4547E-02  1.2151E-02
  1.7521E-02  1.5493E-02  1.0931E-02
  2.0101E-02  1.8101E-02  1.4331E-02
  1.4654E-02  1.2081E-02  1.1194E-02
  1.4080E-02  1.1687E-02  8.9664E-03
  1.1631E-02  8.5896E-03  1.0631E-02
  1.4468E-02  1.2719E-02  4.4333E-03
  1.1943E-02  1.0163E-02  1.1336E-03
  1.2913E-02  1.1941E-02 -3.8653E-03
  1.3140E-02  1.2463E-02 -5.8712E-03
  1.2140E-02  1.1954E-02 -1.1134E-02
  1.1300E-02  1.1187E-02 -1.2895E-02
  1.3171E-02  1.3664E-02 -1.5034E-02
  1.2223E-02  1.2736E-02 -1.6524E-02
  1.5999E-02  1.7075E-02 -1.5659E-02
  1.0636E-02  8.4510E-03  2.4898E-03
  7.8939E-03  5.3481E-03  1.4737E-03
  1.2577E-02  1.0437E-02  4.8629E-03
  1.1595E-02  9.0806E-03  6.4294E-03
  1.4387E-02  1.2178E-02  7.9528E-03
  1.4694E-02  1.2909E-02  5.0408E-03
  1.8013E-02  1.6712E-02  5.8971E-03
  1.9226E-02  1.7470E-02  1.1188E-02
  2.2682E-02  2.1437E-02  1.2014E-02
  9.6489E-03  6.2603E-03  1.0578E-02
  7.2467E-03  3.4092E-03  1.0736E-02
  1.0667E-02  7.0326E-03  1.3946E-02
  8.8991E-03  4.4408E-03  1.7948E-02
  1.0468E-02  5.8831E-03  2.1149E-02
  1.3051E-02  8.4886E-03  2.4600E-02
  1.3306E-02  8.2137E-03  2.9132E-02
  1.4290E-02  9.4784E-03  2.8306E-02
  1.7192E-02  1.2806E-02  2.9038E-02
  1.7876E-02  1.3722E-02  2.8165E-02
  1.9408E-02  1.5206E-02  3.0698E-02
  5.6354E-03  8.0317E-04  1.6306E-02
  3.3809E-03 -2.0906E-03  1.8171E-02
  5.3818E-03  9.4752E-04  1.2815E-02
  2.4105E-03 -2.3330E-03  1.1074E-02
  2.7739E-03 -1.5174E-03  8.0236E-03
  4.0325E-03 -3.5036E-04  1.0513E-02
  1.7392E-03 -3.4622E-03  1.3736E-02
  4.7903E-03  1.0222E-03  6.7374E-03
  2.5053E-04 -4.5560E-03  8.5343E-03
 -2.5244E-03 -7.8953E-03  9.0786E-03
  1.4248E-03 -2.8157E-03  5.7272E-03
 -5.9853E-04 -4.8879E-03  3.2686E-03
  1.0510E-03 -2.4862E-03 -3.3690E-04
 -1.1461E-03 -4.7987E-03 -2.5160E-03
  3.9019E-03  5.7056E-04  2.0496E-03
 -1.8194E-03 -6.7966E-03  6.9696E-03
 -4.6077E-03 -1.0084E-02  6.9765E-03
  3.1953E-04 -4.6982E-03  1.0295E-02
 -2.6760E-04 -5.8846E-03  1.4189E-02
  2.7636E-03 -2.7127E-03  1.7341E-02
  3.3368E-03 -2.3520E-03  1.9820E-02
  2.8768E-03 -3.5557E-03  2.5030E-02
  1.3921E-03 -5.5311E-03  2.6808E-02
  4.0141E-03 -2.5080E-03  2.7334E-02
 -2.8355E-03 -9.2554E-03  1.6902E-02
 -4.9444E-03 -1.1914E-02  1.8268E-02
 -8.7606E-03 -1.4308E-02  1.7411E-02
 -8.2679E-03 -1.3445E-02  1.6671E-02
 -8.1002E-03 -1.3508E-02  1.6034E-02
 -7.5999E-03 -1.2532E-02  1.5390E-02
 -7.4525E-03 -1.1678E-02  1.5810E-02
 -6.9912E-03 -1.0740E-02  1.5257E-02
 -6.6702E-03 -1.0652E-02  1.4264E-02
 -6.2119E-03 -9.7047E-03  1.3731E-02
 -6.8101E-03 -1.1496E-02  1.3829E-02
 -7.2749E-03 -1.2434E-02  1.4394E-02
 -8.0991E-03 -1.2328E-02  1.7301E-02
 -7.7817E-03 -1.1630E-02  1.6978E-02
 -8.3141E-03 -1.2161E-02  1.8210E-02
 -8.1782E-03 -1.1121E-02  1.8869E-02
 -8.3851E-03 -1.1035E-02  1.9663E-02
 -8.1580E-03 -1.0822E-02  1.9123E-02
 -8.2992E-03 -1.1463E-02  1.8912E-02
 -7.9443E-03 -1.0868E-02  1.8350E-02
 -7.5992E-03 -9.8969E-03  1.8225E-02
 -7.7205E-03 -9.8501E-03  1.8687E-02
 -8.2682E-03 -1.0837E-02  1.9481E-02
 -7.9877E-03 -9.8821E-03  1.9558E-02
 -8.6572E-03 -1.1627E-02  1.9948E-02
 -8.7460E-03 -1.1371E-02  2.0525E-02
 -9.2337E-03 -1.2348E-02  2.1125E-02
 -9.3309E-03 -1.3362E-02  2.0363E-02
 -9.8175E-03 -1.4330E-02  2.0969E-02
 -1.0153E-02 -1.4536E-02  2.1886E-02
 -9.8871E-03 -1.4896E-02  2.0595E-02
 -8.3964E-03 -1.1044E-02  1.9692E-02
 -8.2480E-03 -1.0345E-02  1.9942E-02
 -8.2553E-03 -1.1537E-02  1.8683E-02
 -7.9333E-03 -1.1361E-02  1.7781E-02
 -8.0194E-03 -1.2386E-02  1.6969E-02
 -7.7246E-03 -1.2397E-02  1.5958E-02
 -7.9608E-03 -1.3767E-02  1.5283E-02
 -7.5333E-03 -1.3578E-02  1.4038E-02
 -7.4300E-03 -1.0311E-02  1.7206E-02
 -7.1695E-03 -9.7229E-03  1.6957E-02
 -7.3030E-03 -1.0029E-02  1.7079E-02
 -6.8331E-03 -9.0723E-03  1.6517E-02
 -6.6928E-03 -9.3131E-03  1.5782E-02
 -6.1828E-03 -8.5307E-03  1.4896E-02
 -6.8783E-03 -1.0390E-02  1.5251E-02
 -6.7052E-03 -8.0161E-03  1.7221E-02
 -6.3028E-03 -7.1380E-03  1.6803E-02
 -7.0408E-03 -8.0787E-03  1.8291E-02
 -6.9424E-03 -7.0953E-03  1.9017E-02
 -7.3914E-03 -7.3906E-03  2.0220E-02
 -6.6360E-03 -6.2223E-03  1.8919E-02
 -6.2871E-03 -5.2811E-03  1.8750E-02
 -6.7569E-03 -6.5165E-03  1.9011E-02
 -7.1841E-03 -7.5304E-03  1.9367E-02
 -7.0719E-03 -7.3784E-03  1.9151E-02
 -6.7590E-03 -6.1838E-03  1.9377E-02
 -6.4599E-03 -5.6747E-03  1.8911E-02
 -5.9995E-03 -5.3060E-03  1.7748E-02
 -5.6760E-03 -4.4087E-03  1.7618E-02
 -5.9633E-03 -5.9725E-03  1.6908E-02
 -5.5358E-03 -5.6838E-03  1.5769E-02
 -5.6188E-03 -6.6775E-03  1.4981E-02
 -5.1892E-03 -6.4339E-03  1.3787E-02
 -5.3299E-03 -7.4841E-03  1.3133E-02
 -4.9645E-03 -5.9900E-03  1.3504E-02
 -5.1974E-03 -4.7937E-03  1.5581E-02
 -4.7919E-03 -4.0256E-03  1.5034E-02
 -5.3708E-03 -4.9056E-03  1.6049E-02
 -5.0890E-03 -4.1000E-03  1.5961E-02
 -5.3698E-03 -4.4140E-03  1.6574E-02
 -5.0704E-03 -3.5529E-03  1.6487E-02
 -5.5887E-03 -5.5299E-03  1.6115E-02
 -5.2484E-03 -5.5930E-03  1.4893E-02
 -4.9187E-03 -3.0398E-03  1.6526E-02
 -4.5155E-03 -2.1654E-03  1.6101E-02
 -5.2322E-03 -3.1320E-03  1.7489E-02
 -5.1231E-03 -2.1883E-03  1.8135E-02
 -4.7830E-03 -1.6860E-03  1.7524E-02
 -4.4901E-03 -6.9644E-04  1.7597E-02
 -3.2350E-03  1.2158E-04  2.1860E-02
 -2.0058E-03  1.5064E-03  1.9320E-02
 -3.2915E-03 -4.1304E-04  1.6947E-02
 -2.1830E-03  7.6758E-04  1.3928E-02
 -1.4685E-03  1.6990E-03  1.3803E-02
 -4.6382E-04  2.7645E-03  1.1017E-02
 -1.6993E-04  2.9010E-03  8.3322E-03
  7.5806E-04  3.8668E-03  5.5626E-03
 -8.5952E-04  1.9980E-03  8.4107E-03
 -1.8591E-03  9.3751E-04  1.1177E-02
 -7.7674E-04  2.9650E-03  1.7569E-02
  1.0190E-03  5.2945E-03  1.7130E-02
 -1.7447E-03  1.5912E-03  1.6546E-02
 -6.9854E-04  2.8112E-03  1.4824E-02
 -2.0995E-03  8.1524E-04  1.3260E-02
 -2.6989E-03 -2.7335E-04  1.0085E-02
 -4.6609E-03 -2.9164E-03  9.5196E-03
 -5.2079E-03 -3.9116E-03  6.6041E-03
 -3.7781E-03 -2.2447E-03  4.2483E-03
 -4.3338E-03 -3.2406E-03  1.4468E-03
 -1.8259E-03  3.8020E-04  4.7580E-03
 -1.2907E-03  1.3601E-03  7.6761E-03
  7.3054E-04  4.8804E-03  1.6775E-02
  2.0954E-03  6.5483E-03  1.5345E-02
  4.3213E-04  4.7872E-03  1.9987E-02
  1.8662E-03  6.8584E-03  2.1887E-02
  1.0925E-03  6.1612E-03  2.5349E-02
 -5.2719E-04  4.0279E-03  2.5402E-02
  3.6802E-03  9.2574E-03  2.1933E-02
  5.3050E-03  1.1381E-02  2.1702E-02
  3.4174E-03  8.9391E-03  2.2239E-02
  5.0996E-03  1.1163E-02  2.2275E-02
  4.5005E-03  1.0445E-02  2.3048E-02
  4.8499E-03  1.1233E-02  2.6540E-02
  4.7167E-03  1.1106E-02  2.7061E-02
  4.8694E-03  1.1639E-02  3.0604E-02
  4.4287E-03  1.1120E-02  3.1273E-02
  6.2732E-03  1.2413E-02  1.9072E-02
  8.0626E-03  1.4761E-02  1.8928E-02
  5.2579E-03  1.0831E-02  1.6499E-02
  6.2126E-03  1.1789E-02  1.3267E-02
  4.6764E-03  9.5303E-03  1.0804E-02
  3.9275E-03  8.4809E-03  1.0155E-02
  5.5263E-03  1.0448E-02  8.6229E-03
  5.8866E-03  1.1048E-02  9.9536E-03
  6.4695E-03  1.1460E-02  6.1278E-03
  7.3289E-03  1.3240E-02  1.3024E-02
  8.9925E-03  1.5312E-02  1.1696E-02
  6.4019E-03  1.2139E-02  1.4332E-02
  7.2869E-03  1.3303E-02  1.4285E-02
  5.8618E-03  1.1571E-02  1.5880E-02
  9.1718E-03  1.5949E-02  1.5976E-02
  1.0660E-02  1.7795E-02  1.4711E-02
  9.1007E-03  1.6121E-02  1.8812E-02
  1.0800E-02  1.8547E-02  2.0758E-02
  1.0196E-02  1.8064E-02  2.4119E-02
  9.1536E-03  1.6920E-02  2.6601E-02
  8.1249E-03  1.5849E-02  2.9663E-02
  6.5273E-03  1.3851E-02  3.0854E-02
  8.9088E-03  1.6999E-02  3.0891E-02
  1.2356E-02  2.0433E-02  1.8959E-02
  1.4093E-02  2.2760E-02  1.9325E-02
  1.1722E-02  1.9409E-02  1.6961E-02
  1.3062E-02  2.1001E-02  1.5082E-02
  1.1983E-02  1.9469E-02  1.3935E-02
  1.3994E-02  2.1962E-02  1.2201E-02
  1.5324E-02  2.3554E-02  1.0462E-02
  1.3250E-02  2.0926E-02  1.1635E-02
  1.4041E-02  2.1720E-02  8.9502E-03
  1.3251E-02  2.0374E-02  5.7163E-03
  1.3968E-02  2.1085E-02  3.2152E-03
  1.1719E-02  1.8358E-02  5.7843E-03
  1.0815E-02  1.6888E-02  2.8454E-03
  9.8336E-03  1.5639E-02  3.3317E-03
  1.1301E-02  1.7562E-02  3.1867E-03
  1.1101E-02  1.7522E-02  5.5811E-03
  1.2575E-02  1.9034E-02  9.3601E-04
  9.3322E-03  1.4815E-02  1.6012E-03
  8.7784E-03  1.3825E-02 -1.1656E-03
  5.0700E-03  1.5394E-02  6.2884E-03
  3.7980E-03  1.3255E-02  5.2315E-03
  3.0955E-03  1.1345E-02  5.4716E-03
  3.7043E-03  1.0434E-02  8.1609E-03
  1.8063E-03  9.3507E-03  4.2044E-03
  3.9474E-03  1.2303E-02  6.7143E-03
  5.0130E-03  1.3338E-02  8.4540E-03
  2.9038E-03  1.0469E-02  5.9369E-03
  2.9345E-03  9.3539E-03  7.2794E-03
  2.3810E-03  9.4520E-03  5.6581E-03
  3.1568E-03  1.1979E-02  4.9222E-03
  2.7499E-03  1.3222E-02  2.4093E-03
  1.7673E-03  1.2763E-02  2.4667E-04
  1.2970E-03  1.3842E-02 -2.2550E-03
  2.1699E-03  6.7259E-03  8.1594E-03
  1.1392E-03  5.4662E-03  6.7688E-03
  2.6846E-03  5.9098E-03  1.0485E-02
  2.0238E-03  3.4361E-03  1.1474E-02
  2.8571E-03  3.4646E-03  1.3716E-02
  2.4418E-03  1.0633E-03  1.5293E-02
  3.0411E-03  6.2019E-04  1.7429E-02
  2.6253E-03 -1.6294E-03  1.8833E-02
  1.6039E-03 -3.4820E-03  1.8138E-02
  1.2399E-03 -5.6820E-03  1.9628E-02
  9.7762E-04 -3.1176E-03  1.6017E-02
  1.4059E-03 -8.2318E-04  1.4596E-02
  1.7319E-03  2.1152E-03  1.2169E-02
  2.4860E-03  3.2057E-03  1.2996E-02
  6.4132E-04 -1.7953E-04  1.1783E-02
  3.4637E-04 -1.5002E-03  1.2469E-02
 -2.8558E-04 -1.1524E-03  1.0352E-02
 -4.8136E-04 -4.1619E-03  1.3215E-02
 -1.2889E-03 -5.1653E-03  1.2144E-02
 -2.4360E-04 -5.2711E-03  1.5116E-02
 -9.9276E-04 -7.8503E-03  1.5983E-02
 -1.5010E-04 -8.3030E-03  1.8794E-02
 -8.7252E-04 -1.0978E-02  1.9842E-02
 -4.4129E-04 -1.1515E-02  2.1625E-02
  9.3587E-04 -1.0211E-02  2.3910E-02
  1.8364E-03 -7.6751E-03  2.3505E-02
 -1.9199E-03 -9.2234E-03  1.5003E-02
 -1.5586E-03 -8.5642E-03  1.5245E-02
 -3.1008E-03 -1.1189E-02  1.3999E-02
 -4.1072E-03 -1.2609E-02  1.2857E-02
 -5.1708E-03 -1.2750E-02  1.0113E-02
 -4.7974E-03 -1.0416E-02  8.4974E-03
 -6.4163E-03 -1.4867E-02  9.1046E-03
 -4.6381E-03 -1.5137E-02  1.4262E-02
 -4.9933E-03 -1.6401E-02  1.4719E-02
 -4.6843E-03 -1.5884E-02  1.4978E-02
 -5.1901E-03 -1.8297E-02  1.6322E-02
 -4.7813E-03 -1.8491E-02  1.7656E-02
 -5.1266E-03 -2.0889E-02  1.9421E-02
 -5.2730E-03 -2.1660E-02  1.9892E-02
 -5.2260E-03 -2.1984E-02  2.0386E-02
 -6.6069E-03 -2.0047E-02  1.4431E-02
 -7.1920E-03 -2.0120E-02  1.2917E-02
 -7.1399E-03 -2.1346E-02  1.4443E-02
 -8.4878E-03 -2.3068E-02  1.2710E-02
 -9.1937E-03 -2.5456E-02  1.3478E-02
 -1.0339E-02 -2.7161E-02  1.2278E-02
 -8.5105E-03 -2.5604E-02  1.5511E-02
 -9.0789E-03 -2.7809E-02  1.6448E-02
 -8.1769E-03 -2.8134E-02  1.9276E-02
 -7.7261E-03 -2.7990E-02  2.0344E-02
 -7.1124E-03 -2.6258E-02  2.0063E-02
 -9.4093E-03 -2.7755E-02  1.5485E-02
 -9.6810E-03 -2.9233E-02  1.6413E-02
 -9.2962E-03 -2.5947E-02  1.3753E-02
 -9.5960E-03 -2.5725E-02  1.2684E-02
 -8.7216E-03 -2.3097E-02  1.2104E-02
 -7.4672E-03 -2.1943E-02  1.4224E-02
 -6.8354E-03 -1.9495E-02  1.3184E-02
 -5.5156E-03 -1.8052E-02  1.5157E-02
 -5.0145E-03 -1.5773E-02  1.3952E-02
 -1.0908E-02 -2.6735E-02  1.0243E-02
 -1.1486E-02 -2.7148E-02  9.1348E-03
 -1.0275E-02 -3.0409E-02  1.0004E-02
 -9.6621E-03 -3.0206E-02  1.1680E-02
 -1.0230E-02 -2.9496E-02  8.8815E-03
 -1.1911E-02 -3.1653E-02  6.5041E-03
 -1.1777E-02 -3.1649E-02  6.9253E-03
 -1.1667E-02 -2.9482E-02  4.2773E-03
 -1.0446E-02 -2.6656E-02  4.2568E-03
 -1.2942E-02 -3.0820E-02  2.0613E-03
 -1.3012E-02 -2.9051E-02 -6.1673E-04
 -1.4719E-02 -3.1213E-02 -3.0700E-03
 -1.5132E-02 -3.3192E-02 -1.6450E-03
 -1.4919E-02 -2.9393E-02 -6.2285E-03
 -1.2364E-02 -2.6433E-02 -2.1729E-03
 -1.1498E-02 -2.3833E-02 -3.0114E-03
 -1.2700E-02 -2.7080E-02 -2.3518E-03
 -1.2144E-02 -2.4777E-02 -3.7682E-03
 -1.3000E-02 -2.6282E-02 -4.4134E-03
 -1.0368E-02 -2.2236E-02 -1.6184E-03
 -9.5964E-03 -1.9620E-02 -2.7788E-03
 -9.7072E-03 -2.2984E-02  1.5281E-03
 -8.0120E-03 -2.0590E-02  3.6223E-03
 -7.5083E-03 -2.1899E-02  7.0441E-03
 -5.9283E-03 -1.9519E-02  8.7901E-03
 -5.5640E-03 -2.0914E-02  1.1887E-02
 -4.1436E-03 -1.9182E-02  1.4021E-02
 -6.6850E-03 -2.3715E-02  1.2188E-02
 -7.1981E-03 -1.8661E-02  3.5472E-03
 -6.0805E-03 -1.5826E-02  3.1877E-03
 -7.8117E-03 -2.0166E-02  3.6741E-03
 -7.1209E-03 -1.8496E-02  3.5652E-03
 -8.0803E-03 -2.0687E-02  3.5387E-03
 -8.1544E-03 -2.2999E-02  6.5064E-03
 -7.3321E-03 -1.8845E-02  3.3751E-03
 -7.0741E-03 -1.6182E-02  5.0838E-04
 -5.8598E-03 -1.3459E-02  6.1238E-04
 -8.4047E-03 -1.7298E-02 -2.1929E-03
 -8.5610E-03 -1.5406E-02 -5.3124E-03
 -1.0209E-02 -1.7393E-02 -7.8213E-03
 -1.0665E-02 -1.5960E-02 -1.1261E-02
 -1.0826E-02 -1.5293E-02 -1.2699E-02
 -1.2427E-02 -1.7012E-02 -1.5428E-02
 -1.2797E-02 -1.5697E-02 -1.8433E-02
 -1.4289E-02 -1.7451E-02 -2.0765E-02
 -1.1683E-02 -1.2628E-02 -1.9126E-02
 -7.2744E-03 -1.2610E-02 -5.0792E-03
 -6.4775E-03 -9.9775E-03 -6.1834E-03
 -7.0231E-03 -1.3158E-02 -3.5183E-03
 -5.8062E-03 -1.0670E-02 -3.0807E-03
 -5.7968E-03 -1.1948E-02 -1.2801E-03
 -4.2191E-03 -8.3686E-03 -1.2034E-03
 -3.3018E-03 -5.5980E-03 -2.1142E-03
 -3.8998E-03 -9.5177E-03  1.4079E-03
 -2.4101E-03 -7.4950E-03  3.3609E-03
 -2.3156E-03 -9.3391E-03  6.2177E-03
 -1.9102E-03 -1.0349E-02  8.9109E-03
 -2.2266E-03 -1.2533E-02  1.0927E-02
 -1.2679E-03 -8.9638E-03  9.0422E-03
 -2.1683E-03 -5.5490E-03  1.4366E-03
 -8.6928E-04 -2.7638E-03  1.7241E-03
 -3.4080E-03 -6.9996E-03 -5.1094E-04
 -3.3202E-03 -5.3737E-03 -2.4837E-03
 -4.8794E-03 -7.5971E-03 -4.3803E-03
 -4.9611E-03 -9.4320E-03 -2.0986E-03
 -3.4093E-03 -7.2107E-03 -2.2278E-04
 -6.3145E-03 -1.1172E-02 -4.0076E-03
 -2.8289E-03 -2.6208E-03 -4.7298E-03
 -1.9742E-03 -2.5422E-04 -5.2803E-03
 -3.3768E-03 -2.9124E-03 -6.0745E-03
 -2.9434E-03 -3.7576E-04 -8.2058E-03
 -3.9666E-03 -1.4642E-03 -9.9640E-03
 -5.6649E-03 -3.6087E-03 -1.2414E-02
 -6.5641E-03 -3.9145E-03 -1.4860E-02
 -7.5237E-03 -6.3419E-03 -1.4561E-02
 -6.3208E-03 -1.7457E-03 -1.7089E-02
 -1.1993E-03  2.2916E-03 -6.3341E-03
 -4.1774E-04  4.9781E-03 -7.5615E-03
 -1.1271E-03  1.3228E-03 -3.3200E-03
  2.0414E-04  3.7658E-03 -1.3976E-03
  3.8678E-04  2.6605E-03  1.0839E-03
 -1.0500E-05  2.3538E-03 -1.4012E-04
 -8.4389E-04 -6.8368E-04  9.7818E-04
 -2.2035E-04 -1.2799E-03  4.5583E-03
 -1.1122E-03 -4.3875E-03  5.5348E-03
  1.0475E-03  5.0982E-03  1.5174E-04
  2.2011E-03  7.3104E-03  1.6711E-03
  4.6433E-04  3.7020E-03 -1.8842E-04
  1.1594E-03  4.7596E-03  1.1510E-03
  5.4596E-04  2.0582E-03  2.6908E-03
  9.5450E-04  2.9569E-03  3.0515E-03
  8.6447E-04  8.9020E-04  5.8490E-03
  2.0859E-04 -1.8723E-03  7.3017E-03
  1.1630E-03  6.4151E-03 -1.3826E-03
  2.1230E-03  8.7447E-03 -8.7018E-04
  9.6791E-05  5.2546E-03 -4.1481E-03
 -8.3948E-05  6.4524E-03 -6.7639E-03
 -1.4308E-03  3.8204E-03 -8.4623E-03
 -1.7186E-03  1.5932E-03 -6.2619E-03
 -9.3611E-04  3.0743E-03 -5.2012E-03
 -3.1078E-03 -1.2722E-03 -7.7816E-03
  1.8084E-04  8.7397E-03 -9.1549E-03
  7.3291E-04  1.0968E-02 -1.0228E-02
 -2.5197E-04  8.1317E-03 -1.0067E-02
 -8.8232E-05  1.0110E-02 -1.2413E-02
 -1.0642E-03  9.4750E-03 -1.5603E-02
 -7.4389E-04  1.1101E-02 -1.6739E-02
 -2.1683E-03  7.2659E-03 -1.6916E-02
