  7.7706E-03  3.8719E-03 -5.7200E-03
  7.1706E-03  3.7184E-03 -4.1502E-03
  7.3636E-03  3.5701E-03 -4.7299E-03
  6.8037E-03  3.4531E-03 -3.2551E-03
  6.4638E-03  5.3048E-03 -1.6308E-03
  6.8444E-03  6.6459E-03 -2.1551E-03
  6.5946E-03  1.9867E-03 -3.2438E-03
  6.6956E-03  4.9313E-04 -4.0842E-03
  6.0126E-03  2.2171E-03 -1.5772E-03
  5.4178E-03  6.6003E-04 -5.5380E-04
  5.2347E-03  9.1251E-04  3.8667E-05
  5.6826E-03  4.3521E-04 -1.3574E-03
  5.6208E-03  1.2434E-03 -8.8330E-04
  6.0144E-03  6.4839E-04 -2.1770E-03
  5.8453E-03  3.5839E-04 -1.8280E-03
  6.2451E-03 -2.0429E-04 -3.1261E-03
  5.2808E-03  6.1592E-04 -1.9895E-04
  4.8221E-03  5.6363E-04  1.0259E-03
  4.5843E-03  1.8326E-03  2.1522E-03
  4.5789E-03 -9.7384E-04  1.1029E-03
  4.0438E-03 -1.2079E-03  2.4659E-03
  4.3592E-03 -1.1840E-03  1.6193E-03
  3.8240E-03 -1.6825E-03  2.8824E-03
  4.8928E-03  7.0558E-04  8.8797E-04
  5.3837E-03  6.2349E-04 -4.7525E-04
  3.4591E-03 -3.0290E-03  3.3621E-03
  3.5778E-03 -4.4025E-03  2.5191E-03
  2.8277E-03 -2.9646E-03  5.0995E-03
  2.2100E-03 -4.6002E-03  6.1553E-03
  1.6570E-03 -4.2232E-03  7.7988E-03
  1.8600E-03 -4.2305E-03  7.2452E-03
  1.3972E-03 -3.7049E-03  8.7003E-03
  9.5740E-04 -5.6691E-03  9.1489E-03
  1.9718E-03 -4.7918E-03  6.7291E-03
  1.9346E-03 -3.4185E-03  7.3508E-03
  1.8631E-03 -6.4316E-03  6.4025E-03
  1.6462E-03 -6.7879E-03  6.8557E-03
  2.1123E-03 -7.6994E-03  5.2455E-03
  2.1100E-03 -7.8314E-03  5.2017E-03
  2.6376E-03 -8.6851E-03  3.4464E-03
  2.2661E-03 -5.9403E-03  5.4951E-03
  9.0379E-04 -8.0677E-03  8.3849E-03
  7.5275E-04 -9.6553E-03  8.1928E-03
  4.4229E-04 -7.3669E-03  9.9028E-03
 -2.9183E-04 -8.4662E-03  1.1478E-02
 -7.4245E-04 -7.3584E-03  1.3121E-02
 -6.6992E-04 -6.4942E-03  1.3251E-02
 -7.8507E-04 -7.9151E-03  1.3025E-02
 -1.1884E-03 -5.5272E-03  1.5025E-02
 -5.0060E-04 -9.0443E-03  1.1825E-02
 -2.1019E-04 -8.0698E-03  1.1407E-02
 -1.0227E-03 -1.0595E-02  1.2654E-02
 -1.2469E-03 -1.1212E-02  1.3028E-02
 -1.8131E-03 -1.3072E-02  1.3859E-02
 -1.8228E-03 -1.4313E-02  1.3415E-02
 -2.2908E-03 -1.3276E-02  1.5078E-02
 -2.8691E-03 -1.4985E-02  1.5999E-02
 -3.3849E-03 -1.4737E-02  1.7493E-02
 -2.6269E-03 -1.6552E-02  1.4748E-02
 -2.0663E-03 -1.6230E-02  1.3349E-02
 -3.0112E-03 -1.8264E-02  1.5142E-02
 -2.8083E-03 -1.9847E-02  1.3991E-02
 -3.3456E-03 -2.1500E-02  1.4822E-02
 -3.9329E-03 -2.0800E-02  1.6681E-02
 -3.5627E-03 -1.8836E-02  1.6421E-02
 -2.8642E-03 -2.0017E-02  1.4078E-02
 -3.4061E-03 -2.0130E-02  1.5506E-02
 -2.2953E-03 -1.9938E-02  1.2564E-02
 -2.2911E-03 -2.0078E-02  1.2500E-02
 -1.9238E-03 -1.8251E-02  1.2196E-02
 -1.7568E-03 -1.8253E-02  1.1742E-02
 -3.5848E-03 -2.6539E-02  2.2218E-02
 -1.9469E-03 -2.3751E-02  2.2889E-02
 -4.2109E-04 -2.1022E-02  2.3945E-02
 -9.1438E-04 -2.3077E-02  1.9777E-02
  1.7406E-04 -2.1207E-02  2.0279E-02
 -1.2199E-03 -2.4541E-02  1.6572E-02
 -2.9048E-04 -2.4033E-02  1.3446E-02
  1.9663E-03 -2.0932E-02  1.1958E-02
  3.0391E-03 -1.9432E-02  1.1332E-02
  2.7039E-03 -1.9964E-02  1.1320E-02
  4.8567E-03 -1.7016E-02  9.8654E-03
  5.4346E-03 -1.5926E-02  1.0450E-02
  4.2012E-03 -1.8281E-02  9.1108E-03
  5.0028E-03 -1.6963E-02  9.2854E-03
  4.2327E-03 -1.8933E-02  6.8213E-03
  2.1787E-03 -2.1746E-02  8.2078E-03
  5.4068E-03 -1.7357E-02  5.9223E-03
  7.1204E-03 -1.5128E-02  4.3784E-03
  3.9080E-03 -2.0202E-02  4.3489E-03
  4.2001E-03 -2.0889E-02  6.0541E-04
  4.9513E-03 -1.9965E-02 -2.4448E-04
  5.9847E-03 -1.9250E-02 -3.2263E-03
  4.5400E-03 -1.9796E-02  2.4231E-03
  5.1639E-03 -1.8962E-02  1.9343E-03
  4.4829E-03 -1.8935E-02  5.5258E-03
  2.2290E-03 -2.1974E-02  7.2047E-03
  5.6148E-03 -1.6386E-02  8.0196E-03
  7.4282E-03 -1.5868E-02  3.8294E-04
  8.0856E-03 -1.5420E-02 -1.5389E-03
  8.6103E-03 -1.3790E-02  1.0798E-03
  1.0751E-02 -1.0801E-02 -1.7825E-04
  1.1682E-02 -8.3800E-03  2.9317E-03
  1.3114E-02 -5.8998E-03  3.6562E-03
  1.2180E-02 -7.0725E-03  4.6336E-03
  1.2885E-02 -6.6644E-03  2.3407E-03
  1.0917E-02 -8.1972E-03  7.4645E-03
  1.1679E-02 -1.0351E-02 -3.4840E-03
  1.3462E-02 -7.9804E-03 -4.9215E-03
  1.0431E-02 -1.2738E-02 -4.8501E-03
  1.1121E-02 -1.2592E-02 -7.9273E-03
  9.4243E-03 -1.5442E-02 -8.4970E-03
  1.2139E-02 -1.2032E-02 -1.1340E-02
  1.3785E-02 -9.9775E-03 -1.3099E-02
  1.1184E-02 -1.3853E-02 -1.2368E-02
  1.2118E-02 -1.3383E-02 -1.5635E-02
  1.0869E-02 -1.5499E-02 -1.6114E-02
  9.5638E-03 -1.8347E-02 -1.8694E-02
  8.7845E-03 -1.9891E-02 -1.9722E-02
  6.8532E-03 -2.2930E-02 -1.9703E-02
  9.9070E-03 -1.8365E-02 -2.0517E-02
  1.4170E-02 -1.0115E-02 -1.5530E-02
  1.5546E-02 -8.7726E-03 -1.8227E-02
  1.4373E-02 -8.8386E-03 -1.2409E-02
  1.6301E-02 -5.6855E-03 -1.2036E-02
  1.6088E-02 -4.8454E-03 -8.2020E-03
  1.8050E-02 -1.4291E-03 -7.1481E-03
  1.8476E-02  4.6044E-05 -4.5277E-03
  2.0318E-02  3.2162E-03 -3.6593E-03
  2.1759E-02  4.9490E-03 -5.4143E-03
  2.1356E-02  3.5092E-03 -8.0395E-03
  1.9507E-02  3.3592E-04 -8.8814E-03
  1.7904E-02 -3.4512E-03 -1.2992E-02
  1.9505E-02 -1.6044E-03 -1.5206E-02
  1.7426E-02 -3.7048E-03 -1.1361E-02
  1.8761E-02 -1.7847E-03 -1.1967E-02
  1.7809E-02 -2.5579E-03 -9.5919E-03
  1.9115E-02 -7.3429E-04 -1.0362E-02
  1.7580E-02 -1.7306E-03 -5.7129E-03
  1.6352E-02 -2.8894E-03 -3.1795E-03
  1.9351E-02 -2.0651E-03 -1.5914E-02
  2.1109E-02  2.4459E-04 -1.7422E-02
  1.7280E-02  4.5589E-03 -1.3979E-02
  1.6853E-02  5.0724E-03 -1.5642E-02
  1.6793E-02  3.0155E-03 -1.6039E-02
  1.7280E-02  2.3925E-03 -1.4147E-02
  1.7271E-02 -5.2571E-04 -1.4404E-02
  1.6917E-02 -1.5866E-04 -1.5786E-02
  1.6291E-02  5.7534E-03 -1.7827E-02
  1.6008E-02  7.5290E-03 -1.8818E-02
  1.6149E-02  4.3966E-03 -1.8498E-02
  1.5631E-02  4.7862E-03 -2.0530E-02
  1.5550E-02  2.7734E-03 -2.1010E-02
  1.5001E-02  2.9667E-03 -2.3179E-02
  1.4708E-02  7.7155E-04 -2.4517E-02
  1.4193E-02  9.1504E-04 -2.6557E-02
  1.4989E-02 -1.0840E-03 -2.3540E-02
  1.5582E-02  6.9751E-03 -2.0558E-02
  1.5127E-02  7.9866E-03 -2.2295E-02
  1.6045E-02  7.7504E-03 -1.8657E-02
  1.6011E-02  9.8223E-03 -1.8631E-02
  1.6504E-02  9.7685E-03 -1.6674E-02
  1.6387E-02  1.1091E-02 -1.7037E-02
  1.5912E-02  1.0120E-02 -1.9004E-02
  1.5778E-02  1.1446E-02 -1.9438E-02
  1.5582E-02  1.3861E-02 -2.0034E-02
  1.5984E-02  1.1995E-02 -1.8575E-02
  1.5696E-02  1.3719E-02 -1.9590E-02
  1.6267E-02  1.1881E-02 -1.7455E-02
  1.6291E-02  1.3840E-02 -1.7212E-02
  1.6905E-02  1.4298E-02 -1.4729E-02
  1.7212E-02  1.4450E-02 -1.3496E-02
  1.7469E-02  1.2507E-02 -1.2619E-02
  1.7671E-02  1.2523E-02 -1.1812E-02
  1.7622E-02  1.4511E-02 -1.1855E-02
  1.7787E-02  1.4436E-02 -1.1205E-02
  1.7378E-02  1.6501E-02 -1.2674E-02
  1.7174E-02  1.6459E-02 -1.3492E-02
  1.5971E-02  1.3726E-02 -1.8494E-02
  1.5888E-02  1.5424E-02 -1.8694E-02
  1.5786E-02  1.1752E-02 -1.9381E-02
  1.5487E-02  1.1594E-02 -2.0585E-02
  1.5859E-02  1.1907E-02 -1.9080E-02
  1.5713E-02  1.3236E-02 -1.9561E-02
  1.6329E-02  1.0573E-02 -1.7310E-02
  1.6748E-02  1.0641E-02 -1.5635E-02
  1.7277E-02  1.1836E-02 -1.3435E-02
  1.7120E-02  1.4133E-02 -1.3887E-02
  1.7596E-02  1.0436E-02 -1.2270E-02
  1.8003E-02  1.1713E-02 -1.0550E-02
  1.6913E-02  8.1972E-03 -1.5164E-02
  1.6857E-02  6.6462E-03 -1.5504E-02
  1.7093E-02  7.8117E-03 -1.4475E-02
  1.7018E-02  9.4226E-03 -1.4651E-02
  1.7253E-02  8.0376E-03 -1.3822E-02
  1.7105E-02  5.6981E-03 -1.4588E-02
  1.7263E-02  5.5341E-03 -1.3971E-02
  1.7879E-02  4.8894E-03 -1.1569E-02
  1.8214E-02  6.3379E-03 -1.0123E-02
  1.8026E-02  2.6915E-03 -1.1149E-02
  1.8603E-02  1.7810E-03 -8.9227E-03
  1.8654E-02 -5.0550E-04 -8.8941E-03
  1.9236E-02 -1.6125E-03 -6.6574E-03
  1.9267E-02 -4.0056E-03 -6.7185E-03
  1.9683E-02 -5.4074E-03 -5.1682E-03
  1.8923E-02 -4.5893E-03 -8.1311E-03
  1.8806E-02  1.4322E-03 -8.1370E-03
  1.8569E-02  2.3694E-04 -9.1735E-03
  1.9244E-02  2.5167E-03 -6.3114E-03
  1.9482E-02  2.3445E-03 -5.3762E-03
  1.9583E-02  4.7252E-03 -4.7911E-03
  1.9880E-02  4.5064E-03 -3.6247E-03
  1.9042E-02  6.2408E-03 -6.8310E-03
  1.9145E-02  8.7197E-03 -6.2304E-03
  2.0044E-02  1.0934E-03 -3.2310E-03
  2.0343E-02  1.5700E-03 -2.0043E-03
  2.0181E-02 -5.5552E-04 -2.8117E-03
  2.0721E-02 -1.7706E-03 -7.5310E-04
  2.0685E-02 -4.1007E-03 -1.0767E-03
  2.0635E-02 -5.8001E-03 -1.4038E-03
  2.0885E-02 -1.8898E-03 -1.1138E-04
  2.0528E-02 -1.9935E-03 -1.5410E-03
  1.5213E-02  2.3283E-02 -2.4760E-03
  1.4790E-02  2.1864E-02 -2.4232E-03
  1.4782E-02  2.2821E-02  2.4105E-03
  1.6148E-02  2.7699E-02  3.6793E-03
  1.3822E-02  2.0298E-02  5.9554E-03
  1.3498E-02  1.7135E-02 -4.1872E-03
  1.3354E-02  1.6203E-02 -6.3756E-03
  1.2585E-02  1.4195E-02 -3.4687E-03
  1.1343E-02  9.6675E-03 -5.0793E-03
  1.1605E-02  9.4918E-03 -1.0290E-02
  1.1033E-02  7.1332E-03 -1.2372E-02
  1.2513E-02  1.2129E-02 -1.2416E-02
  1.2838E-02  1.2203E-02 -1.7445E-02
  1.3722E-02  1.4888E-02 -1.8950E-02
  1.2951E-02  1.2406E-02 -1.8322E-02
  1.3602E-02  1.4677E-02 -1.7986E-02
  1.1712E-02  8.2383E-03 -1.8230E-02
  1.3579E-02  1.4291E-02 -1.9494E-02
  1.3315E-02  1.2702E-02 -2.2922E-02
  1.4540E-02  1.7973E-02 -1.7374E-02
  1.5404E-02  2.0607E-02 -1.8784E-02
  1.6371E-02  2.4539E-02 -1.5533E-02
  1.7564E-02  2.8228E-02 -1.7219E-02
  1.8537E-02  3.2374E-02 -1.3030E-02
  1.7546E-02  2.9951E-02 -8.4798E-03
  1.4627E-02  1.8004E-02 -1.8666E-02
  1.4912E-02  1.8324E-02 -2.1831E-02
  1.3688E-02  1.5593E-02 -1.4921E-02
  1.2835E-02  1.2818E-02 -1.4373E-02
  1.1813E-02  1.0273E-02 -9.9013E-03
  1.2120E-02  1.2163E-02 -5.7322E-03
  1.2209E-02  1.2261E-02 -6.7278E-03
  1.1010E-02  9.2422E-03 -1.6398E-03
  1.2091E-02  9.4965E-03 -1.8329E-02
  1.2232E-02  9.4211E-03 -2.1039E-02
  1.1319E-02  6.8155E-03 -1.8681E-02
  1.0553E-02  3.4800E-03 -2.2338E-02
  9.7852E-03  9.9809E-04 -2.1780E-02
  8.7208E-03 -1.6894E-03 -1.7308E-02
  7.7718E-03 -4.8640E-03 -1.7139E-02
  8.3387E-03 -2.6820E-03 -1.5837E-02
  8.3075E-03 -1.9030E-03 -1.1496E-02
  8.8534E-03  1.1284E-04 -1.0662E-02
  7.7264E-03 -3.1471E-03 -7.9588E-03
  1.1397E-02  5.3303E-03 -2.7266E-02
  1.0862E-02  2.8544E-03 -3.0548E-02
  1.2713E-02  9.6849E-03 -2.7738E-02
  1.3608E-02  1.1798E-02 -3.2221E-02
  1.4711E-02  1.5436E-02 -3.2658E-02
  1.4235E-02  1.3737E-02 -3.3099E-02
  1.4766E-02  1.4730E-02 -3.7041E-02
  1.4222E-02  1.4443E-02 -2.9423E-02
  1.4788E-02  1.6270E-02 -2.9847E-02
  1.5097E-02  1.8257E-02 -2.5224E-02
  1.3788E-02  1.2573E-02 -3.1399E-02
  1.4151E-02  1.3201E-02 -3.4340E-02
  1.2526E-02  8.7263E-03 -2.9336E-02
  1.1426E-02  4.8017E-03 -3.0337E-02
  1.0124E-02  9.6109E-04 -2.7577E-02
  9.9843E-03  1.4972E-03 -2.2636E-02
  8.9340E-03 -3.4618E-03 -2.9545E-02
  1.1450E-02  3.8297E-03 -3.5507E-02
  1.1685E-02  4.1385E-03 -3.7895E-02
  1.1260E-02  2.8465E-03 -3.7181E-02
  1.1270E-02  1.8849E-03 -4.2062E-02
  1.1447E-02  2.3055E-03 -4.2941E-02
  1.1896E-02  2.8046E-03 -4.7947E-02
  1.2352E-02  4.2912E-03 -4.8217E-02
  1.3613E-02  8.9842E-03 -4.6114E-02
  1.4047E-02  1.0483E-02 -4.5957E-02
  1.2395E-02  5.0647E-03 -4.5129E-02
  1.2145E-02  3.6785E-03 -4.7786E-02
  2.3167E-02  1.1571E-02 -5.8195E-02
  1.9181E-02  1.5173E-02 -5.7145E-02
  1.4160E-02  2.1403E-02 -6.2342E-02
  1.6401E-02  2.1372E-02 -7.0607E-02
  1.6431E-02  1.5496E-02 -4.8096E-02
  1.1059E-02  2.0057E-02 -4.5554E-02
  2.0252E-02  1.0541E-02 -4.3325E-02
  1.8506E-02  9.9422E-03 -3.4485E-02
  1.2210E-02  1.5320E-02 -3.1629E-02
  1.1421E-02  1.5678E-02 -3.0050E-02
  7.7008E-03  1.9628E-02 -3.1336E-02
  1.3738E-03  2.5057E-02 -2.8561E-02
 -2.5134E-03  3.0306E-02 -3.4220E-02
 -1.9658E-04  2.8707E-02 -3.6732E-02
  1.0866E-04  2.4036E-02 -1.9896E-02
  3.8288E-03  1.9845E-02 -1.7683E-02
 -5.0391E-03  2.7764E-02 -1.4983E-02
 -6.5354E-03  2.7045E-02 -6.6174E-03
 -1.3007E-02  3.2310E-02 -2.6664E-03
 -1.5698E-02  3.2839E-02  5.3676E-03
 -1.2567E-02  2.7899E-02  1.2667E-02
 -1.4051E-02  2.7666E-02  1.9116E-02
 -8.7246E-03  2.4329E-02  1.2032E-02
 -5.7744E-03  2.6203E-02 -6.2221E-03
 -2.3112E-03  2.1733E-02 -1.9741E-03
 -8.8241E-03  3.0360E-02 -1.0815E-02
 -8.3868E-03  2.9935E-02 -1.0812E-02
 -1.2975E-02  3.5653E-02 -1.5656E-02
 -1.9703E-02  4.1115E-02 -1.1503E-02
 -2.1614E-02  4.2084E-02 -8.0824E-03
 -2.0745E-02  4.0355E-02 -4.6804E-03
 -1.9185E-03  2.4549E-02 -1.4284E-02
  2.8378E-04  2.1567E-02 -1.1046E-02
  1.1293E-03  2.3256E-02 -2.0710E-02
  7.2994E-03  1.8288E-02 -2.4675E-02
  1.1861E-02  1.2358E-02 -1.8918E-02
  1.6081E-02  8.3756E-03 -1.9378E-02
  1.0978E-02  1.1806E-02 -1.3489E-02
  1.4834E-02  6.4686E-03 -7.3737E-03
  1.3393E-02  6.7344E-03 -3.0030E-03
  1.3202E-02  8.4032E-03 -8.7137E-03
  1.9353E-02  3.0660E-03 -1.1186E-02
  2.4006E-02  2.3214E-05 -1.6882E-02
  3.0080E-02 -5.4954E-03 -1.8368E-02
  1.3440E-02  6.2177E-03 -1.1910E-03
  1.7632E-02  1.5414E-03  1.1243E-03
  7.5444E-03  1.1297E-02  1.3198E-03
  5.5634E-03  1.1699E-02  7.1823E-03
 -1.4184E-03  1.8095E-02  8.6894E-03
 -4.7940E-03  1.9803E-02  1.4744E-02
 -1.1689E-02  2.6353E-02  1.5331E-02
 -1.4098E-02  2.9689E-02  1.1504E-02
 -1.4823E-02  2.8368E-02  1.9305E-02
  8.4853E-03  9.7337E-03  3.8159E-03
  1.0956E-02  6.1930E-03  8.2007E-03
  8.4379E-03  1.1836E-02 -4.1013E-03
  1.1012E-02  1.0436E-02 -8.3431E-03
  8.4411E-03  1.4979E-02 -1.6209E-02
  1.7985E-02  4.1623E-03 -1.0287E-02
  2.0666E-02  1.7122E-03 -1.0886E-02
  2.0900E-02  1.6679E-03 -1.1590E-02
  2.7569E-02 -4.3599E-03 -1.3342E-02
  2.9759E-02 -5.8606E-03 -1.5762E-02
  3.6579E-02 -1.2205E-02 -1.6860E-02
  3.8556E-02 -1.3418E-02 -1.9588E-02
  4.5090E-02 -2.0086E-02 -1.8372E-02
  4.5382E-02 -2.2630E-02 -9.6687E-03
  3.0207E-02 -8.8684E-03 -5.8593E-03
  3.4646E-02 -1.2968E-02 -6.6895E-03
  2.9559E-02 -1.6160E-02  3.2787E-03
  2.3916E-02 -2.2106E-02  6.2266E-03
  1.8497E-02 -3.1866E-02  1.0845E-02
  2.7156E-02 -4.0429E-02  1.4126E-02
  2.8211E-02 -4.3078E-02  1.5235E-02
  3.2784E-02 -4.4545E-02  1.5619E-02
  1.4840E-02 -1.5604E-02  3.8782E-03
  1.4154E-02 -1.5618E-02  3.9241E-03
  7.7196E-03 -1.0199E-02  1.9018E-03
 -1.3342E-03 -3.5666E-03 -5.0506E-04
 -8.3162E-03  1.8568E-03 -2.4975E-03
 -1.4701E-02  1.1462E-02 -6.3695E-03
 -1.6468E-02 -5.9311E-03  1.4071E-03
 -2.3004E-02 -1.7005E-03 -8.4554E-05
  3.2620E-03  4.3880E-03 -4.2792E-03
 -8.3325E-04  5.2176E-03 -4.4102E-03
  1.1724E-02  1.0150E-02 -7.3078E-03
  1.7145E-02  1.7938E-02 -1.1056E-02
  2.7090E-02  2.2436E-02 -1.3612E-02
  2.4463E-02  2.9934E-02 -1.6769E-02
  3.8427E-02  3.4000E-02 -1.9365E-02
  4.3714E-02  4.0240E-02 -2.2422E-02
  2.2142E-02  1.2899E-02 -9.1188E-03
  2.0685E-02  1.6892E-02 -1.0797E-02
  2.8757E-02  4.5293E-03 -5.8051E-03
  3.4425E-02 -1.4559E-03 -3.4893E-03
  4.1392E-02 -1.0692E-02  1.8671E-04
  5.2357E-02 -7.4214E-03 -1.8863E-03
  5.9786E-02 -1.4305E-02  7.2489E-04
  5.3567E-02  1.9138E-03 -6.0752E-03
  2.6127E-02 -5.5104E-03 -1.2238E-03
  2.9016E-02 -6.3491E-03 -1.0195E-03
  1.5971E-02 -8.2353E-03  5.6175E-04
  7.1722E-03 -1.2128E-02  2.7848E-03
 -7.2320E-04 -1.9063E-02  6.2984E-03
  4.2212E-04 -3.1365E-03 -7.9569E-04
 -7.7536E-03 -4.8004E-03  4.0790E-04
  3.8365E-03  6.3537E-03 -5.1796E-03
 -1.7509E-03  1.5677E-02 -8.9730E-03
 -1.3580E-02  1.7013E-02 -8.8836E-03
 -2.1047E-02  2.1385E-02 -1.0384E-02
 -1.5361E-02  1.2677E-02 -6.8679E-03
 -2.6286E-02  1.3274E-02 -6.5043E-03
 -2.8937E-02  3.0783E-03 -1.8528E-03
 -3.3093E-02 -5.5639E-03  2.1995E-03
 -3.4711E-02 -1.5756E-02  6.7901E-03
 -2.3649E-02 -1.9806E-02  7.9421E-03
 -2.5036E-02 -2.9356E-02  1.2236E-02
 -2.5830E-02  2.2129E-02 -1.0438E-02
 -1.6704E-02  2.5189E-02 -1.2312E-02
 -3.5792E-02  2.6264E-02 -1.1691E-02
 -3.6557E-02  3.4969E-02 -1.5488E-02
 -4.6663E-02  4.1930E-02 -1.7980E-02
 -4.7513E-02  5.3299E-02 -2.2948E-02
 -5.6332E-02  5.8504E-02 -2.4739E-02
 -3.5998E-02  5.8685E-02 -2.5986E-02
 -3.7580E-02  3.1008E-02 -1.3682E-02
 -4.2920E-02  2.3147E-02 -9.9062E-03
 -3.1689E-02  3.6144E-02 -1.6286E-02
 -3.1638E-02  3.3475E-02 -1.5111E-02
 -2.2203E-02  3.9241E-02 -1.8197E-02
 -1.0659E-02  3.6994E-02 -1.7869E-02
 -2.2181E-02  3.6163E-02 -1.6840E-02
 -4.2921E-02  3.6437E-02 -1.5771E-02
 -4.6833E-02  4.5358E-02 -1.9483E-02
 -4.7984E-02  2.9055E-02 -1.2222E-02
 -5.8768E-02  3.1173E-02 -1.2538E-02
 -6.4631E-02  2.1033E-02 -7.7269E-03
 -6.7931E-02  1.6494E-02 -5.5343E-03
 -5.6979E-02  1.3875E-02 -5.0075E-03
 -5.7764E-02  3.7501E-02 -1.5388E-02
 -4.9000E-02  3.7249E-02 -1.5780E-02
 -2.4657E-02  2.3425E-02 -4.0004E-03
 -2.2543E-02  2.4191E-02 -2.9320E-03
 -2.3539E-02  2.4569E-02 -2.9535E-03
 -2.5751E-02  2.6625E-02 -2.2071E-03
 -2.6980E-02  2.6830E-02 -2.4041E-03
 -2.6229E-02  2.8026E-02 -1.4216E-03
 -2.0101E-02  2.2315E-02 -3.4990E-03
 -1.7776E-02  2.2797E-02 -2.5593E-03
 -2.0703E-02  2.0149E-02 -5.0740E-03
 -1.8670E-02  1.8098E-02 -5.8657E-03
 -2.0091E-02  1.5912E-02 -7.6743E-03
 -2.1907E-02  1.5883E-02 -8.1818E-03
 -2.4636E-02  1.7533E-02 -7.8393E-03
 -2.5384E-02  1.8797E-02 -7.2158E-03
 -2.6055E-02  1.7524E-02 -8.2269E-03
 -1.6662E-02  1.7895E-02 -5.4579E-03
 -1.4202E-02  1.7441E-02 -5.0923E-03
 -1.7715E-02  1.8297E-02 -5.4787E-03
 -1.6027E-02  1.8181E-02 -5.1002E-03
 -1.7765E-02  1.8016E-02 -5.6754E-03
 -1.6467E-02  1.6667E-02 -6.2065E-03
 -1.4486E-02  1.8022E-02 -4.7896E-03
 -1.8706E-02  1.6256E-02 -7.0770E-03
 -1.4603E-02  2.0364E-02 -3.2929E-03
 -1.2250E-02  2.0231E-02 -2.7463E-03
 -1.5979E-02  2.2357E-02 -2.3626E-03
 -1.4708E-02  2.4481E-02 -6.3484E-04
 -1.6608E-02  2.6632E-02  2.5718E-04
 -1.9169E-02  2.6823E-02 -3.0737E-04
 -1.5229E-02  2.8821E-02  2.0566E-03
 -1.2291E-02  2.4237E-02 -1.4368E-04
 -1.0168E-02  2.4871E-02  8.4123E-04
 -1.2564E-02  2.3348E-02 -7.9713E-04
 -1.0277E-02  2.3088E-02 -3.5144E-04
 -1.1090E-02  2.2433E-02 -9.9779E-04
 -8.7693E-03  2.0884E-02 -1.3841E-03
 -1.1610E-02  2.4653E-02  3.1123E-04
 -1.3974E-02  2.6401E-02  8.1562E-04
 -7.8994E-03  2.1386E-02 -8.2200E-04
 -5.5308E-03  2.1688E-02  1.1854E-05
 -8.5474E-03  1.9644E-02 -2.1332E-03
 -6.5259E-03  1.7865E-02 -2.7499E-03
 -7.9258E-03  1.5954E-02 -4.3739E-03
 -4.8863E-03  1.8972E-02 -1.5864E-03
 -2.4154E-03  1.8315E-02 -1.3506E-03
 -6.2580E-03  2.0649E-02 -8.6140E-04
 -4.9002E-03  2.1847E-02  2.8562E-04
 -6.9184E-03  2.3310E-02  6.9704E-04
 -8.9794E-03  2.2200E-02 -5.8196E-04
 -7.6506E-03  2.0090E-02 -1.6012E-03
 -1.0310E-02  2.4127E-02  3.1770E-04
 -3.1325E-03  2.3477E-02  1.8245E-03
 -1.0626E-03  2.3831E-02  2.6122E-03
 -3.9584E-03  2.4484E-02  2.2594E-03
 -2.4157E-03  2.6116E-02  3.7393E-03
 -4.0999E-03  2.7563E-02  4.2301E-03
 -6.6055E-03  2.9139E-02  4.5843E-03
 -2.3353E-03  2.9073E-02  5.6905E-03
  1.1318E-04  2.4734E-02  3.5183E-03
  2.2435E-03  2.5583E-02  4.6451E-03
 -9.2280E-05  2.2601E-02  2.0708E-03
  2.2633E-03  2.1154E-02  1.7610E-03
  1.3367E-03  1.9122E-02  1.8572E-04
  3.1628E-03  1.8246E-02  1.0524E-04
  1.6350E-03  1.6885E-02 -1.1939E-03
  3.2441E-04  1.4888E-02 -2.8493E-03
 -1.4993E-03  1.3687E-02 -4.1239E-03
  4.3006E-03  2.0277E-02  1.7365E-03
  6.7637E-03  2.0255E-02  2.3852E-03
  3.2276E-03  1.9618E-02  1.0180E-03
  4.8549E-03  1.8833E-02  9.4360E-04
  2.9721E-03  1.8139E-02 -1.5607E-05
  4.2889E-03  1.7656E-02  2.3612E-05
  2.3111E-03  1.7056E-02 -9.0000E-04
  2.1285E-03  1.8204E-02 -2.0017E-04
  9.5576E-04  1.5413E-02 -2.3366E-03
  6.2576E-03  2.0915E-02  2.6793E-03
  8.7506E-03  2.0773E-02  3.2578E-03
  1.4021E-02  2.6295E-02  5.4450E-03
  1.4547E-02  2.7059E-02  5.5089E-03
  1.6450E-02  2.9408E-02  1.5320E-03
  1.7112E-02  3.0349E-02  1.3959E-03
  1.8728E-02  3.3062E-02  5.2945E-03
  1.9193E-02  3.3748E-02  5.4688E-03
  1.7441E-02  3.1374E-02  6.9753E-03
  1.8043E-02  3.2239E-02  6.9580E-03
  1.5107E-02  2.8169E-02  8.5831E-03
  1.2208E-02  2.3685E-02  5.4670E-03
  1.1756E-02  2.3331E-02  8.4868E-03
  1.0718E-02  2.1203E-02  2.0713E-03
  8.5139E-03  1.7997E-02  1.7514E-03
  7.4345E-03  1.5984E-02 -2.8910E-03
  9.6268E-03  1.8780E-02 -6.5660E-03
  6.1219E-03  1.4029E-02 -3.5349E-03
  5.1136E-03  1.2131E-02 -8.0517E-03
  6.3978E-03  1.5315E-02  5.4727E-03
  4.3473E-03  1.2361E-02  5.4728E-03
  6.8632E-03  1.6283E-02  8.4969E-03
  5.0742E-03  1.4092E-02  1.2416E-02
  5.2454E-03  1.4472E-02  1.3771E-02
  5.7709E-03  1.5480E-02  1.6311E-02
  4.3359E-03  1.3760E-02  1.9834E-02
  8.0224E-03  1.8668E-02  1.5748E-02
  8.8197E-03  2.0148E-02  1.9110E-02
  1.1631E-02  2.4102E-02  1.8132E-02
  1.3380E-02  2.6667E-02  1.8591E-02
  1.6253E-02  3.0721E-02  1.7729E-02
  1.6914E-02  3.1652E-02  1.7495E-02
  1.7865E-02  3.3002E-02  1.7301E-02
  6.9809E-03  1.7498E-02  1.9096E-02
  5.9338E-03  1.5652E-02  1.5672E-02
  6.5256E-03  1.7228E-02  2.3017E-02
  4.6946E-03  1.4659E-02  2.3710E-02
  4.2009E-03  1.4449E-02  2.8801E-02
  3.2212E-03  1.3307E-02  3.1528E-02
  5.0433E-03  1.6278E-02  3.5040E-02
  4.1696E-03  1.5419E-02  3.9090E-02
  7.3262E-03  1.9442E-02  3.3772E-02
  5.3602E-03  1.5361E-02  2.1102E-02
  3.6500E-03  1.2828E-02  2.0409E-02
  7.8424E-03  1.8792E-02  1.9637E-02
  8.7353E-03  1.9818E-02  1.6987E-02
  1.1685E-02  2.4072E-02  1.7032E-02
  1.3292E-02  2.6128E-02  1.4402E-02
  1.5590E-02  2.9323E-02  1.3224E-02
  1.2334E-02  2.4661E-02  1.3528E-02
  7.8330E-03  1.8043E-02  1.2176E-02
  7.9155E-03  1.7925E-02  9.7684E-03
  6.8830E-03  1.6549E-02  1.0898E-02
  5.8572E-03  1.4636E-02  6.4922E-03
  6.7338E-03  1.5693E-02  4.3975E-03
  1.0125E-02  2.0474E-02  3.3355E-03
  2.9278E-03  1.0481E-02  7.1493E-03
  1.6221E-03  8.3326E-03  4.4419E-03
  1.8844E-03  9.3392E-03  1.0821E-02
 -9.0814E-04  5.4154E-03  1.1830E-02
 -1.5135E-03  5.0261E-03  1.6728E-02
 -4.3647E-03  1.0838E-03  1.8407E-02
 -4.7311E-03  1.0602E-03  2.3523E-02
 -5.4962E-03  2.2384E-04  2.6220E-02
 -3.9101E-03  2.6008E-03  2.7152E-02
 -4.8128E-03  1.5436E-03  2.9621E-02
 -1.4243E-03  6.0358E-03  2.5666E-02
 -2.2000E-03  3.2275E-03  8.5164E-03
 -4.5130E-03 -1.5939E-04  7.9643E-03
 -6.9080E-04  5.1747E-03  6.2122E-03
 -1.7158E-03  3.3746E-03  2.9323E-03
 -6.3661E-04  4.9814E-03  3.4593E-03
 -1.4762E-03  4.2191E-03  7.9970E-03
  3.7124E-04  7.1540E-03  1.0768E-02
 -3.7463E-03  1.0437E-03  8.9628E-03
 -1.1119E-03  3.7647E-03 -1.9356E-03
 -2.0416E-03  2.1151E-03 -5.0818E-03
  4.9135E-04  6.0160E-03 -2.5307E-03
  1.2287E-03  6.6418E-03 -6.9583E-03
  4.1322E-03  1.0796E-02 -7.2494E-03
  5.3086E-03  1.2832E-02 -3.7950E-03
  9.6898E-03  7.1258E-03 -3.1358E-03
  9.8544E-03  5.7737E-03 -2.8843E-03
  9.4724E-03  3.5499E-03 -2.0240E-03
  7.7152E-03  3.5134E-03 -8.1185E-04
  7.7338E-03  3.0906E-03 -7.1063E-04
  6.1496E-03  2.9576E-03  4.0912E-04
  4.5047E-03  3.2550E-03  1.4545E-03
  4.4566E-03  3.6829E-03  1.3722E-03
  6.0601E-03  3.8118E-03  2.4032E-04
  8.6224E-03  6.7063E-03 -2.2924E-03
  7.3582E-03  8.1166E-03 -1.8072E-03
  9.0434E-03  5.9558E-03 -2.3784E-03
  7.9959E-03  6.6583E-03 -1.8508E-03
  9.1721E-03  7.4982E-03 -2.8818E-03
  8.3967E-03  8.1810E-03 -2.5351E-03
  9.8904E-03  8.8913E-03 -3.7485E-03
  6.8304E-03  9.9767E-03 -1.9470E-03
  7.2821E-03  4.7394E-03 -8.4566E-04
  8.2908E-03  3.2795E-03 -1.1427E-03
  5.5453E-03  4.7117E-03  3.5017E-04
  4.5875E-03  3.0239E-03  1.4601E-03
  3.0864E-03  2.8122E-03  2.5442E-03
  2.0911E-03  9.1479E-04  3.7362E-03
  9.3166E-04  1.0386E-03  4.4962E-03
  3.3881E-03 -1.1510E-03  3.4051E-03
  3.8716E-03  3.6911E-03  1.7703E-03
  2.7675E-03  5.2905E-03  2.0950E-03
  4.5660E-03  2.4649E-03  1.6253E-03
  4.1293E-03  2.9274E-03  1.7996E-03
  5.9084E-03  2.3621E-03  7.3452E-04
  5.6602E-03  2.3619E-03  9.0443E-04
  5.8564E-03  6.2733E-04  1.2373E-03
  5.3470E-03  4.0760E-03  6.5706E-04
  2.6444E-03  1.7162E-03  3.1418E-03
  2.9340E-03 -2.0978E-04  3.4624E-03
  1.0455E-03  2.8343E-03  3.9348E-03
 -4.3746E-04  1.8133E-03  5.2244E-03
 -1.3506E-03  3.4651E-04  6.2442E-03
 -1.9630E-03 -1.1928E-03  7.0778E-03
 -1.3543E-03  7.1946E-04  6.1463E-03
 -2.2306E-03 -5.3719E-04  7.0844E-03
 -1.0027E-03 -2.5003E-03  6.7728E-03
 -1.9515E-03 -3.8435E-03  7.7837E-03
 -1.9304E-03 -3.5360E-03  7.6865E-03
 -2.9637E-03 -4.6096E-03  8.6826E-03
 -4.0092E-03 -5.9895E-03  9.7696E-03
 -4.0398E-03 -6.3343E-03  9.8834E-03
 -3.0126E-03 -5.2687E-03  8.8936E-03
 -2.7317E-03  8.7826E-04  7.0460E-03
 -1.5989E-03  1.7938E-03  6.0243E-03
 -4.3957E-03  9.4586E-04  8.1664E-03
 -4.9298E-03  2.1959E-03  8.1952E-03
 -6.9323E-03  2.5160E-03  9.4792E-03
 -7.2754E-03  4.4937E-04  1.0271E-02
 -5.8682E-03 -1.8906E-04  9.4795E-03
 -6.7055E-03  1.9939E-04  9.9479E-03
 -6.5095E-03  1.7645E-03  9.3922E-03
 -7.5970E-03 -1.2923E-03  1.0960E-02
 -8.5474E-03 -1.0988E-03  1.1558E-02
 -7.9554E-03 -3.0170E-03  1.1669E-02
 -6.1214E-03 -3.0575E-03  1.0425E-02
 -5.5366E-03 -5.0750E-03  1.0568E-02
 -3.8004E-03 -6.0335E-03  9.6387E-03
 -3.5515E-03 -7.7896E-03  9.9413E-03
 -1.9116E-03 -8.5340E-03  9.0196E-03
 -4.9249E-03 -8.8383E-03  1.1163E-02
 -1.0614E-02 -8.4191E-04  1.2903E-02
 -1.1623E-02 -4.2238E-04  1.3480E-02
 -1.1252E-02 -1.0763E-03  1.3403E-02
 -1.3185E-02 -9.1108E-04  1.4681E-02
 -1.3757E-02 -3.1041E-03  1.5662E-02
 -1.3211E-02 -4.2011E-03  1.5585E-02
 -1.2886E-02 -4.3467E-03  1.5401E-02
 -1.3615E-02 -5.6902E-05  1.4745E-02
 -1.2396E-02 -1.6074E-04  1.3939E-02
 -1.5337E-02  7.5074E-04  1.5705E-02
 -1.5964E-02  1.5780E-03  1.5912E-02
 -1.8014E-02  2.5012E-03  1.7065E-02
 -1.8715E-02  2.7711E-03  1.7473E-02
 -1.8331E-02  4.6103E-03  1.6715E-02
 -2.0286E-02  5.4052E-03  1.7838E-02
 -1.5612E-02 -1.6493E-04  1.6140E-02
 -1.5201E-02  2.5047E-04  1.5747E-02
 -1.9979E-02  1.6728E-03  1.7442E-02
 -2.0785E-02  1.1559E-03  1.8145E-02
 -2.1413E-02 -8.1764E-04  1.9354E-02
 -1.9840E-02 -1.8262E-03  1.8834E-02
 -1.9668E-02 -1.2334E-04  1.8012E-02
 -1.7686E-02 -4.6411E-04  1.6965E-02
 -1.7445E-02 -1.0343E-03  1.7060E-02
 -1.6267E-02 -1.6764E-04  1.5986E-02
 -1.4292E-02 -3.9500E-04  1.4895E-02
 -1.2932E-02 -4.3696E-04  1.4095E-02
 -1.2502E-02 -2.5008E-03  1.4706E-02
 -1.1566E-02 -2.4757E-03  1.4133E-02
 -1.1460E-02 -6.4821E-04  1.3299E-02
 -1.1018E-02 -4.0802E-03  1.4480E-02
 -1.4047E-02  1.3329E-03  1.4020E-02
 -1.3071E-02  9.7770E-04  1.3582E-02
 -1.4987E-02  3.2013E-03  1.3797E-02
 -1.4900E-02  4.9989E-03  1.2987E-02
 -1.5840E-02  6.9431E-03  1.2733E-02
 -1.5868E-02  4.9124E-03  1.3606E-02
 -1.5197E-02  5.4682E-03  1.2968E-02
 -1.7480E-02  4.2393E-03  1.4858E-02
 -1.8553E-02  4.1160E-03  1.5555E-02
 -2.0484E-02  3.6202E-03  1.6925E-02
 -2.1999E-02  4.5268E-03  1.7454E-02
 -2.2497E-02  3.3637E-03  1.8243E-02
 -2.2638E-02  6.4186E-03  1.7041E-02
 -1.7452E-02  2.5382E-03  1.5559E-02
 -1.7503E-02  2.8790E-03  1.5446E-02
 -1.6430E-02  8.3543E-04  1.5662E-02
 -1.5280E-02 -8.0455E-04  1.5662E-02
 -1.4534E-02 -2.6786E-03  1.6003E-02
 -1.3634E-02 -7.2979E-05  1.4364E-02
 -1.3137E-02 -6.3175E-04  1.4300E-02
 -1.2770E-02  1.1671E-03  1.3321E-02
 -1.1225E-02  1.9698E-03  1.2054E-02
 -1.0416E-02  3.3431E-03  1.0989E-02
 -8.9301E-03  2.1584E-03  1.0595E-02
 -8.3805E-03  3.8822E-03  9.5382E-03
 -6.5779E-03  4.8412E-03  8.0503E-03
 -1.1992E-02  3.2270E-03  1.1986E-02
 -1.1027E-02  3.1574E-03  1.1434E-02
 -1.3721E-02  4.3953E-03  1.2532E-02
 -1.4522E-02  5.6896E-03  1.2469E-02
 -1.6391E-02  7.1446E-03  1.2979E-02
 -1.7097E-02  8.7160E-03  1.2741E-02
 -1.8576E-02  1.0568E-02  1.2850E-02
 -2.0539E-02  1.0093E-02  1.4230E-02
 -2.1991E-02  1.2049E-02  1.4278E-02
 -1.4866E-02  4.3975E-03  1.3220E-02
 -1.4447E-02  4.8717E-03  1.2768E-02
 -1.5611E-02  2.7626E-03  1.4357E-02
 -1.6076E-02  1.3454E-03  1.5234E-02
 -1.7180E-02 -1.5419E-04  1.6530E-02
 -1.9068E-02  8.6613E-04  1.7235E-02
 -2.0673E-02  1.4975E-03  1.7933E-02
 -2.1318E-02  3.3820E-03  1.7527E-02
 -2.1298E-02  9.4657E-05  1.8900E-02
 -1.4334E-02  1.8010E-04  1.4678E-02
 -1.4458E-02 -3.8001E-04  1.4989E-02
 -1.2717E-02 -2.3858E-04  1.3882E-02
 -1.0934E-02 -1.2842E-03  1.3251E-02
 -9.5695E-03 -2.4011E-03  1.2901E-02
 -9.9745E-03  2.0778E-04  1.2045E-02
 -8.4356E-03 -4.2713E-04  1.1388E-02
 -1.0868E-02  2.1843E-03  1.1749E-02
 -1.0123E-02  3.7548E-03  1.0640E-02
 -8.6915E-03  4.7325E-03  9.3667E-03
 -7.7954E-03  5.8575E-03  8.3538E-03
  7.0722E-04  2.6863E-03  7.4739E-03
  2.3637E-04  1.7094E-03  7.2024E-03
 -8.7743E-05  6.1185E-04  7.2894E-03
 -5.8243E-04 -4.1111E-04  7.0019E-03
 -4.1785E-04  8.3961E-04  6.5108E-03
 -6.6749E-04 -1.1722E-04  6.6497E-03
  5.5373E-04  1.4542E-03  7.9744E-03
  7.8517E-04  7.9431E-04  8.8427E-03
  5.8521E-04  1.9972E-03  7.6846E-03
  8.8182E-04  1.7856E-03  8.3888E-03
  1.1762E-03  2.8646E-03  8.2567E-03
  6.7488E-04  3.1480E-03  7.1144E-03
  5.9619E-04  3.1003E-03  6.9946E-03
  3.4696E-04  3.3825E-03  6.3357E-03
  3.7086E-04  7.3971E-04  8.0849E-03
 -2.0192E-04  3.7672E-04  7.2225E-03
  5.7903E-04  2.3756E-04  8.8070E-03
  1.3570E-04 -7.7008E-04  8.6079E-03
  5.0241E-05 -1.9794E-03  9.2238E-03
  6.7923E-04 -2.0057E-03  1.0445E-02
 -2.5125E-04 -2.2704E-03  8.8343E-03
  3.8098E-04 -5.9007E-04  8.9614E-03
  9.4563E-04 -2.3227E-04  9.8115E-03
 -4.5520E-05 -8.4726E-04  8.3108E-03
  1.6861E-04 -6.8280E-04  8.6146E-03
 -3.5437E-04 -7.0376E-04  7.6271E-03
 -5.3949E-04  1.8956E-04  6.6969E-03
 -1.0637E-03 -1.4375E-04  5.9084E-03
 -1.4756E-04  1.2340E-03  6.7740E-03
  3.2740E-04 -1.6145E-03  9.5191E-03
  7.5914E-04 -1.3580E-03  1.0180E-02
 -5.0350E-05 -2.7067E-03  9.5001E-03
  4.6649E-05 -3.6771E-03  1.0311E-02
 -4.4345E-04 -4.4084E-03  9.8445E-03
 -3.9836E-04 -3.7667E-03  9.5172E-03
 -1.3719E-05 -3.7564E-03  1.0247E-02
  2.2518E-05 -3.1404E-03  9.9191E-03
 -3.3387E-04 -2.5363E-03  8.8475E-03
 -3.1612E-04 -1.9095E-03  8.4775E-03
 -7.1482E-04 -2.5434E-03  8.1229E-03
 -7.4577E-04 -3.1569E-03  8.4592E-03
  6.4550E-08 -4.5214E-03  1.0766E-02
 -4.0839E-04 -4.8458E-03  1.0194E-02
  3.8724E-04 -4.9720E-03  1.1798E-02
  4.1148E-04 -5.8318E-03  1.2398E-02
  1.0547E-03 -5.3421E-03  1.3314E-02
  1.1663E-03 -4.2836E-03  1.2845E-02
  1.0600E-03 -6.2838E-03  1.3931E-02
  3.6101E-04 -6.7464E-03  1.2891E-02
  7.8784E-04 -6.5300E-03  1.3569E-02
 -1.8943E-04 -7.7385E-03  1.2477E-02
 -3.1675E-04 -8.6864E-03  1.2844E-02
 -9.8042E-04 -9.1246E-03  1.1857E-02
 -1.1395E-03 -8.2051E-03  1.0959E-02
 -7.0709E-04 -7.5831E-03  1.1386E-02
 -1.8410E-03 -8.8138E-03  1.0009E-02
 -3.0231E-04 -9.6720E-03  1.3507E-02
 -5.7013E-04 -9.9767E-03  1.3191E-02
  3.5860E-05 -1.0136E-02  1.4453E-02
  6.7467E-05 -1.1102E-02  1.5137E-02
  7.6135E-04 -1.0878E-02  1.6321E-02
  8.0559E-04 -1.1828E-02  1.7018E-02
  1.4387E-03 -1.1837E-02  1.8235E-02
  1.4748E-03 -1.2678E-02  1.8847E-02
  1.8906E-03 -1.1026E-02  1.8578E-02
 -3.0743E-04 -1.2146E-02  1.5092E-02
 -1.3255E-04 -1.2153E-02  1.5432E-02
 -8.3381E-04 -1.3014E-02  1.4644E-02
 -1.2378E-03 -1.4058E-02  1.4544E-02
 -1.9124E-03 -1.4590E-02  1.3595E-02
 -2.4212E-03 -1.5395E-02  1.3140E-02
 -2.6763E-03 -1.6612E-02  1.3436E-02
 -3.2054E-03 -1.7390E-02  1.2925E-02
 -3.4755E-03 -1.6938E-02  1.2117E-02
 -3.2163E-03 -1.5715E-02  1.1825E-02
 -2.6923E-03 -1.4959E-02  1.2340E-02
 -9.4662E-04 -1.4864E-02  1.5621E-02
 -1.0137E-03 -1.5402E-02  1.5839E-02
 -6.3902E-04 -1.4979E-02  1.6284E-02
 -3.0345E-04 -1.5672E-02  1.7373E-02
  3.2251E-04 -1.5009E-02  1.8144E-02
  7.6480E-04 -1.5515E-02  1.9316E-02
  9.8260E-04 -1.5745E-02  1.9881E-02
  8.9425E-04 -1.5680E-02  1.9671E-02
 -6.4742E-04 -1.6953E-02  1.7540E-02
 -8.4270E-04 -1.7196E-02  1.7323E-02
 -6.3898E-03 -2.1691E-02 -4.3039E-04
 -5.7406E-03 -2.0565E-02 -9.9437E-04
 -5.3155E-03 -1.9222E-02  4.0326E-04
 -5.9307E-03 -1.9911E-02  2.0393E-03
 -4.6274E-03 -1.8086E-02 -3.6406E-04
 -5.0940E-03 -1.9792E-02 -2.5747E-03
 -4.7392E-03 -1.9018E-02 -2.4205E-03
 -4.9519E-03 -2.0033E-02 -4.1185E-03
 -5.3765E-03 -2.0958E-02 -4.3003E-03
 -5.2178E-03 -2.1308E-02 -6.2635E-03
 -4.3465E-03 -1.9769E-02 -6.9382E-03
 -4.3671E-03 -1.9423E-02 -5.8082E-03
 -3.5210E-03 -1.7661E-02 -5.6833E-03
 -3.1436E-03 -1.6653E-02 -4.9802E-03
 -3.2093E-03 -1.7291E-02 -6.4527E-03
 -2.4067E-03 -1.5650E-02 -6.4218E-03
 -2.1065E-03 -1.5489E-02 -7.7323E-03
 -2.5315E-03 -1.6132E-02 -7.0900E-03
 -2.3179E-03 -1.6036E-02 -8.0758E-03
 -3.0630E-03 -1.6704E-02 -5.6082E-03
 -1.7571E-03 -1.4450E-02 -6.7728E-03
 -1.2979E-03 -1.3198E-02 -5.8418E-03
 -1.7028E-03 -1.4810E-02 -8.1451E-03
 -1.0822E-03 -1.3709E-02 -8.6139E-03
 -1.1060E-03 -1.4331E-02 -1.0288E-02
 -7.0151E-04 -1.4095E-02 -1.1997E-02
  1.4582E-04 -1.2402E-02 -1.2080E-02
  2.5681E-04 -1.2254E-02 -1.2308E-02
  6.9144E-04 -1.1235E-02 -1.1912E-02
 -1.1713E-03 -1.3386E-02 -7.1410E-03
 -5.6359E-04 -1.2038E-02 -6.8137E-03
 -1.9314E-03 -1.4620E-02 -6.2371E-03
 -2.0635E-03 -1.4402E-02 -4.8156E-03
 -2.9460E-03 -1.6008E-02 -4.2687E-03
 -3.0959E-03 -1.6722E-02 -5.4629E-03
 -3.8933E-03 -1.8026E-02 -4.5397E-03
 -3.1142E-03 -1.7373E-02 -7.2554E-03
 -1.8102E-03 -1.3371E-02 -3.3101E-03
 -1.4230E-03 -1.2315E-02 -2.5259E-03
 -1.9835E-03 -1.3608E-02 -2.9748E-03
 -1.7435E-03 -1.2641E-02 -1.5766E-03
 -2.0794E-03 -1.3227E-02 -1.2931E-03
 -1.6722E-03 -1.1996E-02 -1.1645E-04
 -3.0063E-03 -1.4825E-02 -4.6008E-04
 -3.3661E-03 -1.5540E-02 -4.1374E-04
 -8.0038E-04 -1.0899E-02 -2.0860E-03
 -4.3946E-04 -9.7845E-03 -9.7294E-04
 -4.1194E-04 -1.0677E-02 -3.7415E-03
  4.8577E-04 -9.0860E-03 -4.4212E-03
  7.8496E-04 -9.1651E-03 -6.4262E-03
  4.3193E-04 -1.0040E-02 -6.8851E-03
  1.6982E-03 -7.5096E-03 -7.0111E-03
  8.6170E-04 -8.2150E-03 -4.1090E-03
  1.4254E-03 -6.8405E-03 -3.4408E-03
  5.2464E-04 -9.0489E-03 -4.5436E-03
  8.0679E-04 -8.3995E-03 -4.3217E-03
  3.6271E-04 -9.5825E-03 -5.1404E-03
  5.3480E-04 -9.9177E-03 -7.1390E-03
  6.8619E-05 -1.1117E-02 -7.8737E-03
  1.1267E-03 -9.0038E-03 -7.9820E-03
  6.7137E-04 -8.0143E-03 -2.3947E-03
  1.1737E-03 -6.8349E-03 -1.9320E-03
 -1.7013E-05 -9.0307E-03 -1.2786E-03
 -2.2029E-04 -8.8002E-03  5.9948E-04
 -1.1092E-03 -1.0283E-02  1.5429E-03
 -1.7438E-03 -1.1741E-02  1.0511E-03
 -2.6174E-03 -1.3261E-02  1.7975E-03
 -3.2051E-03 -1.4631E-02  1.2844E-03
 -4.0185E-03 -1.6069E-02  1.9121E-03
 -4.5056E-03 -1.7242E-02  1.3767E-03
 -4.3483E-03 -1.6343E-02  3.0676E-03
  3.5065E-04 -7.3588E-03  1.4199E-03
  4.4281E-04 -6.6992E-03  2.7981E-03
  7.7821E-04 -6.7959E-03  5.2702E-04
  1.3060E-03 -5.4578E-03  1.3019E-03
  1.0312E-03 -5.9347E-03  1.5398E-03
  1.6626E-03 -4.4736E-03  2.0588E-03
  2.0055E-04 -7.1427E-03  2.9405E-03
 -2.6936E-04 -8.1543E-03  2.7752E-03
  2.2189E-03 -3.8984E-03  4.3875E-04
  2.6737E-03 -2.6712E-03  1.3226E-03
  1.5169E-03 -3.1253E-03 -1.1580E-02
  1.0150E-03 -2.6459E-03 -1.1776E-02
  1.0946E-03 -2.6938E-03 -1.2192E-02
  1.2261E-03 -2.8483E-03 -1.1682E-02
  1.5184E-03 -3.0500E-03 -1.2797E-02
  6.1871E-04 -2.3180E-03 -1.1129E-02
  1.3723E-04 -1.8658E-03 -1.1195E-02
  8.2880E-04 -2.5536E-03 -1.0492E-02
  4.8826E-04 -2.2776E-03 -9.8449E-03
  3.0193E-04 -2.1294E-03 -9.4458E-03
  2.8290E-04 -2.1540E-03 -8.7744E-03
  1.7226E-04 -1.9841E-03 -9.8357E-03
 -1.0055E-05 -1.8379E-03 -9.4639E-03
  4.1378E-04 -2.2306E-03 -9.4913E-03
  4.7890E-04 -2.2475E-03 -1.0183E-02
  8.7003E-04 -2.6183E-03 -1.0076E-02
  9.9543E-04 -2.6921E-03 -1.0755E-02
  1.4876E-03 -3.1327E-03 -1.1031E-02
  1.5643E-03 -3.1645E-03 -1.1660E-02
  1.9045E-03 -3.5431E-03 -1.0676E-02
 -5.4496E-04 -1.3249E-03 -9.7057E-03
 -6.4839E-04 -1.1877E-03 -1.0356E-02
 -8.9043E-04 -1.0382E-03 -9.1551E-03
 -1.4371E-03 -5.2467E-04 -9.2306E-03
 -1.8227E-03 -1.9801E-04 -8.7212E-03
 -1.7374E-03 -2.7831E-04 -8.7064E-03
 -1.9115E-03 -7.3032E-05 -9.3921E-03
 -1.8795E-03 -1.0831E-04 -9.3055E-03
 -1.4954E-03 -4.4680E-04 -9.6059E-03
 -1.4985E-03 -4.5131E-04 -9.4891E-03
 -1.1133E-03 -7.7533E-04 -1.0034E-02
 -1.4486E-03 -5.2811E-04 -9.0074E-03
 -1.2100E-03 -7.8387E-04 -8.4727E-03
 -1.7473E-03 -2.2589E-04 -9.3917E-03
 -1.7776E-03 -2.0658E-04 -9.2507E-03
 -1.4795E-03 -4.4426E-04 -9.8806E-03
 -1.7816E-03 -1.1884E-04 -1.0583E-02
 -9.1494E-04 -9.6122E-04 -1.0013E-02
 -2.3485E-03  3.1990E-04 -9.1746E-03
 -2.7090E-03  6.7670E-04 -9.5136E-03
 -2.4389E-03  3.7451E-04 -8.7075E-03
 -2.9666E-03  8.6191E-04 -8.6496E-03
 -3.1081E-03  9.4612E-04 -7.8978E-03
 -3.6474E-03  1.4451E-03 -7.8523E-03
 -3.8162E-03  1.5840E-03 -7.5633E-03
 -4.3423E-03  2.0838E-03 -7.7251E-03
 -4.4927E-03  2.2471E-03 -8.0961E-03
 -4.0814E-03  1.8695E-03 -8.1777E-03
 -2.9531E-03  8.8442E-04 -9.2059E-03
 -2.7436E-03  6.8079E-04 -9.0673E-03
 -3.1790E-03  1.1341E-03 -9.8299E-03
 -3.1862E-03  1.1781E-03 -1.0422E-02
 -3.5595E-03  1.5625E-03 -1.1009E-02
 -3.2862E-03  1.2580E-03 -1.0214E-02
 -2.9269E-03  9.3093E-04 -1.0328E-02
 -3.7679E-03  1.6867E-03 -9.9040E-03
 -4.2681E-03  2.1498E-03 -9.8672E-03
 -4.6674E-03  2.5355E-03 -1.0091E-02
 -4.4942E-03  2.3472E-03 -9.6619E-03
 -3.8784E-03  1.7766E-03 -9.6997E-03
 -3.6487E-03  1.5174E-03 -8.9781E-03
 -3.9464E-03  1.7628E-03 -8.4777E-03
 -3.1215E-03  1.0239E-03 -8.9335E-03
 -2.8458E-03  7.2665E-04 -8.2869E-03
 -3.0331E-03  8.5874E-04 -7.6187E-03
 -2.8675E-03  7.0815E-04 -7.6737E-03
 -2.2508E-03  1.8205E-04 -8.4312E-03
 -1.9151E-03 -1.4804E-04 -8.1510E-03
 -2.1293E-03  9.5561E-05 -8.8525E-03
 -1.5824E-03 -4.0112E-04 -9.0465E-03
 -1.3305E-03 -6.6935E-04 -8.5107E-03
 -8.7366E-04 -1.0861E-03 -8.6429E-03
 -1.8225E-04 -3.5130E-04 -5.4393E-03
 -8.5560E-05 -8.4161E-04 -5.1806E-03
 -1.8475E-04  4.8958E-04 -4.2324E-03
  4.1259E-05  1.9524E-04 -2.3796E-03
 -2.4939E-05  1.3348E-03 -1.3788E-03
 -3.0814E-04  3.0683E-03 -1.7007E-03
 -4.1964E-04  4.2961E-03 -1.0285E-03
 -6.7831E-04  5.8318E-03 -1.3924E-03
 -2.7385E-04  3.9930E-03  7.6133E-07
 -1.9112E-04 -1.2364E-03 -6.8259E-03
 -4.3859E-04 -3.5478E-04 -8.0351E-03
 -4.4304E-06 -2.5449E-03 -6.8566E-03
 -7.5424E-05 -3.0900E-03 -8.3728E-03
  9.6156E-05 -4.7348E-03 -9.0490E-03
 -2.5969E-05 -5.0867E-03 -1.0799E-02
  4.1256E-04 -6.1518E-03 -7.9277E-03
 -3.4292E-05 -3.2585E-03 -8.2041E-03
  1.8238E-04 -3.9291E-03 -6.9970E-03
 -2.4420E-04 -2.6597E-03 -9.4481E-03
 -2.4440E-04 -2.6885E-03 -9.4922E-03
 -5.0103E-04 -9.2663E-04 -9.5041E-03
 -5.0688E-04  8.9912E-05 -8.0736E-03
 -6.4463E-04  9.6041E-04 -8.1902E-03
 -6.3219E-04  1.7995E-03 -6.8349E-03
 -4.8055E-04  1.7721E-03 -5.3425E-03
 -4.6433E-04  2.5824E-03 -3.9913E-03
 -3.4279E-04  9.2111E-04 -5.1973E-03
 -3.5742E-04  9.1532E-05 -6.5608E-03
 -2.7767E-04 -3.5320E-03 -1.1064E-02
 -3.4097E-04 -3.8389E-03 -1.2154E-02
 -2.2191E-04 -3.9655E-03 -1.1136E-02
 -2.6252E-04 -4.6905E-03 -1.2609E-02
  1.3422E-05 -6.5649E-03 -1.2567E-02
 -3.8790E-05 -7.3068E-03 -1.4182E-02
 -7.9904E-05 -7.9072E-03 -1.5477E-02
 -1.3678E-04 -8.3429E-03 -1.6690E-02
 -1.3012E-04 -8.0245E-03 -1.6156E-02
 -7.1373E-05 -7.4002E-03 -1.4648E-02
 -3.8779E-04 -3.9627E-03 -1.2808E-02
 -2.3614E-04 -4.3774E-03 -1.1884E-02
 -6.6146E-04 -2.9195E-03 -1.4046E-02
 -8.1812E-04 -2.0890E-03 -1.4412E-02
 -1.0715E-03 -1.5846E-03 -1.6234E-02
 -9.6970E-04 -3.0636E-03 -1.7372E-02
 -1.2961E-03 -2.7531E-04 -1.6585E-02
 -6.3214E-04 -3.0645E-03 -1.3962E-02
 -6.8838E-04 -2.3499E-03 -1.3483E-02
 -4.1448E-04 -4.6885E-03 -1.4142E-02
 -2.2127E-04 -5.7058E-03 -1.3680E-02
 -1.4936E-04 -7.0744E-03 -1.4959E-02
 -3.9129E-04 -6.5250E-03 -1.6598E-02
 -5.6485E-04 -6.1928E-03 -1.7866E-02
 -8.1622E-04 -5.5954E-03 -1.9531E-02
 -9.8749E-04 -5.2330E-03 -2.0731E-02
  5.5657E-05 -6.4660E-03 -1.1995E-02
  1.1597E-04 -6.0883E-03 -1.0832E-02
  2.1190E-04 -7.4502E-03 -1.1858E-02
  4.9249E-04 -8.3581E-03 -1.0353E-02
  6.4421E-04 -9.6530E-03 -1.0717E-02
  6.2196E-04 -1.0589E-02 -1.2314E-02
  5.7928E-04 -1.0995E-02 -1.3339E-02
  5.3287E-04 -1.1728E-02 -1.4883E-02
  5.3013E-04 -1.2066E-02 -1.5406E-02
  5.7505E-04 -1.1677E-02 -1.4382E-02
  6.2120E-04 -1.0950E-02 -1.2850E-02
  5.1614E-04 -7.4280E-03 -8.7510E-03
  7.1631E-04 -7.9199E-03 -7.4488E-03
  3.2476E-04 -6.1511E-03 -8.8140E-03
  3.2877E-04 -5.1656E-03 -7.3294E-03
  5.2602E-04 -5.8526E-03 -6.3426E-03
  3.9429E-04 -5.4646E-03 -7.1053E-03
  3.8502E-04 -4.7249E-03 -6.1152E-03
  3.0413E-04 -5.8328E-03 -8.5560E-03
  2.3210E-05 -3.3790E-03 -7.7994E-03
 -6.6073E-05 -2.7175E-03 -7.7325E-03
 -1.4357E-04 -2.5769E-03 -8.3097E-03
 -5.7675E-05 -3.1874E-03 -8.3363E-03
 -2.7787E-04 -1.6169E-03 -8.2602E-03
 -5.4714E-04 -4.9992E-04 -9.3448E-03
 -4.4225E-04 -8.5079E-04 -8.7989E-03
 -4.6577E-04  2.7980E-04 -7.3799E-03
 -2.6089E-04 -1.4714E-04 -5.9349E-03
 -7.0550E-04  1.6711E-03 -7.7639E-03
 -9.3866E-04  2.2231E-03 -9.3115E-03
 -1.1517E-03  3.9776E-03 -8.8939E-03
 -9.6832E-04  3.8961E-03 -7.1597E-03
 -7.2575E-04  2.7508E-03 -6.3865E-03
 -8.0234E-04  3.6516E-03 -5.8405E-03
 -9.1071E-04  3.7518E-03 -6.7889E-03
  2.6109E-04  1.0029E-02 -2.6438E-03
  2.8688E-04  1.2216E-02 -1.3345E-03
  1.3276E-03  1.3058E-02  9.4390E-04
  2.9341E-03  1.1217E-02  2.6442E-03
  3.8264E-03  1.2083E-02  4.6810E-03
  5.3198E-03  9.9838E-03  6.0370E-03
  5.9787E-03  1.0507E-02  7.4741E-03
 -1.2513E-03  1.4302E-02 -2.7750E-03
 -1.8446E-03  1.5402E-02 -3.1600E-03
 -1.8731E-03  1.4885E-02 -3.5082E-03
 -3.3640E-03  1.6770E-02 -4.9839E-03
 -3.6025E-03  1.8292E-02 -4.5138E-03
 -2.4259E-03  1.9198E-02 -1.9647E-03
 -5.1057E-03  2.0490E-02 -5.8297E-03
 -4.1468E-03  1.5100E-02 -7.2971E-03
 -4.0902E-03  1.3913E-02 -7.8864E-03
 -4.7548E-03  1.4828E-02 -8.5014E-03
 -5.5136E-03  1.3244E-02 -1.0724E-02
 -6.1900E-03  1.3413E-02 -1.1790E-02
 -6.9650E-03  1.1715E-02 -1.4107E-02
 -5.9608E-03  8.9607E-03 -1.3971E-02
 -6.0924E-03  7.3412E-03 -1.5135E-02
 -5.0901E-03  8.4152E-03 -1.2788E-02
 -6.6406E-03  1.3837E-02 -1.2321E-02
 -7.5320E-03  1.6019E-02 -1.2592E-02
 -6.5428E-03  1.1864E-02 -1.3294E-02
 -7.5123E-03  1.2103E-02 -1.4824E-02
 -6.9498E-03  1.2661E-02 -1.3533E-02
 -7.5692E-03  1.2715E-02 -1.4568E-02
 -5.7246E-03  1.2939E-02 -1.1263E-02
 -5.0668E-03  1.3544E-02 -9.7810E-03
 -5.0816E-03  1.6116E-02 -8.3184E-03
 -6.5569E-03  1.8250E-02 -9.6233E-03
 -7.2815E-03  1.9392E-02 -1.0210E-02
 -8.5718E-03  2.1895E-02 -1.0983E-02
 -9.1569E-03  2.3320E-02 -1.1165E-02
 -3.4944E-03  1.1643E-02 -8.1747E-03
 -2.6728E-03  1.0903E-02 -7.1884E-03
 -3.0648E-03  1.0915E-02 -7.8559E-03
 -1.5669E-03  9.1347E-03 -6.3078E-03
 -1.4514E-03  8.0794E-03 -6.7196E-03
  1.0970E-04  6.6280E-03 -4.8723E-03
  4.5379E-04  7.2412E-03 -3.9252E-03
  9.9288E-04  4.9132E-03 -4.3441E-03
 -5.6933E-04  1.0435E-02 -3.8386E-03
 -7.7322E-04  1.2339E-02 -3.0879E-03
  5.4533E-04  9.3119E-03 -2.5697E-03
  1.5931E-03  1.0299E-02 -1.9480E-04
  2.6445E-03  8.6499E-03  6.6052E-04
  1.8817E-03  8.5869E-03 -6.8882E-04
  2.5467E-03  6.8287E-03 -5.6134E-04
  6.2308E-04  1.0301E-02 -1.8635E-03
  2.4501E-03  1.0718E-02  1.5224E-03
  2.8966E-03  1.2339E-02  3.2287E-03
  2.7067E-03  9.2358E-03  1.1066E-03
  3.5380E-03  9.4576E-03  2.6658E-03
  4.5172E-03  6.8355E-03  2.8341E-03
  5.9530E-03  5.7503E-03  4.6777E-03
  4.7801E-03  6.9479E-03  3.3517E-03
  2.6574E-03  1.1287E-02  2.2087E-03
  3.2044E-03  1.2422E-02  3.8064E-03
  1.2863E-03  1.1662E-02  6.5573E-05
  3.8039E-04  1.3355E-02 -5.1458E-04
 -1.5449E-04  1.1948E-02 -2.2489E-03
  1.1209E-03  9.7457E-03 -1.3280E-03
 -1.0460E-03  1.1044E-02 -4.3069E-03
 -9.5103E-04  1.5622E-02 -1.4945E-03
 -1.6178E-03  1.7466E-02 -1.5752E-03
 -1.3137E-03  1.5525E-02 -2.1750E-03
 -2.5922E-03  1.7569E-02 -3.1930E-03
 -3.8617E-03  1.7459E-02 -5.4420E-03
 -4.9254E-03  1.9373E-02 -6.1653E-03
 -5.7115E-03  6.7979E-03 -5.0029E-03
 -6.0791E-03  6.6965E-03 -5.9570E-03
 -5.8270E-03  6.2936E-03 -6.4276E-03
 -6.3352E-03  6.3220E-03 -7.3451E-03
 -6.0976E-03  5.9655E-03 -7.7334E-03
 -6.2543E-03  5.7429E-03 -8.5672E-03
 -5.7502E-03  5.9035E-03 -7.2076E-03
 -5.8597E-03  6.3568E-03 -6.3404E-03
 -5.2163E-03  5.9431E-03 -6.0785E-03
 -6.3914E-03  6.5316E-03 -6.9550E-03
 -6.2415E-03  6.2437E-03 -7.3500E-03
 -6.9624E-03  6.5727E-03 -7.9642E-03
 -7.5378E-03  7.2514E-03 -7.4634E-03
 -7.5476E-03  7.3035E-03 -7.3584E-03
 -8.1743E-03  7.7342E-03 -7.5475E-03
 -6.9372E-03  6.9222E-03 -7.0831E-03
 -5.6095E-03  5.5244E-03 -7.8376E-03
 -5.4795E-03  5.2516E-03 -8.2350E-03
 -5.2052E-03  5.2221E-03 -7.7735E-03
 -4.5812E-03  4.5384E-03 -8.1919E-03
 -3.9564E-03  4.2838E-03 -7.5870E-03
 -3.6503E-03  4.4369E-03 -6.6289E-03
 -3.3011E-03  4.1479E-03 -6.6403E-03
 -3.0774E-03  4.1823E-03 -6.1247E-03
 -4.8546E-03  4.3824E-03 -9.0933E-03
 -5.4631E-03  4.7984E-03 -9.2825E-03
 -4.3835E-03  3.7743E-03 -9.6282E-03
 -4.5624E-03  3.5449E-03 -1.0521E-02
 -4.7848E-03  3.4289E-03 -1.1228E-02
 -5.5947E-03  4.0533E-03 -1.1312E-02
 -4.2904E-03  3.1353E-03 -1.0969E-02
 -3.8978E-03  2.9218E-03 -1.0716E-02
 -3.3087E-03  2.6836E-03 -1.0142E-02
 -4.0061E-03  2.6718E-03 -1.1521E-02
 -3.4031E-03  2.0727E-03 -1.1779E-02
 -3.6146E-03  2.1392E-03 -1.2031E-02
 -3.3129E-03  2.2294E-03 -1.1231E-02
 -4.4201E-03  2.6722E-03 -1.2323E-02
 -3.2925E-03  1.6421E-03 -1.2590E-02
 -3.8431E-03  1.8608E-03 -1.3137E-02
 -2.5863E-03  1.0495E-03 -1.2632E-02
 -2.4286E-03  5.9991E-04 -1.3397E-02
 -1.5965E-03  1.0800E-05 -1.3187E-02
 -1.4434E-03 -2.5875E-04 -1.3532E-02
 -5.9914E-04 -9.2812E-04 -1.3489E-02
 -1.0213E-04 -9.5474E-04 -1.2589E-02
  3.9387E-05 -8.0750E-04 -1.1964E-02
  5.0319E-04 -8.5207E-04 -1.1171E-02
 -2.8397E-04 -6.0810E-04 -1.2116E-02
 -2.6199E-03  4.1878E-04 -1.4199E-02
 -2.6248E-03  4.7427E-04 -1.4077E-02
 -2.7928E-03  2.1616E-04 -1.5017E-02
 -2.9767E-03  2.6835E-05 -1.5824E-02
 -3.2178E-03 -1.3359E-04 -1.6673E-02
 -3.2820E-03 -4.5460E-04 -1.7562E-02
 -3.8665E-03 -3.8293E-05 -1.7704E-02
 -4.6781E-03  4.9829E-04 -1.8000E-02
 -4.8842E-03  2.6921E-04 -1.8944E-02
 -2.2910E-03 -5.5054E-04 -1.5870E-02
 -2.3568E-03 -5.9063E-04 -1.6093E-02
 -1.6351E-03 -9.8563E-04 -1.5634E-02
 -9.1790E-04 -1.5680E-03 -1.5630E-02
 -2.7537E-04 -1.9666E-03 -1.5334E-02
 -3.8528E-04 -2.1173E-03 -1.5906E-02
 -9.9343E-05 -2.1995E-03 -1.5547E-02
 -7.5110E-04 -2.1558E-03 -1.6707E-02
 -7.6965E-04 -1.4239E-03 -1.5000E-02
 -4.9002E-04 -1.7406E-03 -1.5212E-02
 -9.6665E-04 -9.3967E-04 -1.4229E-02
 -8.5148E-04 -7.4745E-04 -1.3548E-02
 -1.0395E-03 -2.4098E-04 -1.2706E-02
 -6.1654E-04 -4.4639E-04 -1.2376E-02
 -8.0149E-04 -3.3468E-05 -1.1751E-02
 -1.0927E-04 -1.0127E-03 -1.2741E-02
 -1.3028E-03 -5.0709E-04 -1.3850E-02
 -1.1366E-03 -4.6915E-04 -1.3438E-02
 -1.8642E-03 -3.5657E-04 -1.4580E-02
 -2.3410E-03 -1.2423E-04 -1.4951E-02
 -2.8940E-03 -4.0742E-05 -1.5824E-02
 -3.6736E-03  6.3645E-04 -1.5723E-02
 -4.2617E-03  9.2681E-04 -1.6172E-02
 -4.9738E-03  1.4279E-03 -1.6359E-02
 -4.0782E-03  7.0150E-04 -1.6353E-02
 -1.8845E-03 -5.6684E-04 -1.5120E-02
 -1.4378E-03 -1.1287E-03 -1.5592E-02
  6.5420E-03  4.1125E-04 -9.0759E-03
  6.0107E-03 -1.4083E-03 -1.0594E-02
  6.8347E-03 -1.8780E-03 -1.2790E-02
  5.8686E-03 -4.1195E-03 -1.4075E-02
  6.5244E-03 -4.6450E-03 -1.6033E-02
  7.0882E-03 -5.2611E-03 -1.7943E-02
  6.4628E-03 -4.4642E-03 -1.5667E-02
  6.2110E-03 -1.4049E-03 -1.0965E-02
  5.1149E-03 -2.9081E-03 -1.0985E-02
  7.5971E-03  2.7843E-04 -1.1241E-02
  7.9478E-03  4.9870E-04 -1.1595E-02
  9.6744E-03  2.5526E-03 -1.1998E-02
  1.0089E-02  3.1031E-03 -1.2014E-02
  1.0950E-02  5.2672E-03 -1.0641E-02
  1.2470E-02  6.6321E-03 -1.1609E-02
  1.0102E-02  5.5912E-03 -8.6008E-03
  6.7476E-03  3.0746E-04 -9.6054E-03
  6.1842E-03 -6.3919E-04 -9.8563E-03
  6.3948E-03  1.2564E-03 -7.6312E-03
  5.2668E-03  1.1947E-03 -5.5981E-03
  5.3321E-03  2.6991E-03 -3.6411E-03
  4.2364E-03  2.7704E-03 -1.4849E-03
  6.9690E-03  4.6626E-03 -4.0006E-03
  3.5560E-03 -9.4745E-04 -5.3469E-03
  2.7138E-03 -1.7761E-03 -4.9110E-03
  3.0807E-03 -1.8878E-03 -5.7544E-03
  1.4631E-03 -3.9321E-03 -5.5430E-03
  1.1605E-03 -4.6312E-03 -5.9411E-03
  1.3244E-03 -3.2109E-03 -4.2855E-03
 -5.3000E-04 -6.7752E-03 -5.7306E-03
  1.1673E-03 -5.4574E-03 -7.0961E-03
  1.2905E-06 -6.5073E-03 -6.3580E-03
  2.2321E-03 -5.5535E-03 -9.2284E-03
  2.0465E-03 -6.9653E-03 -1.0832E-02
  3.3531E-03 -6.8761E-03 -1.3162E-02
  3.0616E-03 -7.8342E-03 -1.3939E-02
  3.5947E-03 -8.8880E-03 -1.6397E-02
  2.8466E-03 -1.0391E-02 -1.7070E-02
  3.5691E-03 -1.0060E-02 -1.7969E-02
  2.8008E-03 -1.1510E-02 -1.8531E-02
  5.0593E-03 -8.2721E-03 -1.8296E-02
  1.9957E-03 -6.6919E-03 -1.0358E-02
  1.1979E-03 -8.1482E-03 -1.0873E-02
  2.8173E-03 -4.8388E-03 -9.3394E-03
  2.8362E-03 -4.3950E-03 -8.7613E-03
  4.1627E-03 -2.1409E-03 -8.1361E-03
  5.4788E-03 -1.4370E-03 -9.6344E-03
  6.9578E-03  8.2867E-04 -9.2796E-03
  6.4805E-03  1.9728E-03 -6.8016E-03
  7.7338E-03  3.9659E-03 -6.3998E-03
  1.2055E-03 -5.2023E-03 -6.8152E-03
  5.3675E-04 -6.1170E-03 -6.8239E-03
  5.6034E-04 -4.8696E-03 -5.1437E-03
 -1.0124E-03 -5.6408E-03 -3.2566E-03
 -1.5160E-03 -5.1530E-03 -1.6366E-03
 -8.0159E-04 -3.0530E-03 -7.4945E-05
 -1.9631E-03 -3.0317E-03  2.1356E-03
 -2.1506E-03 -3.4492E-03  1.9105E-03
 -1.3219E-03 -2.0332E-03  2.3120E-03
 -1.5647E-03 -2.5517E-03  2.0510E-03
 -2.6333E-04 -9.7653E-05  2.9999E-03
 -2.3122E-03 -7.9305E-03 -3.9810E-03
 -3.3416E-03 -8.7408E-03 -3.1683E-03
 -2.2715E-03 -8.9798E-03 -5.5081E-03
 -3.4636E-03 -1.1151E-02 -6.2713E-03
 -3.4306E-03 -1.2033E-02 -7.5521E-03
 -4.0512E-03 -1.1927E-02 -6.2401E-03
 -5.8665E-03 -1.3266E-02 -4.6831E-03
 -3.6206E-03 -1.2528E-02 -7.8803E-03
 -3.3569E-03 -1.1951E-02 -7.5776E-03
 -4.6142E-03 -1.3480E-02 -7.3300E-03
 -1.8925E-03 -1.0979E-02 -8.9836E-03
 -1.7380E-03 -1.1687E-02 -1.0253E-02
  4.5067E-05 -1.0547E-02 -1.2025E-02
  1.1090E-04 -1.1287E-02 -1.3172E-02
  1.1497E-03 -8.2895E-03 -1.0978E-02
 -2.4055E-03 -1.1425E-02 -8.6368E-03
 -3.4132E-03 -1.2820E-02 -8.6734E-03
 -1.9088E-03 -9.6556E-03 -7.1235E-03
 -2.3814E-03 -9.0569E-03 -5.4082E-03
 -1.6443E-03 -6.9929E-03 -3.9391E-03
 -1.1442E-03 -5.5841E-03 -2.9306E-03
 -2.3084E-03 -5.4028E-03 -4.9379E-04
 -2.7392E-03 -5.4685E-03  2.2435E-04
 -2.7841E-03 -5.1875E-03  6.9702E-04
 -4.2426E-03 -1.0628E-02 -4.0847E-03
 -4.9701E-03 -1.1219E-02 -3.5367E-03
 -3.5128E-03 -1.2940E-02  4.4368E-03
 -5.3515E-03 -1.3416E-02  4.7418E-03
 -5.9947E-03 -1.4132E-02  4.2715E-03
 -7.8600E-03 -1.4850E-02  4.3337E-03
 -8.4000E-03 -1.6156E-02  3.1991E-03
 -1.0119E-02 -1.6816E-02  3.2581E-03
 -1.1324E-02 -1.6164E-02  4.4699E-03
 -1.3031E-02 -1.6832E-02  4.5156E-03
 -1.0812E-02 -1.4872E-02  5.6018E-03
 -9.0805E-03 -1.4219E-02  5.5300E-03
 -5.9588E-03 -1.4294E-02  4.0858E-03
 -7.1339E-03 -1.4195E-02  4.7035E-03
 -5.1470E-03 -1.5151E-02  2.8321E-03
 -5.6328E-03 -1.6048E-02  2.1032E-03
 -4.8568E-03 -1.7127E-02  6.3102E-04
 -5.7173E-03 -1.8045E-02  4.4466E-05
 -5.2081E-03 -1.8282E-02 -4.2625E-04
 -6.5383E-03 -1.9194E-02 -8.0215E-04
 -7.8130E-03 -1.9508E-02 -5.7403E-04
 -7.3458E-03 -1.8827E-02 -6.3859E-05
 -5.2770E-03 -1.5514E-02  2.5076E-03
 -6.3088E-03 -1.5951E-02  2.5000E-03
 -3.8248E-03 -1.4614E-02  2.8171E-03
 -3.4745E-03 -1.4071E-02  3.2336E-03
 -1.6550E-03 -1.3166E-02  3.3870E-03
 -1.3119E-03 -1.1958E-02  4.5048E-03
  5.0347E-04 -1.1053E-02  4.6608E-03
  1.7616E-03 -1.1591E-02  3.5462E-03
  7.5784E-04 -9.8841E-03  5.7757E-03
 -4.7791E-03 -1.3350E-02  4.5601E-03
 -5.3157E-03 -1.3326E-02  4.8197E-03
 -5.3253E-03 -1.2809E-02  5.3664E-03
 -6.5306E-03 -1.2066E-02  6.6731E-03
 -6.2326E-03 -1.1152E-02  7.5022E-03
 -7.3406E-03 -1.0289E-02  8.8924E-03
 -6.4846E-03 -9.1317E-03  9.7321E-03
 -8.1002E-03 -9.6175E-03  9.9289E-03
 -8.4054E-03 -1.2864E-02  6.6557E-03
 -9.3675E-03 -1.2569E-02  7.3865E-03
 -8.8861E-03 -1.3924E-02  5.7536E-03
 -1.0638E-02 -1.4723E-02  5.6814E-03
 -1.1182E-02 -1.5207E-02  5.4114E-03
 -1.3088E-02 -1.5597E-02  5.8360E-03
 -1.0508E-02 -1.4183E-02  6.1921E-03
 -1.1095E-02 -1.5836E-02  4.7137E-03
 -1.2591E-02 -1.6360E-02  4.8182E-03
 -9.8303E-03 -1.6188E-02  3.7913E-03
 -1.0178E-02 -1.7248E-02  2.8313E-03
 -8.4910E-03 -1.7467E-02  1.8643E-03
 -1.1304E-02 -1.7088E-02  3.4912E-03
 -1.2599E-02 -1.7950E-02  3.1538E-03
 -1.0847E-02 -1.5991E-02  4.4428E-03
 -9.2564E-03 -1.4929E-02  4.8611E-03
 -9.6667E-03 -1.3949E-02  6.0691E-03
 -1.0816E-02 -1.4727E-02  5.7547E-03
 -1.1940E-02 -1.5853E-02  5.0655E-03
 -1.3667E-02 -1.5675E-02  6.0079E-03
 -1.4862E-02 -1.5938E-02  6.2538E-03
 -1.3824E-02 -1.5284E-02  6.4860E-03
 -1.5430E-02 -1.5129E-02  7.3517E-03
 -1.5145E-02 -1.4392E-02  7.9998E-03
 -1.6760E-02 -1.4200E-02  8.9078E-03
 -1.6258E-02 -1.3461E-02  9.4630E-03
 -1.7588E-02 -1.3489E-02  1.0015E-02
 -1.6691E-02 -1.6435E-02  6.5327E-03
 -1.8201E-02 -1.6659E-02  6.9576E-03
 -1.6047E-02 -1.7306E-02  5.3372E-03
 -1.7097E-02 -1.8605E-02  4.4331E-03
 -1.6054E-02 -1.9419E-02  3.1224E-03
 -1.7169E-02 -2.0789E-02  2.1729E-03
 -1.5259E-02 -1.8825E-02  3.3988E-03
 -1.6547E-02 -1.8625E-02  4.1719E-03
 -1.7709E-02 -1.9154E-02  4.1248E-03
 -1.9210E-02 -1.9781E-02  4.1234E-03
 -1.6524E-02 -1.8906E-02  3.8665E-03
 -1.6907E-02 -1.9368E-02  3.5492E-03
 -1.8171E-02 -1.8786E-02  4.7133E-03
 -1.9250E-02 -1.9393E-02  4.5479E-03
 -2.0810E-02 -1.3630E-02  3.4071E-03
 -2.2523E-02 -1.6104E-02  7.2761E-03
 -1.9782E-02 -1.5395E-02  1.1068E-02
 -2.1020E-02 -1.7698E-02  1.5445E-02
 -2.3142E-02 -1.9663E-02  1.6858E-02
 -2.4264E-02 -2.1780E-02  2.0916E-02
 -2.3252E-02 -2.1929E-02  2.3579E-02
 -2.4265E-02 -2.3973E-02  2.7653E-02
 -2.1151E-02 -1.9995E-02  2.2216E-02
 -2.0044E-02 -1.7903E-02  1.8202E-02
 -2.3363E-02 -1.7075E-02  8.4264E-03
 -2.6526E-02 -1.9518E-02  9.0418E-03
 -2.0524E-02 -1.5167E-02  8.7519E-03
 -2.1046E-02 -1.5902E-02  9.8737E-03
 -1.7306E-02 -1.3627E-02  1.1033E-02
 -1.5419E-02 -1.3810E-02  1.5707E-02
 -1.1773E-02 -1.1538E-02  1.6672E-02
 -1.0091E-02 -1.1764E-02  2.1028E-02
 -1.2092E-02 -1.4296E-02  2.4445E-02
 -1.0465E-02 -1.4525E-02  2.8695E-02
 -1.5705E-02 -1.6570E-02  2.3559E-02
 -1.7354E-02 -1.6314E-02  1.9182E-02
 -2.3830E-02 -1.6790E-02  6.5367E-03
 -2.5360E-02 -1.8268E-02  7.7411E-03
 -2.4464E-02 -1.5883E-02  2.3684E-03
 -2.7299E-02 -1.6857E-02 -8.1617E-04
 -2.7002E-02 -1.5113E-02 -5.5281E-03
 -2.3519E-02 -1.2367E-02 -6.3731E-03
 -3.1183E-02 -1.9849E-02 -8.7074E-05
 -3.3688E-02 -2.1539E-02 -3.5431E-04
 -3.1710E-02 -2.0518E-02  8.2077E-04
 -3.5369E-02 -2.3365E-02  1.5936E-03
 -3.5550E-02 -2.3639E-02  2.0400E-03
 -3.7750E-02 -2.3855E-02 -2.0901E-03
 -3.8730E-02 -2.4820E-02 -1.2595E-03
 -4.0569E-02 -2.4749E-02 -5.4839E-03
 -4.0997E-02 -2.5239E-02 -4.9101E-03
 -3.6251E-02 -2.5300E-02  5.6149E-03
 -3.9454E-02 -2.7622E-02  5.7671E-03
 -3.3366E-02 -2.4305E-02  8.8424E-03
 -3.3814E-02 -2.5933E-02  1.2870E-02
 -3.0146E-02 -2.4398E-02  1.6144E-02
 -2.9475E-02 -2.4643E-02  1.8358E-02
 -3.2385E-02 -2.7611E-02  2.1136E-02
 -3.4252E-02 -2.8714E-02  2.0455E-02
 -3.2894E-02 -2.8883E-02  2.3933E-02
 -3.4846E-02 -2.6330E-02  1.1838E-02
 -3.7320E-02 -2.8603E-02  1.3432E-02
 -3.2942E-02 -2.4101E-02  9.1405E-03
 -3.3630E-02 -2.4173E-02  7.8643E-03
 -3.0965E-02 -2.1306E-02  4.8638E-03
 -3.7684E-02 -2.6323E-02  5.6360E-03
 -3.9552E-02 -2.7995E-02  6.7016E-03
 -3.9035E-02 -2.6292E-02  2.5954E-03
 -4.2929E-02 -2.8261E-02  1.5992E-04
 -4.3481E-02 -2.7434E-02 -3.5822E-03
 -4.1844E-02 -2.4922E-02 -7.7323E-03
 -4.1570E-02 -2.3664E-02 -1.0998E-02
 -3.8795E-02 -2.1058E-02 -1.2957E-02
 -4.4110E-02 -2.5257E-02 -1.1641E-02
 -4.5670E-02 -3.1225E-02  3.2948E-03
 -4.8835E-02 -3.3243E-02  2.5974E-03
 -4.4399E-02 -3.1465E-02  6.8009E-03
 -4.6710E-02 -3.4156E-02  1.0033E-02
 -4.5153E-02 -3.3938E-02  1.2753E-02
 -4.6813E-02 -3.5188E-02  1.2977E-02
 -4.8913E-02 -3.7555E-02  1.5672E-02
 -4.4451E-02 -3.3377E-02  1.2560E-02
 -4.4334E-02 -3.4153E-02  1.5199E-02
 -4.1929E-02 -3.3924E-02  1.9734E-02
 -4.1945E-02 -3.4812E-02  2.2429E-02
 -3.9742E-02 -3.2627E-02  2.0515E-02
 -3.7299E-02 -3.2276E-02  2.4761E-02
 -3.6637E-02 -3.2055E-02  2.5524E-02
 -4.0015E-02 -3.4864E-02  2.6793E-02
 -4.1134E-02 -3.4933E-02  2.4568E-02
 -4.1557E-02 -3.6925E-02  2.9762E-02
 -3.3491E-02 -2.9801E-02  2.5453E-02
 -3.1541E-02 -2.9626E-02  2.9164E-02
 -9.2618E-04 -7.7138E-03  1.6729E-02
 -5.9612E-04 -8.3990E-03  1.6027E-02
 -9.6735E-04 -9.9663E-03  1.6318E-02
 -1.7766E-03 -1.0106E-02  1.7652E-02
 -5.9190E-04 -1.0677E-02  1.5534E-02
 -7.3560E-04 -7.6078E-03  1.6430E-02
 -1.0865E-03 -6.6233E-03  1.7231E-02
 -4.1833E-04 -7.9482E-03  1.5823E-02
 -5.3414E-04 -7.2764E-03  1.6161E-02
  1.9611E-04 -6.5357E-03  1.5089E-02
  5.9089E-04 -5.2158E-03  1.4705E-02
  1.1709E-03 -5.5423E-03  1.3657E-02
  1.9513E-03 -5.3760E-03  1.2378E-02
  2.5319E-03 -5.7400E-03  1.1322E-02
 -9.1681E-04 -8.4375E-03  1.6559E-02
 -6.9771E-04 -9.5615E-03  1.5950E-02
 -1.5017E-03 -8.1891E-03  1.7598E-02
 -1.8996E-03 -9.2381E-03  1.8045E-02
 -2.7139E-03 -9.5682E-03  1.9347E-02
 -3.2169E-03 -1.0327E-02  2.0033E-02
 -3.6248E-03 -9.5779E-03  2.0879E-02
 -4.0526E-03 -1.0222E-02  2.1463E-02
 -4.0839E-03 -1.1630E-02  2.1216E-02
 -4.5174E-03 -1.2188E-02  2.1828E-02
 -3.6875E-03 -1.2425E-02  2.0379E-02
 -3.2538E-03 -1.1765E-02  1.9788E-02
 -1.8123E-03 -8.6386E-03  1.8025E-02
 -1.7919E-03 -7.3682E-03  1.8261E-02
 -1.7380E-03 -9.5132E-03  1.7714E-02
 -1.6647E-03 -8.9687E-03  1.7706E-02
 -8.5277E-04 -8.3988E-03  1.6459E-02
 -1.9928E-03 -1.0101E-02  1.8018E-02
 -1.9306E-03 -1.1327E-02  1.7652E-02
 -2.3691E-03 -9.7012E-03  1.8737E-02
 -2.7042E-03 -1.0704E-02  1.9088E-02
 -3.4766E-03 -1.0453E-02  2.0443E-02
 -3.8472E-03 -1.1414E-02  2.0863E-02
 -4.6116E-03 -1.2235E-02  2.1976E-02
 -5.1712E-03 -1.1283E-02  2.3122E-02
 -5.1282E-03 -1.0772E-02  2.3159E-02
 -2.2041E-03 -1.0510E-02  1.8287E-02
 -1.9837E-03 -9.3272E-03  1.8167E-02
 -2.0551E-03 -1.1682E-02  1.7786E-02
 -1.5531E-03 -1.1667E-02  1.6943E-02
 -9.2037E-04 -1.2493E-02  1.5701E-02
 -3.4841E-04 -1.1569E-02  1.4934E-02
 -5.5514E-04 -1.3005E-02  1.4976E-02
 -1.9612E-03 -1.2333E-02  1.7489E-02
 -2.3458E-03 -1.3515E-02  1.7885E-02
 -1.8878E-03 -1.1577E-02  1.7526E-02
 -2.2610E-03 -1.2155E-02  1.8032E-02
 -2.3066E-03 -1.0973E-02  1.8361E-02
 -2.7962E-03 -1.1491E-02  1.9076E-02
 -2.6717E-03 -1.0830E-02  1.9006E-02
 -3.3138E-03 -1.2528E-02  1.9727E-02
 -1.8157E-03 -1.3210E-02  1.7057E-02
 -1.2076E-03 -1.2813E-02  1.6117E-02
 -2.1066E-03 -1.4560E-02  1.7259E-02
 -1.7253E-03 -1.5653E-02  1.6384E-02
 -1.8259E-03 -1.5928E-02  1.6495E-02
 -1.5773E-03 -1.6895E-02  1.5870E-02
 -2.2026E-03 -1.5092E-02  1.7308E-02
 -2.3373E-03 -1.5245E-02  1.7502E-02
 -3.0935E-03 -1.4883E-02  1.8854E-02
 -3.7037E-03 -1.5731E-02  1.9701E-02
 -3.0706E-03 -1.3401E-02  1.9131E-02
 -1.7415E-03 -1.4274E-02  1.6705E-02
 -1.8335E-03 -1.4070E-02  1.6904E-02
 -1.1575E-03 -1.3596E-02  1.5865E-02
 -5.5481E-04 -1.2659E-02  1.5049E-02
 -2.4098E-04 -1.1412E-02  1.4786E-02
 -6.8573E-04 -1.0302E-02  1.5772E-02
 -2.3801E-04 -9.1495E-03  1.5263E-02
 -6.3417E-04 -7.9433E-03  1.6188E-02
 -1.1397E-04 -6.7781E-03  1.5559E-02
  8.7410E-05 -1.3410E-02  1.3807E-02
  1.3512E-04 -1.4539E-02  1.3486E-02
  6.3776E-03 -2.0557E-02  3.6027E-02
  7.4071E-03 -1.8335E-02  3.9431E-02
  8.8172E-03 -1.6819E-02  3.5489E-02
  6.6975E-03 -2.0847E-02  3.1564E-02
  5.5778E-03 -2.2647E-02  3.1333E-02
  7.0668E-03 -2.1152E-02  2.6576E-02
  9.5561E-03 -1.7273E-02  2.6392E-02
  5.5402E-03 -2.4228E-02  2.2765E-02
  6.6783E-03 -2.3289E-02  1.7980E-02
  4.6013E-03 -2.7265E-02  1.3971E-02
  2.0177E-03 -3.1016E-02  1.5706E-02
  5.9832E-03 -2.6053E-02  8.5648E-03
  9.6202E-03 -1.9048E-02  1.5831E-02
  1.1544E-02 -1.6345E-02  1.4032E-02
  1.0009E-02 -1.8343E-02  1.6356E-02
  1.2732E-02 -1.4394E-02  1.4499E-02
  1.2417E-02 -1.4915E-02  1.4355E-02
  1.4968E-02 -1.0286E-02  1.7853E-02
  1.7525E-02 -6.5901E-03  1.6035E-02
  1.4063E-02 -1.0829E-02  2.2801E-02
  1.6146E-02 -6.9780E-03  2.6054E-02
  1.5128E-02 -7.5596E-03  3.1790E-02
  1.7609E-02 -3.1239E-03  3.4812E-02
  1.6752E-02 -3.5116E-03  4.0217E-02
  1.8281E-02 -5.0873E-04  4.3593E-02
  1.4577E-02 -6.7734E-03  4.1094E-02
  1.6901E-02 -5.9687E-03  2.5059E-02
  1.9404E-02 -2.1660E-03  2.4329E-02
  1.4769E-02 -9.3840E-03  2.4689E-02
  1.5288E-02 -8.7546E-03  2.3647E-02
  1.2562E-02 -1.3139E-02  2.3073E-02
  1.0459E-02 -1.5576E-02  2.7961E-02
  1.3224E-02 -1.2302E-02  2.1927E-02
  1.7356E-02 -6.4039E-03  1.8584E-02
  1.9431E-02 -3.1853E-03  1.8345E-02
  1.6777E-02 -8.0240E-03  1.4586E-02
  1.8552E-02 -6.1353E-03  9.5094E-03
  1.7328E-02 -8.6885E-03  5.9689E-03
  1.8628E-02 -7.6455E-03  3.3823E-04
  2.0260E-02 -5.3506E-03 -1.1810E-03
  1.9093E-02 -7.9045E-03 -5.2388E-03
  2.0494E-02 -6.5476E-03 -9.9914E-03
  1.9258E-02 -9.1002E-03 -1.3432E-02
  2.3131E-02 -2.6423E-03 -1.1334E-02
  2.1593E-02 -1.2339E-03  1.0209E-02
  2.3644E-02  1.6078E-03  8.0578E-03
  2.1883E-02 -2.1100E-04  1.3402E-02
  2.4666E-02  4.3502E-03  1.4462E-02
  2.4374E-02  4.5436E-03  1.8133E-02
  2.6056E-02  6.9626E-03  1.6869E-02
  2.8515E-02  1.0540E-02  1.5257E-02
  2.4472E-02  5.1544E-03  2.0705E-02
  2.5607E-02  7.3886E-03  2.3242E-02
  2.3416E-02  4.7053E-03  2.7518E-02
  2.3121E-02  5.1127E-03  3.2428E-02
  2.0897E-02  2.1777E-03  3.5574E-02
  2.5091E-02  8.3420E-03  3.3179E-02
  2.6601E-02  8.2727E-03  1.9426E-02
  2.8897E-02  1.1914E-02  1.9616E-02
  2.4886E-02  4.9667E-03  1.5985E-02
  2.5621E-02  5.4365E-03  1.2127E-02
  2.3277E-02  1.1718E-03  8.8518E-03
  2.0915E-02 -1.9727E-03  1.2047E-02
  2.2176E-02  4.2772E-04  1.4408E-02
  1.8833E-02 -5.8569E-03  8.5931E-03
  2.8436E-02  9.2426E-03  8.6507E-03
  3.0000E-02  1.1444E-02  7.2068E-03
  2.9095E-02  1.0025E-02  7.2286E-03
  3.1761E-02  1.3639E-02  3.9843E-03
  3.1773E-02  1.3301E-02  1.9780E-03
  2.9775E-02  9.4595E-03 -1.9753E-03
  3.0411E-02  9.8875E-03 -5.1938E-03
  2.8812E-02  7.5618E-03 -4.1387E-03
  3.2486E-02  1.2508E-02 -8.7944E-03
  3.4235E-02  1.8059E-02  6.9830E-03
  3.6504E-02  2.1230E-02  4.7666E-03
  2.7652E-02  2.5141E-02  1.3993E-02
  2.8319E-02  2.9717E-02  1.7016E-02
  2.6936E-02  3.1550E-02  2.1321E-02
  2.8868E-02  3.4051E-02  2.0035E-02
  2.6785E-02  3.2146E-02  2.2161E-02
  2.4110E-02  3.2750E-02  2.7741E-02
  2.1932E-02  3.0356E-02  2.9587E-02
  2.7039E-02  2.9114E-02  1.8853E-02
  2.7580E-02  3.2664E-02  2.1155E-02
  2.5285E-02  2.4580E-02  1.7906E-02
  2.3947E-02  2.3516E-02  1.9422E-02
  2.0406E-02  1.8702E-02  2.1562E-02
  1.9400E-02  1.6595E-02  2.1480E-02
  1.8134E-02  1.9679E-02  2.6735E-02
  1.4741E-02  1.5082E-02  2.8801E-02
  2.5888E-02  2.2772E-02  1.5088E-02
  2.6523E-02  2.4537E-02  1.5545E-02
  2.6931E-02  2.0337E-02  1.0857E-02
  2.8656E-02  1.9056E-02  6.4266E-03
  2.7560E-02  1.3922E-02  3.6861E-03
  2.3994E-02  1.0177E-02  6.8722E-03
  2.3109E-02  9.5415E-03  7.9382E-03
  2.2856E-02  5.3716E-03  4.5181E-03
  3.2278E-02  2.2546E-02  2.8957E-03
  3.3824E-02  2.3489E-02  8.7990E-04
  3.3620E-02  2.4301E-02  2.0192E-03
  3.7055E-02  2.7521E-02 -1.4111E-03
  3.8211E-02  2.4345E-02 -6.5455E-03
  3.9141E-02  2.3850E-02 -8.7524E-03
  3.8062E-02  2.2173E-02 -8.2954E-03
