  1.0160E-02 -2.6555E-03 -3.8564E-03
  1.0008E-02 -2.5117E-03 -3.8936E-03
  1.0377E-02 -2.2984E-03 -4.4709E-03
  1.0256E-02 -2.1246E-03 -4.5709E-03
  9.5066E-03 -1.6876E-03 -4.4292E-03
  9.5368E-03 -1.1288E-03 -5.1182E-03
  1.0134E-02 -2.9824E-03 -3.4460E-03
  1.0612E-02 -3.3638E-03 -3.4151E-03
  9.6910E-03 -2.9676E-03 -3.0742E-03
  9.7547E-03 -3.3959E-03 -2.6224E-03
  9.3645E-03 -3.5801E-03 -2.0606E-03
  9.5995E-03 -3.8906E-03 -1.8995E-03
  9.1301E-03 -3.9258E-03 -1.4446E-03
  9.3681E-03 -4.2644E-03 -1.2527E-03
  9.1678E-03 -4.5528E-03 -7.3453E-04
  9.4270E-03 -4.8519E-03 -6.0801E-04
  8.7162E-03 -4.5447E-03 -3.4670E-04
  9.5965E-03 -3.2295E-03 -2.6804E-03
  9.1036E-03 -2.9023E-03 -2.6347E-03
  1.0020E-02 -3.4653E-03 -2.7738E-03
  9.9423E-03 -3.3269E-03 -2.8693E-03
  1.0318E-02 -3.0892E-03 -3.4814E-03
  1.0331E-02 -2.9979E-03 -3.6017E-03
  1.0098E-02 -2.6069E-03 -3.8602E-03
  1.0552E-02 -2.4594E-03 -4.4344E-03
  1.0122E-02 -3.7805E-03 -2.4897E-03
  1.0525E-02 -4.1920E-03 -2.3569E-03
  9.7822E-03 -3.7083E-03 -2.2763E-03
  9.9097E-03 -4.0920E-03 -1.9336E-03
  9.3621E-03 -4.1345E-03 -1.4013E-03
  9.2538E-03 -4.4048E-03 -9.8570E-04
  8.7092E-03 -4.4185E-03 -4.9022E-04
  9.4390E-03 -4.4104E-03 -1.1420E-03
  1.0058E-02 -3.8671E-03 -2.3308E-03
  9.7289E-03 -3.4243E-03 -2.5661E-03
  1.0566E-02 -4.1560E-03 -2.4353E-03
  1.0763E-02 -3.9847E-03 -2.8119E-03
  1.1392E-02 -4.0999E-03 -3.2289E-03
  1.1661E-02 -3.8612E-03 -3.7479E-03
  1.2266E-02 -4.0121E-03 -4.1020E-03
  1.1289E-02 -3.2973E-03 -4.0898E-03
  1.0740E-02 -4.2515E-03 -2.4753E-03
  1.1058E-02 -4.7038E-03 -2.2188E-03
  1.0357E-02 -3.9739E-03 -2.4677E-03
  1.0295E-02 -4.1871E-03 -2.1598E-03
  9.6503E-03 -3.9859E-03 -1.8311E-03
  9.2282E-03 -4.0250E-03 -1.4134E-03
  9.4191E-03 -4.5532E-03 -9.5518E-04
  8.6463E-03 -3.7862E-03 -1.1844E-03
  1.0569E-02 -4.0610E-03 -2.5503E-03
  1.0585E-02 -3.6718E-03 -3.0255E-03
  1.0764E-02 -4.3815E-03 -2.3418E-03
  1.1023E-02 -4.2854E-03 -2.6839E-03
  1.1258E-02 -4.7094E-03 -2.3879E-03
  1.1494E-02 -5.1511E-03 -2.0726E-03
  1.1197E-02 -4.5732E-03 -2.4956E-03
  1.1400E-02 -4.9374E-03 -2.2431E-03
  1.1204E-02 -4.6695E-03 -2.3877E-03
  1.2054E-02 -5.2530E-03 -2.4444E-03
  1.2346E-02 -5.1071E-03 -2.8742E-03
  1.2290E-02 -5.7146E-03 -2.1047E-03
  1.2925E-02 -6.0347E-03 -2.2843E-03
  1.3011E-02 -6.5324E-03 -1.7699E-03
  1.2438E-02 -6.3923E-03 -1.4318E-03
  1.2006E-02 -6.0044E-03 -1.5111E-03
  1.3177E-02 -5.8014E-03 -2.7822E-03
  1.3003E-02 -5.7001E-03 -2.7490E-03
  1.3561E-02 -5.6941E-03 -3.2476E-03
  1.3822E-02 -5.4728E-03 -3.7397E-03
  1.3597E-02 -4.9207E-03 -4.1956E-03
  1.3867E-02 -4.7200E-03 -4.6713E-03
  2.0172E-02  1.1792E-02 -1.4898E-02
  1.9380E-02  7.6494E-03 -1.4403E-02
  1.9633E-02  4.3206E-03 -1.6338E-02
  1.7595E-02  6.6703E-03 -1.0089E-02
  1.6884E-02  3.7127E-03 -9.3547E-03
  1.6868E-02  9.0813E-03 -7.2614E-03
  1.5171E-02  8.3741E-03 -3.0768E-03
  1.4003E-02  4.4813E-03 -1.4983E-03
  1.2908E-02  2.0953E-03  4.6366E-04
  1.4192E-02  3.8256E-03 -2.2445E-03
  1.3102E-02  1.6066E-04 -7.8441E-04
  1.3826E-02 -6.9470E-04 -3.0115E-03
  1.4394E-02  3.0509E-03 -3.0725E-03
  1.4883E-02  1.9100E-03 -4.7917E-03
  1.4899E-02  5.2218E-03 -3.5676E-03
  1.6329E-02  9.0608E-03 -5.8533E-03
  1.1532E-02  8.8025E-04  3.6124E-03
  1.0287E-02 -2.0658E-03  5.7533E-03
  1.1609E-02  4.8532E-03  4.9274E-03
  1.0201E-02  6.0193E-03  9.0707E-03
  8.9377E-03  4.2354E-03  1.1704E-02
  7.5159E-03  3.4714E-03  1.5144E-02
  9.4385E-03  3.3277E-03  1.0043E-02
  8.3357E-03  1.6296E-03  1.2288E-02
  9.2398E-03  8.3572E-04  9.6117E-03
  1.0651E-02  4.7879E-03  7.4170E-03
  9.8005E-03 -2.6414E-03  6.8109E-03
  6.9556E-03 -2.4132E-03  1.4366E-02
  5.6360E-03 -3.2428E-03  1.7513E-02
  7.2374E-03 -4.8225E-03  1.2706E-02
  6.0172E-03 -8.7337E-03  1.4414E-02
  6.7846E-03 -1.2151E-02  1.1093E-02
  5.9282E-03 -1.6025E-02  1.1861E-02
  5.8402E-03 -1.5195E-02  1.2409E-02
  4.3845E-03 -1.5939E-02  1.5946E-02
  7.0481E-03 -1.4089E-02  9.6609E-03
  5.1212E-03 -8.5965E-03  1.6818E-02
  4.0086E-03 -1.1634E-02  1.8578E-02
  5.5218E-03 -4.9502E-03  1.7160E-02
  4.7902E-03 -4.4230E-03  1.9282E-02
  5.6574E-03 -1.8856E-04  1.8624E-02
  3.0173E-03 -5.1317E-03  2.3665E-02
  2.0974E-03 -7.5037E-03  2.5173E-02
  2.5141E-03 -3.0630E-03  2.5776E-02
  8.0114E-04 -3.6807E-03  3.0037E-02
  4.7426E-04 -1.3607E-03  3.1782E-02
  2.6054E-04  2.7959E-03  3.3931E-02
 -4.5845E-04  4.3615E-03  3.6417E-02
  2.1871E-04  8.3896E-03  3.6179E-02
 -1.6124E-03  1.9664E-03  3.8531E-02
 -1.5830E-04 -8.2688E-03  3.0802E-02
 -1.4627E-03 -9.7640E-03  3.3654E-02
  4.8131E-04 -1.0506E-02  2.8268E-02
 -3.5619E-04 -1.4974E-02  2.8759E-02
  6.0231E-04 -1.6747E-02  2.5565E-02
  1.5235E-04 -2.1468E-02  2.4942E-02
  1.2267E-03 -2.3334E-02  2.1409E-02
  8.0268E-04 -2.7673E-02  2.0863E-02
 -7.0990E-04 -3.0201E-02  2.3868E-02
 -1.8021E-03 -2.8388E-02  2.7428E-02
 -1.3631E-03 -2.4044E-02  2.7936E-02
 -6.5089E-04 -1.7350E-02  2.8624E-02
 -1.9930E-03 -1.9659E-02  3.1265E-02
  6.1722E-04 -1.6659E-02  2.5559E-02
  5.3715E-04 -1.8643E-02  2.5011E-02
  2.1987E-03 -1.7342E-02  2.1148E-02
  2.1451E-03 -1.9122E-02  2.0608E-02
  3.2449E-03 -1.9043E-02  1.7751E-02
  4.9422E-03 -1.7341E-02  1.3946E-02
 -6.7061E-04 -1.7674E-02  2.8552E-02
 -1.6911E-03 -2.0531E-02  3.0139E-02
 -2.1374E-03 -1.4341E-02  2.4709E-02
 -3.9766E-03 -1.2502E-02  2.5362E-02
 -5.8996E-03 -9.1042E-03  2.5200E-02
 -4.4232E-03 -6.6735E-03  2.2441E-02
 -6.6312E-03 -3.2033E-03  2.2503E-02
 -8.3675E-03 -3.2785E-04  2.2467E-02
 -5.8085E-03 -1.4494E-02  2.8199E-02
 -5.9450E-03 -1.5090E-02  2.8666E-02
 -7.0782E-03 -1.5693E-02  3.0061E-02
 -8.8963E-03 -1.7599E-02  3.2837E-02
 -1.0365E-02 -1.8174E-02  3.4527E-02
 -1.2440E-02 -2.0041E-02  3.7517E-02
 -1.5232E-02 -1.8520E-02  3.9235E-02
 -1.7357E-02 -1.9101E-02  4.1537E-02
 -1.5307E-02 -1.6746E-02  3.8290E-02
 -7.3922E-03 -2.0916E-02  3.3340E-02
 -8.6670E-03 -2.2090E-02  3.5193E-02
 -4.6845E-03 -2.2435E-02  3.1700E-02
 -3.1944E-03 -2.5631E-02  3.2147E-02
 -7.7325E-04 -2.7648E-02  3.1057E-02
 -1.7140E-05 -3.1418E-02  3.2512E-02
 -2.5564E-03 -3.2486E-02  3.5477E-02
 -1.8782E-03 -3.6250E-02  3.7002E-02
 -1.1835E-03 -3.7373E-02  3.7000E-02
 -2.0898E-03 -2.5276E-02  3.0920E-02
 -2.0944E-03 -2.7263E-02  3.2061E-02
 -1.2444E-03 -2.2660E-02  2.8640E-02
 -6.3773E-05 -2.2105E-02  2.7228E-02
  2.8984E-03 -2.1839E-02  2.4331E-02
  4.7405E-03 -2.4800E-02  2.4318E-02
  4.7289E-03 -2.4690E-02  2.4266E-02
  6.0160E-03 -2.7559E-02  2.4714E-02
  7.3662E-03 -3.0603E-02  2.5204E-02
  8.4283E-03 -3.3446E-02  2.5846E-02
  7.4736E-03 -3.0780E-02  2.5206E-02
  6.1576E-03 -2.7874E-02  2.4763E-02
 -1.9410E-03 -1.9150E-02  2.7278E-02
 -1.3535E-03 -1.8844E-02  2.6558E-02
 -4.2011E-03 -1.7014E-02  2.8151E-02
 -5.9925E-03 -1.4215E-02  2.8210E-02
 -4.4760E-03 -1.1808E-02  2.5427E-02
 -4.4806E-03 -1.0783E-02  2.4846E-02
 -3.3074E-03 -1.0773E-02  2.3752E-02
 -1.7106E-03 -8.4671E-03  2.0954E-02
  1.5829E-03 -1.0301E-02  1.8950E-02
  2.6253E-03 -1.3289E-02  1.9693E-02
  2.3525E-03 -1.1609E-02  1.8985E-02
  5.2343E-03 -1.4068E-02  1.7721E-02
 -2.7531E-03 -5.8783E-03  2.0439E-02
 -3.8240E-03 -6.5227E-03  2.1800E-02
 -2.5772E-03 -2.8529E-03  1.8545E-02
 -2.1408E-03 -1.5275E-03  1.7383E-02
 -2.3827E-03  2.0483E-03  1.5561E-02
 -4.5250E-03  2.9185E-03  1.7049E-02
 -3.5109E-03 -1.7359E-04  1.7878E-02
 -1.1859E-03  4.8654E-05  1.5596E-02
  1.3143E-03 -1.1784E-03  1.3981E-02
 -2.0564E-03  1.8460E-03  1.5375E-02
 -1.0454E-04  2.4040E-03  1.3247E-02
 -1.2243E-03  2.4449E-03  1.4261E-02
  6.0933E-04  3.2398E-03  1.2107E-02
 -7.1918E-04  3.7010E-03  1.3074E-02
  4.4195E-05  5.6861E-03  1.1231E-02
 -2.4003E-03  2.2906E-03  1.5439E-02
  1.4816E-04  5.7993E-03  1.1070E-02
 -1.9433E-03  8.3501E-03  1.1549E-02
  2.7248E-03  5.8158E-03  8.6727E-03
  3.2780E-03  8.8678E-03  6.4142E-03
  5.1834E-03  8.4149E-03  4.9074E-03
  5.9591E-03  1.1558E-02  2.3905E-03
  3.7919E-03  7.4855E-03  6.7287E-03
  5.8802E-03  6.1518E-03  5.5562E-03
  4.9719E-03  9.4017E-03  4.5389E-03
  6.8886E-03  7.0521E-03  4.1066E-03
  4.2107E-03  1.2446E-02  3.5029E-03
  5.7930E-03  1.3230E-02  1.5878E-03
  4.2320E-03  1.3475E-02  2.8947E-03
  2.5728E-03  1.6827E-02  2.5147E-03
  6.0062E-03  1.6581E-02 -5.2645E-04
  4.1031E-03  1.8530E-02  1.2268E-04
  1.0902E-02  1.1713E-02  4.1298E-03
  1.0318E-02  1.0918E-02  2.8006E-03
  9.7353E-03  1.0794E-02  2.6240E-03
  1.1012E-02  1.1041E-02  2.9701E-03
  8.4561E-03  1.1255E-02  3.4937E-03
  9.1585E-03  1.0605E-02  2.3344E-03
  9.1312E-03  9.9219E-03  1.1634E-03
  8.2563E-03  1.1108E-02  3.2542E-03
  7.1395E-03  1.0842E-02  2.8671E-03
  7.9473E-03  1.0592E-02  2.3865E-03
  7.4965E-03  1.0008E-02  1.4128E-03
  9.1841E-03  1.1016E-02  3.0394E-03
  1.0049E-02  1.0840E-02  2.6833E-03
  1.1236E-02  1.1498E-02  3.7400E-03
  1.0527E-02  1.2211E-02  5.0090E-03
  1.1267E-02  1.2853E-02  6.0659E-03
  9.2571E-03  1.2137E-02  4.9599E-03
  1.0887E-02  1.0114E-02  1.3853E-03
  1.0917E-02  9.6215E-03  5.3744E-04
  1.1604E-02  1.0071E-02  1.2669E-03
  1.2509E-02  9.4287E-03  1.0822E-04
  1.3145E-02  9.6009E-03  3.6479E-04
  1.4448E-02  9.1483E-03 -4.9283E-04
  1.5035E-02  9.5879E-03  2.2594E-04
  1.3450E-02  9.2168E-03 -3.1360E-04
  1.1568E-02  8.6727E-03 -1.1321E-03
  1.2103E-02  8.0907E-03 -2.1645E-03
  1.0200E-02  8.6818E-03 -1.0321E-03
  9.1486E-03  8.0016E-03 -2.1354E-03
  7.6514E-03  8.2055E-03 -1.6931E-03
  7.4528E-03  8.0320E-03 -1.9788E-03
  7.4898E-03  7.1722E-03 -3.4576E-03
  5.9254E-03  8.3140E-03 -1.4003E-03
  8.7968E-03  7.7233E-03 -2.5917E-03
  9.1219E-03  7.0755E-03 -3.7242E-03
  8.1589E-03  8.2304E-03 -1.6815E-03
  7.7727E-03  8.0652E-03 -1.9414E-03
  7.0747E-03  8.7763E-03 -6.7718E-04
  5.5330E-03  8.9688E-03 -2.5154E-04
  4.6765E-03  9.5748E-03  8.4182E-04
  5.2523E-03  1.0372E-02  2.1759E-03
  4.8121E-03  1.0813E-02  2.9600E-03
  5.4046E-03  1.1531E-02  4.1557E-03
  3.7735E-03  1.0544E-02  2.5616E-03
  9.1287E-03  7.7883E-03 -2.5004E-03
  8.9009E-03  7.4575E-03 -3.0545E-03
  1.0527E-02  7.8961E-03 -2.4016E-03
  1.1890E-02  7.6543E-03 -2.9009E-03
  1.3169E-02  8.2845E-03 -1.8974E-03
  1.2470E-02  6.8809E-03 -4.2647E-03
  1.3383E-02  6.5190E-03 -4.9426E-03
  1.1993E-02  6.6424E-03 -4.6449E-03
  1.2471E-02  5.9173E-03 -5.9195E-03
  1.2258E-02  5.9300E-03 -5.8846E-03
  1.1513E-02  5.2479E-03 -7.0101E-03
  1.2095E-02  4.6416E-03 -8.0872E-03
  1.0033E-02  5.3705E-03 -6.7084E-03
  8.9319E-03  4.8084E-03 -7.6058E-03
  7.3779E-03  5.1668E-03 -6.8945E-03
  6.6767E-03  5.1720E-03 -6.8424E-03
  6.3230E-03  4.7375E-03 -7.5669E-03
  9.4989E-03  4.5726E-03 -8.0458E-03
  9.8792E-03  3.9105E-03 -9.2061E-03
  9.6068E-03  5.1348E-03 -7.0869E-03
  1.0152E-02  5.0342E-03 -7.2934E-03
  1.0585E-02  5.8311E-03 -5.9514E-03
  1.1608E-02  5.8439E-03 -5.9924E-03
  1.2257E-02  6.6713E-03 -4.6115E-03
  1.3346E-02  6.9851E-03 -4.1397E-03
  1.3924E-02  7.8109E-03 -2.7572E-03
  1.1537E-02  4.5387E-03 -8.2296E-03
  1.1466E-02  3.9062E-03 -9.3114E-03
  1.5652E-02  7.9182E-03 -1.2808E-02
  1.6724E-02  8.1125E-03 -1.3737E-02
  1.7783E-02  9.2874E-03 -1.3317E-02
  1.8312E-02  9.5289E-03 -1.3578E-02
  1.6465E-02  7.7501E-03 -1.3941E-02
  1.6869E-02  8.4020E-03 -1.3504E-02
  1.5774E-02  6.6999E-03 -1.4600E-02
  1.5421E-02  6.1936E-03 -1.4895E-02
  1.6385E-02  6.7244E-03 -1.5247E-02
  1.6978E-02  6.4060E-03 -1.6339E-02
  1.6564E-02  7.5733E-03 -1.4292E-02
  1.7420E-02  8.1754E-03 -1.4425E-02
  1.8078E-02  9.3632E-03 -1.3543E-02
  1.7292E-02  9.5612E-03 -1.2399E-02
  1.6616E-02  7.8135E-03 -1.4023E-02
  1.5524E-02  7.2950E-03 -1.3512E-02
  1.7137E-02  8.0729E-03 -1.4250E-02
  1.6425E-02  7.7504E-03 -1.3897E-02
  1.7253E-02  8.2566E-03 -1.4129E-02
  1.6637E-02  8.1841E-03 -1.3542E-02
  1.5787E-02  7.0592E-03 -1.4126E-02
  1.5148E-02  6.9278E-03 -1.3593E-02
  1.5765E-02  6.3165E-03 -1.5111E-02
  1.5512E-02  7.9994E-03 -1.2542E-02
  1.4437E-02  7.2835E-03 -1.2319E-02
  1.5929E-02  8.9999E-03 -1.1646E-02
  1.5129E-02  9.3088E-03 -1.0336E-02
  1.5853E-02  1.0517E-02 -9.4992E-03
  1.6482E-02  1.1155E-02 -9.3314E-03
  1.7184E-02  1.0802E-02 -1.0593E-02
  1.5574E-02  1.1018E-02 -8.5064E-03
  1.4228E-02  8.7829E-03 -1.0048E-02
  1.3173E-02  8.4506E-03 -9.3258E-03
  1.4643E-02  8.6865E-03 -1.0641E-02
  1.3890E-02  8.2099E-03 -1.0451E-02
  1.2818E-02  7.0733E-03 -1.0804E-02
  1.1843E-02  6.7087E-03 -1.0215E-02
  1.3019E-02  6.5103E-03 -1.1792E-02
  1.2087E-02  5.4131E-03 -1.2247E-02
  1.2630E-02  4.9253E-03 -1.3514E-02
  1.3721E-02  5.1017E-03 -1.4488E-02
  1.3390E-02  4.2363E-03 -1.5297E-02
  1.2748E-02  4.2392E-03 -1.4579E-02
  1.2349E-02  3.3066E-03 -1.5402E-02
  1.1220E-02  5.4088E-03 -1.1289E-02
  1.0133E-02  4.7736E-03 -1.0942E-02
  1.1708E-02  6.1352E-03 -1.0843E-02
  1.0980E-02  6.2265E-03 -9.9095E-03
  1.1776E-02  7.1522E-03 -9.5372E-03
  1.2289E-02  6.8957E-03 -1.0456E-02
  1.3206E-02  7.8524E-03 -1.0176E-02
  1.4343E-02  8.2588E-03 -1.0888E-02
  1.2897E-02  8.2082E-03 -9.3485E-03
  1.0169E-02  6.4088E-03 -8.7594E-03
  9.0995E-03  5.8879E-03 -8.2775E-03
  1.0676E-02  7.1144E-03 -8.3642E-03
  1.0028E-02  7.3946E-03 -7.2626E-03
  1.0913E-02  8.4487E-03 -6.8137E-03
  9.1640E-03  6.5573E-03 -7.4393E-03
  8.2774E-03  6.4975E-03 -6.5342E-03
  9.4432E-03  5.9431E-03 -8.5848E-03
  8.6654E-03  5.1049E-03 -8.8590E-03
  9.2577E-03  4.6233E-03 -1.0173E-02
  8.4473E-03  3.6904E-03 -1.0539E-02
  9.0903E-03  3.2662E-03 -1.1831E-02
  8.2224E-03  2.1462E-03 -1.2388E-02
  7.6957E-03  1.3033E-03 -1.2948E-02
  7.4714E-03  4.2384E-03 -8.7084E-03
  6.5234E-03  3.8573E-03 -8.1718E-03
  9.0241E-03  4.7205E-03 -8.2041E-03
  7.8737E-03  3.9050E-03 -8.1763E-03
  8.1543E-03  3.4872E-03 -8.9000E-03
  8.6724E-03  2.7357E-03 -1.0213E-02
  9.7590E-03  3.0229E-03 -1.0801E-02
  7.9919E-03  1.8595E-03 -1.0655E-02
  6.9944E-03  4.3327E-03 -6.9331E-03
  5.8869E-03  3.8120E-03 -6.5990E-03
  7.4894E-03  5.2765E-03 -6.2559E-03
  6.7428E-03  5.7790E-03 -5.0383E-03
  7.5614E-03  6.8784E-03 -4.4547E-03
  6.9520E-03  7.5786E-03 -3.1237E-03
  7.7957E-03  6.6982E-03 -4.8628E-03
  8.6395E-03  7.6992E-03 -4.4149E-03
  6.0674E-03  5.8922E-03 -4.3337E-03
  4.9426E-03  5.5611E-03 -3.7644E-03
  6.7636E-03  6.3603E-03 -4.3802E-03
  6.2477E-03  6.5072E-03 -3.7717E-03
  7.2508E-03  6.9700E-03 -4.0847E-03
  8.1903E-03  8.1232E-03 -3.5410E-03
  9.1247E-03  8.3627E-03 -4.0552E-03
  7.9630E-03  8.0749E-03 -3.4043E-03
  5.2635E-03  5.4331E-03 -4.1855E-03
  4.2490E-03  5.3025E-03 -3.4767E-03
  5.6193E-03  4.6959E-03 -5.3444E-03
  4.8110E-03  3.6083E-03 -5.9230E-03
  5.4906E-03  2.9491E-03 -7.2659E-03
  6.4556E-03  3.2574E-03 -7.7261E-03
  6.8469E-03  2.6228E-03 -8.7959E-03
  6.8212E-03  4.1234E-03 -7.0296E-03
  3.5979E-03  3.0130E-03 -5.5860E-03
  2.6331E-03  2.3596E-03 -5.5271E-03
  3.6552E-03  3.2205E-03 -5.3935E-03
  2.5524E-03  2.7116E-03 -5.0495E-03
  2.9396E-03  2.6639E-03 -5.4334E-03
  1.8302E-03  3.3222E-03 -3.7270E-03
  8.9545E-04  3.0470E-03 -3.2539E-03
  2.2828E-03  4.1579E-03 -3.1394E-03
  1.6968E-03  4.8167E-03 -1.8764E-03
  1.8252E-03  5.4426E-03 -1.2577E-03
  1.0165E-03  5.6758E-03 -3.0058E-04
  2.8047E-03  5.6543E-03 -1.8425E-03
  3.0696E-03  6.2545E-03 -1.3694E-03
  3.5643E-03  5.8010E-03 -2.3163E-03
  2.5628E-03  4.7899E-03 -2.6423E-03
  3.1299E-03  4.3324E-03 -3.6552E-03
  4.0594E-03  4.0450E-03 -4.7778E-03
  4.7227E-03  3.6764E-03 -5.7691E-03
  4.0251E-03  7.4028E-03 -8.4506E-04
  4.7412E-03  7.6430E-03 -1.1734E-03
  4.0333E-03  8.1168E-03 -2.1985E-05
  4.8715E-03  9.2428E-03  5.7598E-04
  4.2183E-03  9.8579E-03  1.8452E-03
  4.6422E-03  1.0992E-02  2.8040E-03
  3.5945E-03  1.1225E-02  3.9636E-03
  4.9730E-03  1.1132E-02  2.6863E-03
  6.0863E-03  9.5707E-03 -7.3404E-05
  6.0915E-03  9.1630E-03 -5.5169E-04
  7.1145E-03  1.0253E-02 -1.5270E-04
  8.3667E-03  1.0659E-02 -7.4283E-04
  9.3866E-03  1.1249E-02 -9.2175E-04
  9.1644E-03  1.0517E-02 -1.5849E-03
  1.0693E-02  1.1651E-02 -1.5629E-03
  8.5947E-03  1.1440E-02 -2.7799E-05
  8.4509E-03  1.2221E-02  1.0015E-03
  8.9901E-03  1.1252E-02 -5.8218E-04
  9.2279E-03  1.1953E-02  3.0678E-05
  9.1862E-03  1.1363E-02 -6.1901E-04
  7.8638E-03  1.0483E-02 -5.2097E-04
  9.9812E-03  1.0898E-02 -1.8348E-03
  1.0460E-02  1.3018E-02  2.2388E-04
  1.1344E-02  1.3095E-02 -4.3648E-04
  4.2477E-03  6.6514E-03  4.7781E-03
  4.5697E-03  7.8270E-03  4.4853E-03
  3.9226E-03  8.6594E-03  5.2434E-03
  3.3971E-03  8.8363E-03  5.8325E-03
  2.7825E-03  9.3529E-03  6.5379E-03
  3.6011E-03  8.4737E-03  5.5881E-03
  5.1049E-03  7.8702E-03  3.8973E-03
  5.7115E-03  8.4622E-03  3.2596E-03
  4.8574E-03  7.2269E-03  4.1361E-03
  5.2669E-03  7.1776E-03  3.6817E-03
  4.7970E-03  6.3971E-03  4.1586E-03
  3.9765E-03  6.8467E-03  5.0876E-03
  3.3662E-03  6.6753E-03  5.7518E-03
  2.9401E-03  7.4976E-03  6.2655E-03
  3.3011E-03  5.7119E-03  5.7724E-03
  6.0906E-03  6.7916E-03  2.7526E-03
  6.6316E-03  7.3202E-03  2.1840E-03
  6.1847E-03  5.8910E-03  2.6010E-03
  6.9472E-03  5.4247E-03  1.7351E-03
  6.8567E-03  4.2174E-03  1.7708E-03
  7.4769E-03  3.3509E-03  1.0405E-03
  8.2272E-03  3.6434E-03  2.2841E-04
  7.1631E-03  2.1794E-03  1.3244E-03
  7.4001E-03  6.2454E-03  1.2792E-03
  8.1062E-03  6.4220E-03  5.0954E-04
  6.9955E-03  6.7766E-03  1.7537E-03
  7.3864E-03  7.5996E-03  1.3661E-03
  6.8605E-03  8.0529E-03  1.9704E-03
  6.4449E-03  7.0683E-03  2.3765E-03
  7.3458E-03  8.7666E-03  1.4730E-03
  7.7190E-03  8.6435E-03  1.0547E-03
  8.3831E-03  8.9986E-03  3.4113E-04
  7.2725E-03  9.1490E-03  1.5742E-03
  7.5705E-03  1.0165E-02  1.2995E-03
  6.9269E-03  1.0780E-02  2.0421E-03
  7.2573E-03  1.1308E-02  1.7057E-03
  6.6300E-03  1.1811E-02  2.4245E-03
  6.2209E-03  1.1497E-02  2.8590E-03
  8.2576E-03  9.8690E-03  5.2576E-04
  8.7939E-03  1.0595E-02 -2.7241E-05
  8.2476E-03  8.7909E-03  4.7950E-04
  8.8672E-03  8.3450E-03 -2.2763E-04
  8.6131E-03  7.1804E-03 -9.2122E-06
  9.6288E-03  8.2602E-03 -1.0723E-03
  1.0266E-02  8.5072E-03 -1.7623E-03
  9.5613E-03  7.9151E-03 -1.0162E-03
  1.0241E-02  7.8279E-03 -1.7711E-03
  1.0047E-02  7.1952E-03 -1.5902E-03
  9.7206E-03  5.9532E-03 -1.2962E-03
  1.0209E-02  5.1524E-03 -1.8778E-03
  9.7140E-03  5.5861E-03 -1.3084E-03
  1.0570E-02  9.0134E-03 -2.0703E-03
  1.1266E-02  9.1589E-03 -2.8300E-03
  1.0070E-02  9.8573E-03 -1.4736E-03
  1.0319E-02  1.1048E-02 -1.6855E-03
  9.6192E-03  1.1829E-02 -8.7201E-04
  9.1982E-03  1.1373E-02 -4.3183E-04
  9.9027E-03  1.3074E-02 -1.1185E-03
  1.0733E-02  1.1606E-02 -2.1122E-03
  1.1289E-02  1.2286E-02 -2.6897E-03
  1.0467E-02  1.1324E-02 -1.8346E-03
  1.0836E-02  1.1827E-02 -2.2147E-03
  1.0308E-02  1.1620E-02 -1.6424E-03
  1.0410E-02  1.2514E-02 -1.7074E-03
  9.6937E-03  1.2495E-02 -9.1882E-04
  9.4805E-03  1.1277E-02 -7.4837E-04
  8.7191E-03  1.1186E-02  8.6683E-05
  1.1631E-02  1.1300E-02 -3.1192E-03
  1.2204E-02  1.1905E-02 -3.7192E-03
  1.1659E-02  1.0173E-02 -3.2098E-03
  1.2371E-02  9.5463E-03 -4.0287E-03
  1.2185E-02  8.2638E-03 -3.8919E-03
  1.2890E-02  7.5135E-03 -4.7096E-03
  1.2677E-02  6.2510E-03 -4.5417E-03
  1.2979E-02  5.8100E-03 -4.8977E-03
  1.2214E-02  5.6919E-03 -4.0604E-03
  1.2935E-02  1.0061E-02 -4.6240E-03
  1.3571E-02  1.0505E-02 -5.3018E-03
  1.2139E-02  1.5811E-02 -1.1234E-02
  8.7514E-03  1.1500E-02 -1.0238E-02
  8.2835E-03  6.1031E-03 -5.1915E-03
  4.7216E-03  1.3354E-03 -3.9044E-03
 -1.3519E-03 -3.0888E-04 -8.3400E-03
 -4.7635E-03 -4.5272E-03 -7.4632E-03
 -4.9497E-03 -3.6433E-03 -8.5545E-03
 -8.1433E-03 -7.7562E-03 -7.5657E-03
 -2.0469E-03  1.3447E-03 -1.0731E-02
  1.0627E-02  1.2581E-02 -9.4547E-03
  7.4942E-03  1.2428E-02 -1.2453E-02
  1.5680E-02  1.3630E-02 -5.4376E-03
  1.7575E-02  1.4407E-02 -4.3245E-03
  2.2850E-02  1.4162E-02  1.2389E-03
  2.2006E-02  8.8742E-03  5.7958E-03
  2.7707E-02  1.9164E-02  1.0168E-03
  3.2937E-02  1.9088E-02  6.3613E-03
  1.8222E-02  1.9539E-02 -8.9185E-03
  2.0155E-02  2.0945E-02 -8.4100E-03
  1.6886E-02  2.2486E-02 -1.3278E-02
  1.7027E-02  2.7412E-02 -1.8172E-02
  1.8370E-02  3.1425E-02 -2.0922E-02
  1.1351E-02  2.5737E-02 -2.2175E-02
  1.0621E-02  2.9075E-02 -2.6323E-02
  7.2875E-03  2.0634E-02 -2.1051E-02
  1.8510E-03  1.8560E-02 -2.4406E-02
 -2.2470E-03  1.3143E-02 -2.2995E-02
 -3.0306E-03  1.3840E-02 -2.4496E-02
 -7.1852E-03  8.5582E-03 -2.3280E-02
 -1.0306E-02  4.2603E-03 -2.2029E-02
 -7.5952E-03  8.3637E-03 -2.3494E-02
  2.4266E-03  1.8181E-02 -2.3438E-02
  6.0378E-03  1.7450E-02 -1.9054E-02
 -1.0379E-03  1.8909E-02 -2.7672E-02
 -8.5794E-04  1.9039E-02 -2.7623E-02
 -4.5175E-03  2.1219E-02 -3.3538E-02
 -2.9087E-03  2.6928E-02 -3.7754E-02
 -7.4701E-03  2.6951E-02 -4.2371E-02
 -9.2389E-03  2.9980E-02 -4.7250E-02
 -9.2543E-03  2.4003E-02 -4.1155E-02
 -2.1483E-03  1.3754E-02 -2.3520E-02
 -5.8654E-04  1.3821E-02 -2.2015E-02
 -4.9633E-03  9.1969E-03 -2.1696E-02
 -6.3443E-03  3.8666E-03 -1.7637E-02
 -1.1107E-02 -8.6348E-04 -1.7598E-02
 -9.5717E-03 -1.6299E-03 -1.5268E-02
 -1.2572E-02 -6.1336E-03 -1.3684E-02
 -5.5129E-03  2.1356E-03 -1.5030E-02
 -1.2134E-03  3.2794E-03 -1.1869E-02
 -1.3140E-03 -4.0884E-04 -8.1997E-03
  3.2897E-03  7.0681E-03 -1.1208E-02
  8.5428E-03  7.1794E-03 -6.0308E-03
  1.1255E-02  8.3969E-03 -4.5437E-03
  7.3389E-03  3.4759E-03 -3.4568E-03
  1.2359E-02  1.1646E-02 -6.7550E-03
  1.7386E-02  1.3806E-02 -3.8989E-03
  9.9772E-03  1.3144E-02 -1.0685E-02
  1.3232E-02  1.7440E-02 -1.1799E-02
  9.5496E-03  1.9229E-02 -1.7337E-02
  1.2364E-02  2.3874E-02 -1.9250E-02
  8.4468E-03  2.5811E-02 -2.5176E-02
  9.6449E-03  3.1036E-02 -2.9311E-02
  8.3872E-03  3.1674E-02 -3.1230E-02
  9.6847E-03  3.6609E-02 -3.4970E-02
  5.7886E-03  2.7390E-02 -2.9468E-02
  1.6057E-02  1.5619E-02 -7.0922E-03
  2.0151E-02  1.9058E-02 -6.4844E-03
  1.3987E-02  1.0233E-02 -3.6702E-03
  1.6356E-02  7.9950E-03  1.0046E-03
  1.1818E-02  3.1161E-03  1.4216E-03
  8.4429E-03  4.6489E-03 -3.5442E-03
  3.2053E-03  2.6342E-03 -6.7594E-03
  1.0486E-02  7.5154E-03 -4.4169E-03
  2.0016E-02  6.2170E-03  6.5075E-03
  2.2769E-02  4.7758E-03  1.0754E-02
  1.9952E-02  6.2533E-03  6.4067E-03
  2.3223E-02  4.6754E-03  1.1314E-02
  1.9368E-02  6.8377E-04  1.1512E-02
  1.5115E-02  6.4375E-04  7.2699E-03
  1.8546E-02 -7.1389E-04  9.5246E-04
  1.8472E-02 -1.3797E-03  1.0697E-03
  1.7913E-02 -3.8730E-03  1.5772E-03
  1.5874E-02 -4.5216E-03  2.1690E-03
  1.6086E-02 -5.7446E-03  2.2999E-03
  1.4242E-02 -6.4319E-03  2.8502E-03
  1.2137E-02 -5.9012E-03  3.2823E-03
  1.1890E-02 -4.6791E-03  3.1600E-03
  1.3758E-02 -3.9947E-03  2.6044E-03
  1.6844E-02  9.6436E-05  1.2449E-03
  1.5424E-02  1.2593E-03  1.4164E-03
  1.7117E-02  9.0319E-05  1.1795E-03
  1.5691E-02  1.3840E-03  1.3328E-03
  1.7022E-02  2.9655E-03  7.7387E-04
  1.5899E-02  4.3758E-03  8.3627E-04
  1.7649E-02  5.7162E-03  2.1143E-04
  1.4116E-02  5.9662E-03  1.0322E-03
  1.4605E-02 -3.1595E-04  1.8502E-03
  1.5667E-02 -1.4018E-03  1.7543E-03
  1.2507E-02 -6.4128E-04  2.4082E-03
  1.1150E-02 -2.1837E-03  2.9677E-03
  9.4535E-03 -3.1284E-03  3.5206E-03
  8.1006E-03 -5.1202E-03  4.1462E-03
  6.8817E-03 -5.8260E-03  4.5474E-03
  9.5447E-03 -7.0426E-03  4.0821E-03
  1.0095E-02 -7.6970E-04  3.0130E-03
  8.8165E-03  8.4925E-04  3.0822E-03
  1.0711E-02 -1.3701E-03  2.9531E-03
  9.9863E-03 -1.3993E-04  2.9456E-03
  1.2008E-02 -8.2613E-05  2.4461E-03
  1.1467E-02  7.5934E-04  2.4518E-03
  1.1499E-02 -6.2890E-04  2.6511E-03
  1.1103E-02  2.8056E-03  2.2352E-03
  8.0027E-03 -1.2089E-03  3.5867E-03
  8.2168E-03 -3.0764E-03  3.8132E-03
  6.0675E-03 -6.1209E-05  3.8855E-03
  4.0970E-03 -9.3068E-04  4.4938E-03
  3.0192E-03 -3.0144E-03  5.0662E-03
  2.0874E-03 -4.3411E-03  5.4904E-03
  3.2470E-03 -3.4007E-03  5.0685E-03
  2.2363E-03 -5.2983E-03  5.5969E-03
  3.6879E-03 -7.4374E-03  5.5634E-03
  2.5817E-03 -9.4261E-03  6.1286E-03
  2.8456E-03 -9.9132E-03  6.1371E-03
  1.6393E-03 -1.1585E-02  6.6794E-03
  1.8301E-04 -1.2780E-02  7.2112E-03
 -9.1977E-05 -1.2343E-02  7.2128E-03
  1.1052E-03 -1.0675E-02  6.6733E-03
  1.9024E-03 -4.6042E-03  5.5745E-03
  3.4352E-03 -3.8713E-03  5.0930E-03
 -5.4609E-05 -4.9926E-03  6.1077E-03
 -4.3627E-04 -4.4828E-03  6.1244E-03
 -2.8914E-03 -4.2835E-03  6.6909E-03
 -3.5146E-03 -6.1651E-03  7.1228E-03
 -2.0019E-03 -6.0424E-03  6.7372E-03
 -3.2225E-03 -4.9274E-03  6.8673E-03
 -2.9785E-03 -2.9590E-03  6.5146E-03
 -4.4902E-03 -6.2455E-03  7.3718E-03
 -5.8447E-03 -5.4038E-03  7.5752E-03
 -5.3821E-03 -6.7820E-03  7.6684E-03
 -3.2218E-03 -6.3236E-03  7.0754E-03
 -2.7524E-03 -7.8842E-03  7.1941E-03
 -5.9955E-04 -8.9998E-03  6.8376E-03
 -2.9483E-04 -1.1174E-02  7.0879E-03
  1.7409E-03 -1.2035E-02  6.7217E-03
 -2.0121E-03 -1.2504E-02  7.7032E-03
 -8.3371E-03 -5.4423E-03  8.1862E-03
 -9.7004E-03 -4.5558E-03  8.3851E-03
 -8.9420E-03 -6.4529E-03  8.4838E-03
 -1.1263E-02 -6.6207E-03  9.0725E-03
 -1.2120E-02 -8.8547E-03  9.6137E-03
 -1.1730E-02 -9.1489E-03  9.5630E-03
 -1.0965E-02 -1.0642E-02  9.5999E-03
 -1.1511E-02 -6.6180E-03  9.1323E-03
 -9.8897E-03 -7.0900E-03  8.8090E-03
 -1.3528E-02 -6.1248E-03  9.5486E-03
 -1.4031E-02 -6.1278E-03  9.6712E-03
 -1.6480E-02 -5.4103E-03  1.0159E-02
 -1.7091E-02 -6.0585E-03  1.0404E-02
 -1.6847E-02 -2.8806E-03  9.8709E-03
 -1.9243E-02 -2.0854E-03  1.0334E-02
 -1.3551E-02 -8.4545E-03  9.9017E-03
 -1.2838E-02 -8.6607E-03  9.7592E-03
 -1.2973E-02 -4.8655E-03  1.2677E-02
 -1.4402E-02 -5.8141E-03  1.3956E-02
 -1.5381E-02 -8.7870E-03  1.5544E-02
 -1.3024E-02 -1.0276E-02  1.4372E-02
 -1.2486E-02 -7.5216E-03  1.3156E-02
 -9.5443E-03 -8.0347E-03  1.1280E-02
 -9.0235E-03 -8.7580E-03  1.1142E-02
 -7.6214E-03 -7.7425E-03  9.8622E-03
 -4.6994E-03 -8.0952E-03  7.9516E-03
 -2.9513E-03 -8.3737E-03  6.8292E-03
 -2.5899E-03 -1.1664E-02  7.5886E-03
 -1.4821E-03 -1.1850E-02  6.8802E-03
 -1.2975E-03 -9.1077E-03  5.9117E-03
 -9.1171E-04 -1.4430E-02  7.2774E-03
 -4.0599E-03 -5.3074E-03  6.6547E-03
 -2.4914E-03 -5.7464E-03  5.7057E-03
 -5.3488E-03 -2.4396E-03  6.6656E-03
 -4.9574E-03  4.4135E-04  5.5116E-03
 -6.3203E-03  3.3641E-03  5.5568E-03
 -6.1154E-03  5.3378E-04  6.2833E-03
 -4.9244E-03  1.5111E-03  5.1607E-03
 -8.4872E-03 -4.4698E-04  8.2228E-03
 -9.8234E-03 -4.2650E-04  9.1397E-03
 -1.2706E-02 -1.1701E-03  1.1359E-02
 -1.4651E-02  4.2132E-04  1.2215E-02
 -1.5293E-02 -1.2320E-03  1.3166E-02
 -1.5457E-02  3.3524E-03  1.1873E-02
 -8.1677E-03 -2.7616E-03  8.7120E-03
 -8.0002E-03 -2.0641E-03  8.3823E-03
 -6.9041E-03 -5.4988E-03  8.6785E-03
 -5.2101E-03 -7.9536E-03  8.2610E-03
 -4.4101E-03 -1.0987E-02  8.6385E-03
 -2.6677E-03 -6.7929E-03  6.1484E-03
 -1.7822E-03 -7.5118E-03  5.7571E-03
 -1.4656E-03 -5.0129E-03  4.7720E-03
  9.2491E-04 -3.7473E-03  2.7321E-03
  2.0082E-03 -1.7971E-03  1.3856E-03
  3.9072E-03 -3.8056E-03  6.8953E-04
  4.5950E-03 -1.3414E-03 -5.4141E-04
  7.4107E-03  1.8984E-04 -2.9565E-03
  1.1910E-04 -1.6123E-03  2.6341E-03
  1.6906E-03 -1.6115E-03  1.5481E-03
 -2.3141E-03  2.3602E-04  3.7483E-03
 -3.1812E-03  2.4177E-03  3.6783E-03
 -5.8491E-03  4.6728E-03  4.8299E-03
 -6.5625E-03  7.2764E-03  4.5242E-03
 -8.6552E-03  1.0119E-02  5.0984E-03
 -1.1547E-02  9.4350E-03  7.3059E-03
 -1.3512E-02  1.2501E-02  7.7227E-03
 -3.5472E-03  6.0806E-04  4.4862E-03
 -2.7055E-03  1.4845E-03  3.6358E-03
 -4.7832E-03 -1.9248E-03  6.1170E-03
 -5.3668E-03 -3.9492E-03  7.1411E-03
 -7.1739E-03 -6.3095E-03  9.1136E-03
 -9.9454E-03 -4.7602E-03  1.0553E-02
 -1.2035E-02 -3.5863E-03  1.1637E-02
 -1.2803E-02 -6.3068E-04  1.1261E-02
 -1.2924E-02 -5.6428E-03  1.2882E-02
 -2.8006E-03 -5.7060E-03  5.9069E-03
 -2.8067E-03 -6.3999E-03  6.1240E-03
 -6.2264E-04 -6.5083E-03  4.6482E-03
  1.9895E-03 -8.0975E-03  3.3309E-03
  3.6929E-03 -1.0017E-02  2.7428E-03
  3.6181E-03 -5.7204E-03  1.4766E-03
  5.8974E-03 -6.6747E-03  1.9452E-04
  2.4647E-03 -2.6400E-03  1.3287E-03
  3.7760E-03 -1.4325E-04 -3.4307E-04
  5.7692E-03  1.2040E-03 -2.1334E-03
  7.2411E-03  2.9866E-03 -3.6970E-03
  4.7755E-03 -4.2654E-04 -1.1896E-03
  5.2908E-03 -3.0004E-04 -1.8312E-03
  5.9285E-03 -7.0145E-04 -1.7057E-03
  6.4719E-03 -5.7637E-04 -2.3684E-03
  6.2686E-03 -1.1743E-03 -1.2122E-03
  6.8320E-03 -1.6059E-03 -9.7437E-04
  4.9668E-03  1.7094E-04 -2.3351E-03
  4.9732E-03  1.7020E-04 -2.3392E-03
  4.6641E-03  5.7446E-04 -2.7457E-03
  4.3488E-03  1.0311E-03 -3.2331E-03
  3.7356E-03  1.4329E-03 -3.3801E-03
  3.9797E-03  1.5047E-03 -3.7035E-03
  3.8893E-03  1.9320E-03 -4.3318E-03
  4.2649E-03  1.1739E-03 -3.3981E-03
  4.9148E-03  1.1398E-03 -3.8880E-03
  5.4774E-03  9.0938E-04 -3.9812E-03
  4.7740E-03  1.4792E-03 -4.3291E-03
  5.2720E-03  1.6228E-03 -4.9842E-03
  5.7079E-03  1.4066E-03 -4.9943E-03
  5.2335E-03  1.5543E-03 -4.8390E-03
  6.1807E-03  8.6840E-04 -4.5046E-03
  4.8650E-03  2.1604E-03 -5.5282E-03
  4.3118E-03  2.3837E-03 -5.4313E-03
  5.1403E-03  2.3746E-03 -6.1124E-03
  4.7664E-03  2.8901E-03 -6.6479E-03
  5.0615E-03  3.0692E-03 -7.1909E-03
  5.0206E-03  2.9197E-03 -6.9103E-03
  5.5796E-03  2.5887E-03 -6.8345E-03
  4.4209E-03  3.1264E-03 -6.7468E-03
  4.8267E-03  3.0611E-03 -6.9803E-03
  4.3300E-03  3.4458E-03 -7.1968E-03
  5.4495E-03  2.7973E-03 -7.0690E-03
  5.5703E-03  2.9436E-03 -7.4117E-03
  6.0058E-03  3.1585E-03 -8.1316E-03
  5.6545E-03  3.6029E-03 -8.5688E-03
  5.2271E-03  4.0523E-03 -8.9502E-03
  4.8968E-03  4.4731E-03 -9.3662E-03
  5.0036E-03  4.4342E-03 -9.3919E-03
  4.6916E-03  4.8318E-03 -9.7849E-03
  5.4254E-03  3.9910E-03 -9.0159E-03
  5.7482E-03  3.5791E-03 -8.6085E-03
  5.9516E-03  2.5571E-03 -7.0950E-03
  6.4539E-03  2.1600E-03 -6.8628E-03
  5.7468E-03  2.7036E-03 -7.1644E-03
  6.0562E-03  2.3929E-03 -6.9124E-03
  5.5271E-03  2.3140E-03 -6.3376E-03
  5.2715E-03  2.0888E-03 -5.7517E-03
  5.8698E-03  2.0027E-03 -6.1127E-03
  6.2078E-03  2.6919E-03 -7.5326E-03
  5.7213E-03  3.0849E-03 -7.7713E-03
  6.8892E-03  2.5211E-03 -7.8237E-03
  7.1184E-03  2.7729E-03 -8.4313E-03
  7.6611E-03  2.8176E-03 -8.9611E-03
  7.4751E-03  3.0005E-03 -9.1061E-03
  6.8398E-03  3.5160E-03 -9.4218E-03
  8.1149E-03  2.9650E-03 -9.5854E-03
  7.4538E-03  2.4945E-03 -8.2544E-03
  7.8694E-03  2.0597E-03 -7.8871E-03
  7.2482E-03  2.7431E-03 -8.4914E-03
  7.5504E-03  2.5107E-03 -8.3622E-03
  6.9758E-03  2.6431E-03 -8.0975E-03
  7.2874E-03  2.3503E-03 -7.8770E-03
  6.7878E-03  2.5474E-03 -7.7818E-03
  7.0410E-03  2.3564E-03 -7.6799E-03
  6.1556E-03  2.8899E-03 -7.8150E-03
  7.9961E-03  2.6952E-03 -9.0409E-03
  7.7238E-03  3.1215E-03 -9.5146E-03
  8.6855E-03  2.3730E-03 -9.0894E-03
  9.1714E-03  2.5013E-03 -9.7091E-03
  9.8937E-03  2.1369E-03 -9.7156E-03
  1.0375E-02  2.3102E-03 -1.0406E-02
  1.0898E-02  2.1780E-03 -1.0627E-02
  1.1407E-02  2.2939E-03 -1.1246E-02
  1.1387E-02  2.5456E-03 -1.1644E-02
  1.0859E-02  2.6828E-03 -1.1426E-02
  1.0359E-02  2.5645E-03 -1.0811E-02
  9.1770E-03  2.4906E-03 -9.6962E-03
  9.4940E-03  2.1106E-03 -9.3363E-03
  8.8426E-03  2.9134E-03 -1.0112E-02
  8.7716E-03  2.9532E-03 -1.0118E-02
  8.0265E-03  3.3817E-03 -1.0198E-02
  7.8393E-03  3.4146E-03 -1.0095E-02
  7.6054E-03  3.8067E-03 -1.0544E-02
  7.9248E-03  3.0507E-03 -9.5669E-03
  9.3069E-03  2.9949E-03 -1.0636E-02
  9.3773E-03  3.3304E-03 -1.1248E-02
  6.0787E-03  4.5845E-03 -1.4708E-02
  7.0058E-03  7.9193E-03 -1.5521E-02
  1.1813E-02  6.4901E-03 -1.5520E-02
  1.6623E-02  6.8045E-03 -1.5912E-02
  1.2192E-02  9.9979E-03 -1.6336E-02
  2.3348E-03  7.4048E-03 -1.5093E-02
  1.2502E-03  3.2631E-03 -1.4087E-02
 -5.5311E-04  1.1571E-02 -1.5838E-02
  7.5014E-04  1.6519E-02 -1.7040E-02
 -4.2028E-03  1.9498E-02 -1.7380E-02
 -6.0429E-03  1.7688E-02 -1.6849E-02
 -5.2047E-03  1.1996E-02 -1.5623E-02
 -4.6150E-03  9.6168E-03 -1.5127E-02
 -9.7704E-04  1.0657E-02 -1.5604E-02
 -8.3874E-03  6.5816E-03 -1.4191E-02
 -8.3358E-03  3.9456E-03 -1.3601E-02
 -1.3610E-02  1.6510E-03 -1.2731E-02
 -1.4631E-02 -3.0749E-03 -1.1599E-02
 -1.8835E-02 -5.2030E-03 -1.0838E-02
 -1.1249E-02 -4.6882E-03 -1.1461E-02
 -6.7428E-03  7.1418E-03 -1.4427E-02
 -3.6102E-03  5.5047E-03 -1.4268E-02
 -9.0003E-03  1.1650E-02 -1.5292E-02
 -7.7822E-03  1.5001E-02 -1.6128E-02
 -1.1014E-02  1.9896E-02 -1.7015E-02
 -1.6541E-02  1.9376E-02 -1.6528E-02
 -1.6862E-02  1.6648E-02 -1.5892E-02
 -1.9552E-02  1.2755E-02 -1.4836E-02
 -1.4439E-02  1.8354E-02 -1.6438E-02
 -2.1435E-03  1.6258E-02 -1.6788E-02
  1.3483E-04  1.6470E-02 -1.6988E-02
  1.2659E-04  1.7035E-02 -1.7115E-02
  5.5119E-03  1.8287E-02 -1.7757E-02
  6.9827E-03  2.0272E-02 -1.8302E-02
  5.5915E-03  2.5886E-02 -1.9474E-02
  8.4724E-03  2.7795E-02 -2.0096E-02
 -1.5932E-04  2.6829E-02 -1.9302E-02
  8.7740E-03  1.3819E-02 -1.6968E-02
  1.2475E-02  1.4421E-02 -1.7351E-02
  7.2189E-03  9.2935E-03 -1.5845E-02
  9.9991E-03  4.6639E-03 -1.4988E-02
  7.8375E-03 -1.4517E-04 -1.3760E-02
  1.0071E-02 -4.8869E-03 -1.2841E-02
  9.1178E-03 -2.2924E-04 -1.3826E-02
  6.4142E-03 -4.4372E-03 -1.2698E-02
  9.4525E-03  3.9689E-03 -1.4795E-02
  1.3212E-02  2.6329E-03 -1.4745E-02
  4.7375E-03  4.6737E-03 -1.4638E-02
  3.6297E-03  4.1784E-03 -1.4453E-02
 -1.9905E-03  5.7405E-03 -1.4429E-02
 -5.8404E-03  2.6463E-03 -1.3475E-02
 -2.8241E-03  5.0937E-03 -1.4228E-02
  7.2006E-03  7.6308E-03 -1.5469E-02
  9.6013E-03  6.0012E-03 -1.5262E-02
  7.6417E-03  1.2333E-02 -1.6558E-02
  1.0926E-02  1.6130E-02 -1.7632E-02
  1.0099E-02  2.1294E-02 -1.8740E-02
  4.5613E-03  2.3368E-02 -1.8838E-02
  3.1345E-03  2.6938E-02 -1.9546E-02
  1.6116E-03  2.1461E-02 -1.8211E-02
  1.6623E-02  1.4700E-02 -1.7691E-02
  1.9615E-02  1.5700E-02 -1.8116E-02
  1.8141E-02  1.2474E-02 -1.7291E-02
  2.3475E-02  1.0898E-02 -1.7292E-02
  2.4430E-02  9.3709E-03 -1.7012E-02
  2.4007E-02  1.3770E-02 -1.7975E-02
  2.4245E-02  1.2135E-02 -1.7622E-02
  2.3801E-02  1.6486E-02 -1.8573E-02
  2.4488E-02  1.6267E-02 -1.8569E-02
  2.4025E-02  2.0408E-02 -1.9471E-02
  2.5597E-02  1.1891E-02 -1.7658E-02
  2.4970E-02  6.5696E-03 -1.6417E-02
  2.9490E-02  5.7812E-03 -1.6542E-02
  2.1196E-02  3.9661E-03 -1.5579E-02
  2.2465E-02 -3.5160E-04 -1.4691E-02
  2.0202E-02 -5.2471E-03 -1.3437E-02
  2.0718E-02 -9.6394E-03 -1.2482E-02
  2.2966E-02 -6.5463E-03 -1.3329E-02
  1.9834E-02 -9.8347E-03 -1.2379E-02
  2.1177E-02 -4.3305E-05 -1.4674E-02
  2.4547E-02 -9.1912E-04 -1.4702E-02
  1.8150E-02 -2.6115E-03 -1.4476E-02
  1.7187E-02 -1.1218E-03 -1.5137E-02
  1.8678E-02 -1.5734E-03 -1.6554E-02
  1.9235E-02 -3.2886E-03 -1.5049E-02
  2.0510E-02 -2.0182E-03 -1.8441E-02
  1.5401E-02 -8.2475E-04 -1.3117E-02
  1.3858E-02  8.9861E-04 -1.3303E-02
  1.5554E-02 -2.4784E-03 -1.1148E-02
  1.3961E-02 -2.3771E-03 -9.1310E-03
  1.2217E-02 -1.6191E-03 -7.7743E-03
  1.1451E-02 -2.4350E-03 -5.6678E-03
  1.1581E-02 -1.0565E-04 -8.9081E-03
  9.9025E-03  6.5231E-04 -7.6404E-03
  1.0551E-02 -1.4788E-05 -7.6380E-03
  1.0978E-02  1.1461E-03 -9.7414E-03
  1.1368E-02  4.1964E-04 -9.3124E-03
  1.2034E-02  1.3130E-03 -1.1387E-02
  1.3712E-02  2.4106E-04 -1.2241E-02
  1.4216E-02  1.1827E-03 -1.4160E-02
  1.4876E-02 -1.7696E-03 -1.1165E-02
  8.2230E-03  2.9168E-03 -8.3537E-03
  8.5601E-03  4.1166E-03 -1.0388E-02
  6.4255E-03  3.4285E-03 -6.6015E-03
  4.5437E-03  5.5045E-03 -6.7939E-03
  3.3137E-03  5.5993E-03 -5.2587E-03
  4.4808E-03  4.4631E-03 -5.3385E-03
  5.0987E-03  5.5073E-03 -7.5466E-03
  5.9910E-03  4.4778E-03 -7.3958E-03
  7.9448E-03  3.2408E-03 -8.4048E-03
  8.6107E-03  2.3621E-03 -8.1471E-03
  9.2332E-03  2.9087E-03 -9.7066E-03
  3.3810E-03  6.0724E-03 -5.9721E-03
  3.3248E-03  4.8336E-03 -4.2660E-03
  2.3745E-03  7.9671E-03 -7.1072E-03
  1.2683E-03  8.6758E-03 -6.5469E-03
  2.3585E-03  9.0112E-03 -8.4596E-03
  2.2180E-03  1.0833E-02 -1.0667E-02
  4.5544E-03  7.1138E-03 -8.9261E-03
 -8.8119E-04  1.0661E-02 -6.2591E-03
 -1.3235E-03  1.1952E-02 -7.3608E-03
 -2.2445E-03  1.0884E-02 -4.7116E-03
 -4.2828E-03  1.2794E-02 -4.4756E-03
 -5.8439E-03  1.2567E-02 -2.0697E-03
 -7.9337E-03  1.4558E-02 -1.8688E-03
 -9.4670E-03  1.5366E-02 -8.6355E-04
 -1.1001E-02  1.7311E-02 -1.3536E-03
 -1.0436E-02  1.7682E-02 -2.6027E-03
 -8.5937E-03  1.6041E-02 -2.9301E-03
 -4.3477E-03  1.4116E-02 -6.1269E-03
 -4.5078E-03  1.3883E-02 -5.6048E-03
 -4.2313E-03  1.5498E-02 -8.1031E-03
 -4.2270E-03  1.6843E-02 -9.8785E-03
 -4.4736E-03  1.8522E-02 -1.1755E-02
 -5.6482E-03  1.7711E-02 -9.1033E-03
 -4.9321E-03  1.7201E-02 -9.3976E-03
 -7.6592E-03  1.9010E-02 -8.0982E-03
 -8.7582E-03  2.0094E-02 -8.0425E-03
 -1.0377E-02  2.2219E-02 -8.6538E-03
 -1.1027E-02  2.1789E-02 -7.2108E-03
 -9.0627E-03  1.9873E-02 -7.3404E-03
 -9.4023E-03  1.8473E-02 -5.0398E-03
 -1.1094E-02  1.8987E-02 -3.4328E-03
 -7.8013E-03  1.6732E-02 -4.9096E-03
 -7.8902E-03  1.5258E-02 -2.8491E-03
 -8.6676E-03  1.4512E-02 -8.1891E-04
 -7.2776E-03  1.3305E-02 -1.1055E-03
 -5.7799E-03  1.3456E-02 -3.3259E-03
 -5.4789E-03  1.2437E-02 -2.3909E-03
 -4.3334E-03  1.3043E-02 -4.7347E-03
 -2.2475E-03  1.1392E-02 -5.3767E-03
 -1.4675E-03  9.3759E-03 -3.7761E-03
  3.1784E-04  7.8889E-03 -4.2287E-03
 -5.7576E-03  1.2060E-02 -2.5735E-03
 -5.4760E-03  9.6850E-03 -1.7954E-03
 -6.8989E-03  9.3179E-03 -6.3871E-04
 -8.7561E-03  8.6554E-03  9.4638E-04
 -1.0569E-02  1.0552E-02  1.4474E-03
 -1.0915E-02  1.1399E-02  1.3435E-03
 -1.2358E-02  1.3113E-02  1.6582E-03
 -1.2564E-02  1.3787E-02  1.5264E-03
 -1.3592E-02  1.4171E-02  2.0953E-03
 -3.3441E-03  8.7099E-03 -2.9010E-03
 -2.4631E-03  9.7697E-03 -3.9597E-03
 -2.5366E-03  6.6831E-03 -2.6379E-03
 -4.8221E-04  5.6041E-03 -3.6460E-03
  8.2061E-04  5.4963E-03 -4.5224E-03
  2.9909E-03  4.8934E-03 -5.8082E-03
  3.1146E-04  3.8523E-03 -3.4862E-03
 -2.1404E-04  3.2871E-03 -2.8823E-03
 -1.1035E-03  1.8976E-03 -1.6820E-03
  1.0496E-03  2.8911E-03 -3.6125E-03
  1.4716E-03  7.9672E-04 -3.0491E-03
  8.4616E-04  1.2069E-03 -2.7758E-03
 -1.2786E-03  2.3673E-03 -1.7515E-03
 -1.8316E-03  4.6877E-03 -2.3153E-03
 -3.8042E-03  5.7841E-03 -1.3722E-03
 -5.2453E-03  4.5457E-03  1.5580E-04
 -7.2041E-03  5.6427E-03  1.0889E-03
 -4.7306E-03  2.2261E-03  7.4634E-04
 -2.7563E-03  1.1547E-03 -2.0827E-04
  3.6559E-03 -1.1783E-04 -4.2167E-03
  4.7689E-03  1.0423E-03 -5.4805E-03
  4.2429E-03 -2.2338E-03 -3.7610E-03
  6.3131E-03 -3.3482E-03 -4.7657E-03
  7.1097E-03 -4.7312E-03 -4.7597E-03
  9.3004E-03 -5.5963E-03 -5.9521E-03
  1.0793E-02 -4.7551E-03 -7.3529E-03
  1.2527E-02 -6.1389E-03 -8.0092E-03
  1.2111E-02 -7.7671E-03 -7.0457E-03
  1.0177E-02 -7.4777E-03 -5.7977E-03
  6.5610E-03 -4.8460E-03 -4.3247E-03
  5.9670E-03 -6.5985E-03 -3.1839E-03
  7.4866E-03 -4.1622E-03 -5.2602E-03
  7.8325E-03 -5.3427E-03 -5.0190E-03
  9.6098E-03 -4.8078E-03 -6.4952E-03
  1.1448E-02 -5.3394E-03 -7.5758E-03
  9.1556E-03 -2.3618E-03 -7.1805E-03
  8.0824E-03 -7.8656E-03 -4.1577E-03
  7.5009E-03 -8.9187E-03 -3.3135E-03
  8.9757E-03 -8.8412E-03 -4.3877E-03
  9.2030E-03 -1.1232E-02 -3.5648E-03
  1.1261E-02 -1.2330E-02 -4.5675E-03
  1.2947E-02 -1.2524E-02 -5.6794E-03
  1.3903E-02 -1.0504E-02 -7.1861E-03
  1.5586E-02 -1.0604E-02 -8.3344E-03
  1.6455E-02 -8.5716E-03 -9.7846E-03
  7.6521E-03 -1.1715E-02 -2.2701E-03
  6.4039E-03 -1.2699E-02 -9.8282E-04
  7.6716E-03 -1.0880E-02 -2.6272E-03
  6.3557E-03 -1.1290E-02 -1.5288E-03
  7.0508E-03 -1.0551E-02 -2.3239E-03
  9.2543E-03 -1.1243E-02 -3.5966E-03
  1.0281E-02 -9.8129E-03 -4.9102E-03
  1.2334E-02 -1.0361E-02 -6.1363E-03
  1.3373E-02 -1.2362E-02 -6.0475E-03
  1.2358E-02 -1.3812E-02 -4.7331E-03
  1.0317E-02 -1.3251E-02 -3.5214E-03
  4.1340E-03 -1.0511E-02 -2.7885E-04
  3.0543E-03 -1.1748E-02  9.9308E-04
  3.4357E-03 -8.4522E-03 -6.3225E-04
  1.3124E-03 -7.5906E-03  5.1388E-04
  2.4272E-04 -6.4952E-03  8.1930E-04
  5.6099E-04 -4.1467E-03 -3.7183E-04
 -1.0594E-03 -2.5480E-03  1.1570E-04
  2.2351E-03 -3.7848E-03 -1.7039E-03
  9.8790E-04 -6.0155E-03  9.5271E-05
  3.4901E-04 -3.9926E-03 -2.8538E-04
  1.4607E-03 -6.9486E-03  1.4498E-04
  2.1046E-03 -9.3544E-03  6.7964E-04
  1.5316E-03 -9.4568E-03  1.1268E-03
  2.0135E-03 -7.3346E-03 -8.6942E-05
  1.2173E-03 -5.6051E-03 -2.3572E-04
 -9.2315E-04 -4.4919E-03  8.1913E-04
 -2.2708E-03 -5.2225E-03  2.0722E-03
 -1.2733E-03 -2.5881E-03  2.8339E-04
  1.4519E-05 -1.0849E-03 -1.2452E-03
 -1.2991E-03  5.4355E-04 -9.8672E-04
 -3.2544E-03  8.1341E-04  2.8418E-04
 -3.3354E-03 -1.5646E-03  1.3197E-03
 -4.0074E-03 -2.8736E-03  2.3332E-03
 -2.7804E-03 -4.0333E-03  1.9431E-03
 -1.0571E-02 -6.2410E-03  6.7509E-03
 -1.1451E-02 -7.8722E-03  7.5931E-03
 -1.4103E-02 -7.2568E-03  8.8662E-03
 -1.5567E-02 -7.9616E-03  9.8080E-03
 -1.8110E-02 -6.9398E-03  1.0931E-02
 -1.9479E-02 -6.8695E-03  1.1645E-02
 -2.1669E-02 -5.0350E-03  1.2393E-02
 -1.0204E-02 -7.3512E-03  6.8093E-03
 -9.2068E-03 -9.1278E-03  6.6833E-03
 -1.0333E-02 -4.9009E-03  6.3179E-03
 -9.1239E-03 -4.1491E-03  5.5014E-03
 -1.0496E-02 -1.8680E-03  5.7115E-03
 -1.3035E-02 -2.3669E-03  7.1798E-03
 -9.3522E-03 -1.4365E-03  5.0032E-03
 -6.9396E-03 -3.2660E-03  4.1349E-03
 -7.0228E-03 -1.1699E-03  3.7002E-03
 -5.0512E-03 -4.9708E-03  3.5175E-03
 -2.8568E-03 -4.3925E-03  2.2153E-03
 -9.4359E-04 -6.6200E-03  1.7042E-03
  1.4413E-03 -6.2845E-03  3.5585E-04
  1.6200E-03 -6.8764E-03  3.9585E-04
  2.2987E-03 -5.1727E-03 -3.5539E-04
  1.1751E-03 -9.0514E-03  1.1301E-03
 -2.1293E-03 -1.7958E-03  1.2340E-03
 -2.1202E-03 -1.2634E-03  1.1075E-03
 -1.6074E-03 -1.7432E-04  5.8518E-04
 -9.2176E-04  2.3826E-03 -3.6474E-04
 -3.0235E-03  4.3970E-03  2.9559E-04
 -2.7627E-03  6.7049E-03 -3.7084E-04
 -5.1148E-03  3.5351E-03  1.6077E-03
 -7.2982E-03  5.2099E-03  2.3892E-03
 -8.6405E-03  4.3755E-03  3.2956E-03
 -7.3441E-03  4.3537E-03  2.6093E-03
 -7.7032E-03  6.9550E-03  2.2063E-03
 -6.9261E-03  6.7788E-03  1.8322E-03
 -7.6562E-03  9.1974E-03  1.6688E-03
 -8.8367E-03  4.9958E-03  3.2584E-03
 -9.0812E-03  2.8614E-03  3.8766E-03
 -9.9300E-03  7.1934E-03  3.3392E-03
 -1.1512E-02  7.2594E-03  4.1678E-03
 -1.2024E-02  1.0017E-02  3.8107E-03
 -1.3999E-02  1.0263E-02  4.8074E-03
 -1.5636E-02  1.1984E-02  5.2869E-03
 -1.3945E-02  8.7490E-03  5.1245E-03
 -1.3776E-02  6.1803E-03  5.6215E-03
 -1.4994E-02  7.1662E-03  6.0458E-03
 -1.4370E-02  4.2328E-03  6.3831E-03
 -1.6429E-02  2.8935E-03  7.7870E-03
 -1.6456E-02  6.3923E-04  8.3169E-03
 -1.4339E-02 -1.3030E-03  7.6315E-03
 -1.3851E-02 -2.8455E-03  7.7240E-03
 -1.3177E-02 -1.2834E-03  7.0078E-03
 -1.8812E-02  4.4568E-03  8.7005E-03
 -2.0419E-02  3.7498E-03  9.7189E-03
 -1.9064E-02  6.5458E-03  8.3573E-03
 -2.1292E-02  8.1618E-03  9.1761E-03
 -2.1718E-02  9.1488E-03  9.1780E-03
 -2.2898E-02  7.1444E-03  1.0265E-02
 -2.3204E-02  1.1766E-02  9.3723E-03
 -2.1670E-02  1.0359E-02  8.8756E-03
 -2.3647E-02  1.1060E-02  9.7697E-03
 -1.9787E-02  1.1359E-02  7.6432E-03
 -2.0005E-02  1.3486E-02  7.2734E-03
 -1.8963E-02  1.5829E-02  6.1823E-03
 -2.0141E-02  1.6657E-02  6.6214E-03
 -1.6521E-02  1.5159E-02  5.0336E-03
 -1.8832E-02  1.2838E-02  6.7958E-03
 -1.9313E-02  1.4217E-02  6.7376E-03
 -1.7348E-02  1.0704E-02  6.4922E-03
 -1.6118E-02  1.0034E-02  5.9894E-03
 -1.4491E-02  1.2113E-02  4.6468E-03
 -1.4127E-02  1.3011E-02  4.2476E-03
 -6.8549E-03  9.6556E-03  8.9583E-03
 -7.3798E-03  9.8512E-03  6.4030E-03
 -6.9789E-03  9.4062E-03  5.1552E-03
 -7.9950E-03  1.0015E-02  2.7005E-03
 -7.6902E-03  9.6695E-03  1.6738E-03
 -7.8016E-03  9.5550E-03 -5.5714E-04
 -7.3285E-03  9.5029E-03  3.0898E-03
 -6.2530E-03  8.8287E-03  5.3670E-03
 -4.6169E-03  7.5478E-03  6.0673E-03
 -7.1228E-03  9.3914E-03  3.7146E-03
 -6.1774E-03  8.5153E-03  2.6476E-03
 -7.5281E-03  9.4735E-03  9.9548E-04
 -8.9740E-03  1.0786E-02  2.3284E-03
 -8.5310E-03  1.0446E-02  2.5965E-03
 -9.8102E-03  1.1451E-02  2.0822E-03
 -6.9272E-03  9.1951E-03  3.3310E-03
 -4.4474E-03  6.9722E-03  1.3466E-03
 -4.3138E-03  6.7649E-03  2.9253E-04
 -3.1029E-03  5.8815E-03  1.5105E-03
 -1.3549E-03  4.3406E-03  3.9305E-04
  2.2812E-04  3.1878E-03  2.0078E-03
  4.4662E-04  3.2455E-03  4.5773E-03
  8.5471E-04  2.9083E-03  4.5602E-03
  1.9970E-03  2.0945E-03  5.9208E-03
 -1.4493E-03  4.1947E-03 -2.0262E-03
 -2.6757E-03  5.1558E-03 -2.5408E-03
 -9.2719E-05  2.9469E-03 -3.4550E-03
  1.0008E-05  2.6411E-03 -5.8500E-03
 -6.3519E-04  2.9976E-03 -7.7347E-03
 -2.7464E-03  4.7134E-03 -7.9582E-03
  1.0790E-04  2.4517E-03 -7.0287E-03
  1.9830E-03  9.6985E-04 -6.3759E-03
  3.2661E-03  5.6822E-05 -4.8362E-03
  2.2071E-03  5.8596E-04 -8.5353E-03
  4.0325E-03 -9.7940E-04 -9.2282E-03
  4.0944E-03 -1.0938E-03 -9.9150E-03
  4.8316E-03 -1.5029E-03 -7.7817E-03
  2.2606E-03  3.4181E-04 -1.0702E-02
  4.3710E-03 -1.4576E-03 -1.1391E-02
  3.0694E-03 -5.2213E-04 -1.2852E-02
  6.0580E-03 -2.8550E-03 -1.1498E-02
  6.5117E-03 -3.4167E-03 -1.3538E-02
  8.3472E-03 -4.8736E-03 -1.2968E-02
  8.3981E-03 -4.9996E-03 -1.3878E-02
  1.0390E-02 -6.6266E-03 -1.3758E-02
  1.1316E-02 -7.1658E-03 -1.1348E-02
  1.1104E-02 -6.8359E-03 -9.6669E-03
  1.2025E-02 -7.3973E-03 -7.5449E-03
  9.9648E-03 -5.9359E-03 -1.0065E-02
  6.6752E-03 -3.7503E-03 -1.5693E-02
  7.0249E-03 -4.0086E-03 -1.5376E-02
  6.3846E-03 -3.7131E-03 -1.7878E-02
  6.5254E-03 -4.0293E-03 -2.0046E-02
  5.9698E-03 -3.7818E-03 -2.2313E-02
  6.4102E-03 -4.3643E-03 -2.4698E-02
  5.4023E-03 -3.5716E-03 -2.5090E-02
  3.3420E-03 -1.9502E-03 -2.5881E-02
  3.0297E-03 -1.9267E-03 -2.8406E-02
  8.5162E-03 -5.6782E-03 -2.0172E-02
  8.8366E-03 -5.9979E-03 -2.0779E-02
  9.8298E-03 -6.6996E-03 -1.9533E-02
  1.1808E-02 -8.3256E-03 -1.9525E-02
  1.2939E-02 -9.1820E-03 -1.8719E-02
  1.2468E-02 -8.9350E-03 -2.0240E-02
  1.2679E-02 -9.0189E-03 -1.9270E-02
  1.1899E-02 -8.6650E-03 -2.2385E-02
  1.2328E-02 -8.5987E-03 -1.7847E-02
  1.3444E-02 -9.5694E-03 -1.8421E-02
  1.1495E-02 -7.7225E-03 -1.5783E-02
  1.1864E-02 -7.8586E-03 -1.3970E-02
  1.0892E-02 -6.8506E-03 -1.1714E-02
  1.1377E-02 -7.1664E-03 -1.0816E-02
  1.0471E-02 -6.2669E-03 -9.1401E-03
  1.2641E-02 -8.2960E-03 -1.1787E-02
  1.1292E-02 -7.4643E-03 -1.4792E-02
  1.1895E-02 -7.8585E-03 -1.3696E-02
  1.0157E-02 -6.7115E-03 -1.6748E-02
  9.5055E-03 -6.2684E-03 -1.7752E-02
  8.3420E-03 -5.5273E-03 -2.0088E-02
  6.2615E-03 -3.7912E-03 -1.9819E-02
  5.3272E-03 -3.1348E-03 -2.1031E-02
  3.5070E-03 -1.6841E-03 -2.1532E-02
  6.2329E-03 -3.9252E-03 -2.1523E-02
  1.1099E-02 -7.6215E-03 -1.8213E-02
  1.2349E-02 -8.7663E-03 -1.9472E-02
  8.0249E-03 -6.0172E-03 -1.3752E-02
  7.5853E-04 -2.6033E-03 -1.4334E-02
 -1.8012E-03  3.9684E-03 -1.7399E-02
 -6.9014E-03  9.5662E-03 -1.9513E-02
 -8.0944E-03  1.6664E-02 -2.3091E-02
 -1.4947E-02  1.8778E-02 -2.3051E-02
 -2.2256E-03  2.0164E-02 -2.5955E-02
 -6.0109E-03 -7.3507E-03 -1.0653E-02
 -1.0085E-02 -7.1180E-03 -1.0084E-02
 -7.1664E-03 -1.1670E-02 -8.1555E-03
 -1.3452E-02 -1.6595E-02 -4.4622E-03
 -1.3593E-02 -2.0502E-02 -2.3571E-03
 -1.8976E-02 -2.6634E-02  1.8256E-03
 -1.4988E-02 -3.3338E-02  4.7182E-03
 -1.6009E-02 -3.4319E-02  5.4143E-03
 -1.0833E-02 -3.7573E-02  6.2671E-03
 -1.2284E-02 -2.2015E-02 -1.7740E-03
 -1.7906E-02 -2.3762E-02  1.1317E-04
 -4.9337E-03 -2.4749E-02 -1.5683E-03
 -2.8667E-03 -2.9847E-02  7.9563E-04
  5.6965E-03 -3.2842E-02  9.3390E-04
  7.9853E-03 -3.8508E-02  3.5626E-03
  6.4948E-03 -3.5835E-02  2.3922E-03
 -3.9611E-03 -2.6289E-02 -9.1329E-04
 -7.7131E-03 -2.9064E-02  1.2031E-03
 -1.1366E-03 -1.9974E-02 -4.7584E-03
 -1.7572E-03 -1.6102E-02 -6.7155E-03
  2.4961E-03 -9.1541E-03 -1.1140E-02
  1.1114E-02 -1.0836E-02 -1.1711E-02
  1.7122E-03 -5.1729E-03 -1.3128E-02
 -1.0315E-02 -1.4459E-02 -6.1340E-03
 -1.2606E-02 -1.6426E-02 -4.6962E-03
 -1.5085E-02 -1.1026E-02 -7.1512E-03
 -2.3374E-02 -9.2551E-03 -6.6840E-03
 -2.7393E-02 -4.9301E-03 -8.3040E-03
 -2.4850E-02  2.4700E-03 -1.2679E-02
 -3.1667E-02  7.6324E-03 -1.4269E-02
 -3.0425E-02  1.4883E-02 -1.8342E-02
 -2.7692E-02  1.9626E-02 -2.1334E-02
 -2.6731E-02  2.6106E-02 -2.4950E-02
 -2.5885E-02  1.7861E-02 -2.0701E-02
 -2.7927E-02 -1.5658E-02 -2.4982E-03
 -3.3454E-02 -1.5110E-02 -1.8494E-03
 -2.5513E-02 -2.1742E-02  3.3194E-04
 -2.9269E-02 -2.8230E-02  4.4273E-03
 -2.6639E-02 -3.3760E-02  6.9258E-03
 -3.3176E-02 -3.6137E-02  9.3041E-03
 -2.9478E-02 -3.9801E-02  1.0626E-02
 -2.2192E-02 -4.4843E-02  1.2073E-02
 -1.6675E-02 -4.6360E-02  1.1942E-02
 -2.6985E-02 -3.0947E-02  5.4861E-03
 -3.2002E-02 -3.3081E-02  7.4764E-03
 -1.9444E-02 -3.0899E-02  4.1769E-03
 -1.6837E-02 -3.3213E-02  4.9660E-03
 -8.0781E-03 -3.2290E-02  2.9838E-03
 -2.6570E-03 -3.8211E-02  5.2154E-03
  5.0621E-03 -3.9098E-02  4.3745E-03
  9.8080E-03 -3.3026E-02  3.3232E-04
  1.5748E-02 -3.2708E-02 -8.4839E-04
  1.9701E-02 -2.6962E-02 -4.5817E-03
  1.7800E-02 -3.8168E-02  1.7112E-03
 -2.1372E-02 -2.8945E-02  3.4641E-03
 -2.3738E-02 -3.1845E-02  5.4119E-03
 -2.2550E-02 -2.2016E-02 -2.6578E-05
 -2.6628E-02 -1.7504E-02 -1.7361E-03
 -2.5472E-02 -9.7749E-03 -6.0500E-03
 -1.7182E-02 -7.2310E-03 -8.8159E-03
 -1.5110E-02 -7.4348E-03 -9.0600E-03
 -1.6880E-02  2.8258E-04 -1.2870E-02
 -3.5268E-02 -1.8627E-02  3.3244E-04
 -3.8237E-02 -1.8277E-02  6.5155E-04
 -3.9447E-02 -1.9901E-02  1.7223E-03
 -4.7857E-02 -2.1180E-02  3.8349E-03
 -5.2131E-02 -2.1683E-02  4.8303E-03
 -6.0670E-02 -2.3425E-02  7.2113E-03
 -4.7990E-02 -2.7349E-02  7.1437E-03
 -4.8497E-02 -2.8055E-02  7.6061E-03
 -5.2971E-02 -2.8392E-02  8.5472E-03
 -4.3455E-02 -3.3310E-02  9.5472E-03
 -4.2878E-02 -4.0295E-02  1.3170E-02
 -3.5925E-02 -4.4436E-02  1.4193E-02
 -3.6713E-02 -5.2217E-02  1.8472E-02
 -3.1633E-02 -5.6651E-02  1.9969E-02
 -3.4631E-02 -6.1666E-02  2.3151E-02
 -2.4638E-02 -5.5115E-02  1.7961E-02
 -4.1557E-02 -3.9770E-02  1.2666E-02
 -4.5143E-02 -4.3385E-02  1.5202E-02
 -3.1670E-02 -3.3849E-02  1.7843E-02
 -2.6513E-02 -3.0094E-02  1.4820E-02
 -2.1409E-02 -2.6636E-02  1.1799E-02
 -1.6421E-02 -2.1494E-02  9.0500E-03
 -1.6799E-02 -1.3625E-02  1.0211E-02
 -1.2457E-02 -8.8332E-03  7.8549E-03
 -7.6340E-03 -1.1935E-02  4.2644E-03
 -3.4045E-03 -7.0902E-03  1.9892E-03
 -7.1473E-03 -1.9717E-02  3.0398E-03
 -1.1547E-02 -2.4475E-02  5.4392E-03
 -2.8948E-02 -2.3930E-02  1.7164E-02
 -2.7287E-02 -2.3296E-02  1.6124E-02
 -3.2949E-02 -1.9403E-02  2.0368E-02
 -3.5511E-02 -1.3269E-02  2.2793E-02
 -3.8410E-02 -7.7638E-03  2.5371E-02
 -3.3577E-02 -2.8595E-03  2.2699E-02
 -3.1786E-02 -2.7160E-03  2.1515E-02
 -2.6893E-02  2.7787E-03  1.8870E-02
 -2.5749E-02  5.9024E-03  1.8464E-02
 -2.9734E-02  2.5932E-03  2.0753E-02
 -4.0178E-02 -1.5463E-02  2.5668E-02
 -4.0032E-02 -1.1751E-02  2.5998E-02
 -4.4450E-02 -2.1210E-02  2.7867E-02
 -4.8921E-02 -2.3496E-02  3.0600E-02
 -5.3966E-02 -2.9567E-02  3.3280E-02
 -5.1336E-02 -3.7205E-02  3.0635E-02
 -5.6420E-02 -4.3264E-02  3.3343E-02
 -6.0964E-02 -4.0922E-02  3.6659E-02
 -5.6130E-02 -4.9985E-02  3.2373E-02
 -4.5220E-02 -2.6550E-02  2.7767E-02
 -4.6882E-02 -2.5543E-02  2.8997E-02
 -4.0015E-02 -3.0033E-02  2.3876E-02
 -3.5915E-02 -3.3442E-02  2.0735E-02
 -3.2464E-02 -3.9639E-02  1.7707E-02
 -2.7888E-02 -4.3946E-02  1.4142E-02
 -2.5630E-02 -5.1905E-02  1.1710E-02
 -1.7305E-02 -4.9186E-02  6.4448E-03
 -3.1220E-02 -2.7784E-02  1.8241E-02
 -3.0329E-02 -2.8307E-02  1.7584E-02
 -2.8635E-02 -2.2062E-02  1.7170E-02
 -2.4000E-02 -1.6550E-02  1.4700E-02
 -1.8683E-02 -1.4532E-02  1.1369E-02
 -1.2788E-02 -1.1335E-02  7.7877E-03
 -1.7107E-02 -2.1361E-02  9.5246E-03
 -2.6457E-02 -9.3180E-03  1.7182E-02
 -2.3160E-02 -5.2989E-03  1.5436E-02
 -3.2274E-02 -7.6685E-03  2.1270E-02
 -3.4944E-02 -8.1736E-04  2.3850E-02
 -4.1763E-02 -2.0554E-04  2.8492E-02
 -3.4775E-02 -2.0301E-04  2.3808E-02
 -3.2396E-02  5.5949E-03  2.2883E-02
 -3.7216E-02 -6.1317E-03  2.4760E-02
 -4.1061E-02 -1.3042E-02  2.6539E-02
 -4.1503E-02 -1.7669E-02  2.6301E-02
 -4.1691E-02 -1.1875E-02  2.7096E-02
 -3.6991E-02 -5.4615E-03  2.4687E-02
 -3.0358E-02 -5.7537E-03  2.0207E-02
 -2.9257E-02 -2.9984E-03  1.9788E-02
 -2.5871E-02 -8.7671E-03  1.6852E-02
 -1.9334E-02 -9.0756E-03  1.2436E-02
 -1.5716E-02 -1.4339E-02  9.4033E-03
 -8.9005E-03 -1.4902E-02  4.7707E-03
 -6.0876E-03 -2.0264E-02  2.2665E-03
 -8.5141E-03 -1.7717E-02  4.1866E-03
 -1.6050E-02 -1.1497E-03  1.1150E-02
 -1.2485E-02  1.2011E-03  9.0318E-03
 -1.7316E-02  2.9990E-03  1.2477E-02
 -1.4636E-02  1.0754E-02  1.1577E-02
 -1.6850E-02  1.4295E-02  1.3469E-02
 -1.4056E-02  2.2491E-02  1.2543E-02
 -1.4941E-02  9.5434E-03  1.1642E-02
 -7.9252E-03  8.4472E-03  6.8127E-03
 -1.7245E-02  1.5190E-02  1.3838E-02
 -1.3727E-02  1.9714E-02  1.2002E-02
 -2.3469E-02  1.3810E-02  1.7849E-02
 -2.6706E-02  1.7628E-02  2.0459E-02
 -2.4127E-02  1.5541E-02  1.8490E-02
 -2.3658E-02  2.0154E-02  1.8708E-02
 -2.3500E-02  7.4312E-03  2.7937E-02
 -2.2758E-02  7.1942E-03  2.7053E-02
 -2.0958E-02  2.3880E-04  2.6767E-02
 -1.9458E-02 -4.8234E-04  2.5050E-02
 -2.2085E-02 -1.4482E-03  2.8705E-02
 -2.0724E-02 -2.2004E-03  2.7176E-02
 -1.6689E-02 -1.9710E-03  2.1927E-02
 -1.5368E-02 -2.9903E-03  2.0527E-02
 -1.4010E-02 -9.5705E-04  1.8191E-02
 -1.5390E-02 -2.4887E-04  1.9756E-02
 -1.9651E-02  1.1324E-02  2.1859E-02
 -2.0360E-02  1.5527E-02  2.1546E-02
 -1.6190E-02  1.0095E-02  1.7772E-02
 -1.3020E-02  1.3753E-02  1.2635E-02
 -9.0112E-03  1.0639E-02  8.3933E-03
 -6.5192E-03  5.1257E-03  6.7982E-03
 -5.2253E-03 -9.8316E-04  6.9154E-03
 -3.0593E-03 -6.1773E-03  5.6461E-03
 -2.2233E-03 -5.2680E-03  4.3075E-03
 -2.4369E-04 -1.0477E-02  3.2820E-03
 -3.4689E-03  7.5123E-04  4.1544E-03
 -5.5976E-03  5.9555E-03  5.3728E-03
 -1.4309E-02  2.0921E-02  1.2203E-02
 -1.2477E-02  2.4660E-02  8.7612E-03
 -1.7337E-02  2.2921E-02  1.5510E-02
 -1.8745E-02  2.9867E-02  1.5295E-02
 -2.1331E-02  3.1322E-02  1.8193E-02
 -1.8981E-02  2.8833E-02  1.5899E-02
 -2.1332E-02  3.2922E-02  1.7728E-02
 -2.1006E-02  3.8193E-02  1.5775E-02
 -2.3913E-02  2.9662E-02  2.1992E-02
 -2.6467E-02  3.2299E-02  2.4505E-02
 -2.9585E-02  2.8252E-02  2.9689E-02
 -3.4024E-02  3.1310E-02  3.4500E-02
 -3.7269E-02  2.8137E-02  3.9591E-02
 -4.1589E-02  3.0789E-02  4.4367E-02
 -4.4682E-02  2.7081E-02  4.9419E-02
 -2.3716E-02  3.2881E-02  2.0802E-02
 -2.4565E-02  3.7500E-02  2.0547E-02
 -2.0340E-02  2.8251E-02  1.7814E-02
 -1.7368E-02  2.8308E-02  1.3981E-02
 -1.4149E-02  2.2001E-02  1.1683E-02
 -1.5613E-02  1.6503E-02  1.5164E-02
 -1.6500E-02  1.7629E-02  1.5976E-02
 -1.9988E-02  1.7446E-02  2.0509E-02
 -1.3747E-02  1.8890E-02  1.2072E-02
 -1.5277E-02  3.3940E-02  9.6545E-03
 -1.4694E-02  3.7411E-02  7.8958E-03
 -1.4172E-02  3.4829E-02  7.9770E-03
 -1.2160E-02  4.0004E-02  3.8850E-03
 -1.1174E-02  3.9692E-02  2.7098E-03
 -1.4898E-02  4.6456E-02  5.5228E-03
 -1.3443E-02  5.0496E-02  2.4774E-03
 -1.8875E-02  4.7333E-02  1.0376E-02
 -2.1991E-02  5.3253E-02  1.2653E-02
 -2.6139E-02  5.3237E-02  1.7986E-02
 -2.6268E-02  5.4688E-02  1.7729E-02
 -3.0032E-02  5.3115E-02  2.3021E-02
 -2.9507E-02  5.0877E-02  2.2999E-02
 -3.3490E-02  5.4154E-02  2.7161E-02
 -2.2607E-02  5.4013E-02  1.3223E-02
 -2.3582E-02  5.9345E-02  1.2923E-02
 -2.1937E-02  4.8646E-02  1.3926E-02
 -2.2334E-02  4.8788E-02  1.4394E-02
 -2.2842E-02  4.2305E-02  1.6935E-02
 -1.8531E-02  5.0453E-02  9.0246E-03
 -1.8399E-02  5.1464E-02  8.5609E-03
 -1.5381E-02  5.0528E-02  4.9581E-03
 -1.1596E-02  5.2109E-02 -3.6456E-04
 -8.5318E-03  4.6515E-02 -2.6707E-03
 -5.4344E-03  4.7417E-02 -6.9117E-03
 -9.3134E-03  4.0687E-02  3.0539E-05
 -6.6501E-03  3.4847E-02 -1.6893E-03
 -9.1532E-03  2.9675E-02  3.0318E-03
 -1.1888E-02  3.1026E-02  6.1504E-03
 -1.5801E-02  3.0657E-02  1.1284E-02
 -1.0486E-02  3.2298E-02  3.9792E-03
 -2.8151E-03  3.1910E-02 -5.7597E-03
  4.8197E-05  2.7810E-02 -8.2432E-03
 -9.1559E-03  1.9821E-02 -2.1982E-03
 -8.2783E-03  1.8771E-02 -3.4577E-03
 -6.6141E-03  1.7922E-02 -2.4375E-03
 -5.6460E-03  1.7461E-02 -1.7481E-03
 -5.8118E-03  1.6950E-02 -3.6259E-03
 -8.1668E-03  1.8200E-02 -4.9209E-03
 -8.7434E-03  1.8647E-02 -4.8183E-03
 -7.5459E-03  1.7277E-02 -6.3511E-03
 -7.3372E-03  1.6633E-02 -7.8267E-03
 -8.2055E-03  1.6615E-02 -9.7342E-03
 -1.0011E-02  1.7808E-02 -1.0028E-02
 -1.0742E-02  1.8486E-02 -9.5650E-03
 -1.1183E-02  1.8231E-02 -1.1268E-02
 -1.1836E-02  1.8827E-02 -1.0882E-02
 -5.5712E-03  1.5372E-02 -7.8178E-03
 -4.7570E-03  1.4821E-02 -7.7240E-03
 -4.9644E-03  1.4924E-02 -7.8606E-03
 -3.2951E-03  1.3733E-02 -7.8498E-03
 -2.5954E-03  1.3779E-02 -6.2198E-03
 -1.0071E-03  1.2599E-02 -6.3506E-03
 -8.8282E-04  1.2298E-02 -6.9832E-03
  5.4590E-04  1.1186E-02 -7.2505E-03
  1.8821E-03  1.0352E-02 -6.8848E-03
  3.2585E-03  9.2584E-03 -7.2108E-03
  1.8157E-03  1.0617E-02 -6.2378E-03
  3.5898E-04  1.1750E-02 -5.9652E-03
 -3.1183E-03  1.2989E-02 -9.6930E-03
 -4.0991E-03  1.3438E-02 -1.0446E-02
 -1.9212E-03  1.1875E-02 -1.0460E-02
 -1.7108E-03  1.1136E-02 -1.2216E-02
 -2.6557E-03  1.1264E-02 -1.3851E-02
  1.7234E-05  9.8549E-03 -1.2349E-02
  8.8850E-04  9.4470E-03 -1.1706E-02
  5.2375E-04  9.2395E-03 -1.3103E-02
  2.1692E-03  7.9896E-03 -1.3320E-02
  2.7678E-03  7.7302E-03 -1.2816E-02
  4.4557E-03  6.4264E-03 -1.3103E-02
  5.5487E-03  6.2236E-03 -1.1376E-02
  5.0298E-03  6.8140E-03 -1.0722E-02
  3.8187E-03  8.0873E-03 -9.5086E-03
  2.2556E-03  7.2560E-03 -1.5324E-02
  1.3368E-03  7.4886E-03 -1.6591E-02
  3.4061E-03  6.3417E-03 -1.5596E-02
  3.5870E-03  5.6000E-03 -1.7422E-02
  3.5604E-03  5.6044E-03 -1.7466E-02
  1.8773E-03  6.7339E-03 -1.7689E-02
  4.3302E-03  4.5489E-03 -1.8971E-02
  5.1166E-03  4.3454E-03 -1.7900E-02
  6.3777E-03  3.7975E-03 -1.6843E-02
  5.0176E-03  3.8856E-03 -1.9483E-02
  6.4416E-03  2.6823E-03 -2.0033E-02
  6.0307E-03  2.4705E-03 -2.1542E-02
  7.5034E-03  1.2696E-03 -2.1981E-02
  7.4199E-03  8.0575E-04 -2.3543E-02
  8.7299E-03  7.9591E-04 -2.0777E-02
  7.2537E-03  1.8695E-03 -2.0725E-02
  6.6849E-03  1.7942E-03 -2.2163E-02
  8.5360E-03  1.3189E-03 -1.9630E-02
  9.3988E-03  5.2387E-04 -2.0160E-02
  1.0491E-02 -6.9433E-04 -2.1464E-02
  1.1384E-02 -1.4924E-03 -2.1938E-02
  1.0444E-02 -8.5012E-04 -2.2028E-02
  1.1438E-02 -1.9846E-03 -2.3291E-02
  1.1928E-02 -2.1878E-03 -2.2851E-02
  1.2668E-02 -2.0335E-03 -2.0811E-02
  1.0556E-02 -1.3490E-03 -2.3277E-02
  1.0579E-02 -2.0473E-03 -2.5312E-02
  1.1112E-02 -2.8368E-03 -2.6528E-02
  9.1935E-03 -1.1688E-03 -2.5648E-02
  8.2816E-03 -1.1408E-03 -2.7510E-02
  6.5260E-03  1.1174E-04 -2.7521E-02
  5.9146E-03  6.0907E-04 -2.7342E-02
  4.1753E-03  1.7766E-03 -2.7571E-02
  3.3791E-03  2.4155E-03 -2.7365E-02
  1.6476E-03  3.4938E-03 -2.7844E-02
  8.5442E-03 -1.5967E-03 -2.8310E-02
  9.1599E-03 -1.7064E-03 -2.7323E-02
  1.2989E-02  4.3911E-03 -1.7922E-02
  1.2042E-02  1.4231E-03 -2.1343E-02
  1.0607E-02 -6.5294E-04 -1.5559E-02
  1.2517E-02  4.8882E-03 -1.0668E-02
  1.3625E-02  7.2778E-03 -1.1573E-02
  1.2179E-02  5.0980E-03 -6.1423E-03
  9.8636E-03 -3.0563E-04 -6.1064E-03
  1.3549E-02  9.3014E-03 -1.5899E-03
  1.2429E-02  7.8961E-03  3.9039E-03
  1.4294E-02  1.3368E-02  8.9525E-03
  1.6781E-02  1.8527E-02  5.9952E-03
  1.2923E-02  1.1596E-02  1.5442E-02
  9.6144E-03  2.0302E-03  7.1230E-03
  7.8174E-03 -1.7921E-03  8.8305E-03
  9.2010E-03  1.1529E-03  7.5253E-03
  6.5918E-03 -4.2968E-03  1.0459E-02
  6.8168E-03 -3.4697E-03  1.1825E-02
  4.5784E-03 -9.9792E-03  6.0284E-03
  2.1519E-03 -1.5122E-02  8.4197E-03
  5.5275E-03 -9.1913E-03 -4.5464E-04
  3.6549E-03 -1.4519E-02 -4.7714E-03
  4.7000E-03 -1.3629E-02 -1.1807E-02
  2.4269E-03 -1.9732E-02 -1.5393E-02
  3.3011E-03 -1.9092E-02 -2.1751E-02
  1.9434E-03 -2.3234E-02 -2.6147E-02
  5.3192E-03 -1.4509E-02 -2.2356E-02
  2.9960E-03 -1.6033E-02 -4.6533E-03
  6.5713E-04 -2.1337E-02 -3.9195E-03
  5.0212E-03 -1.1364E-02 -4.9386E-03
  4.5814E-03 -1.2350E-02 -4.7508E-03
  7.1539E-03 -6.3315E-03 -4.7185E-03
  9.2036E-03 -2.8886E-03 -1.0824E-02
  6.5790E-03 -7.6087E-03 -4.4186E-03
  2.5632E-03 -1.5679E-02  1.5370E-03
  6.5159E-04 -2.0197E-02  1.3058E-03
  3.0002E-03 -1.3428E-02  7.1132E-03
  1.2483E-03 -1.6105E-02  1.3534E-02
  2.2857E-03 -1.2537E-02  1.8720E-02
  9.6977E-04 -1.4051E-02  2.5798E-02
 -6.4224E-04 -1.7157E-02  2.8791E-02
  3.4306E-04 -1.3612E-02  3.4425E-02
 -1.0629E-03 -1.5532E-02  4.0616E-02
  4.5311E-07 -1.1985E-02  4.5429E-02
 -3.5336E-03 -2.0992E-02  4.2034E-02
 -1.6000E-03 -2.2864E-02  1.3067E-02
 -3.5290E-03 -2.6873E-02  1.5325E-02
 -1.8592E-03 -2.4172E-02  9.8818E-03
 -4.4627E-03 -3.0451E-02  8.9957E-03
 -4.1764E-03 -3.0593E-02  5.3208E-03
 -5.6683E-03 -3.4127E-02  5.1050E-03
 -7.9839E-03 -3.9125E-02  6.9741E-03
 -4.0878E-03 -3.1623E-02 -2.8688E-04
 -5.0530E-03 -3.4771E-02 -4.3333E-03
 -2.9010E-03 -3.1043E-02 -1.0229E-02
 -2.5723E-03 -3.1492E-02 -1.5750E-02
 -4.2858E-04 -2.7400E-02 -1.9904E-02
 -4.4369E-03 -3.5904E-02 -1.5997E-02
 -6.0014E-03 -3.6120E-02 -4.0143E-04
 -8.1204E-03 -4.1205E-02 -1.0048E-03
 -4.4447E-03 -3.1601E-02  3.5955E-03
 -5.1550E-03 -3.2371E-02  7.6286E-03
 -3.0143E-03 -2.6509E-02  1.1524E-02
 -7.1181E-04 -2.2169E-02  6.8064E-03
 -1.7940E-03 -2.5556E-02  2.9167E-03
  1.1923E-03 -1.6856E-02  1.0721E-02
 -7.8606E-03 -3.7671E-02  1.2259E-02
 -9.3074E-03 -4.0808E-02  1.3369E-02
 -8.5583E-03 -3.8684E-02  1.5059E-02
 -1.1124E-02 -4.3710E-02  1.9454E-02
 -1.1235E-02 -4.3163E-02  2.3109E-02
 -9.4461E-03 -3.7870E-02  2.8153E-02
 -1.0156E-02 -3.8411E-02  3.3220E-02
 -8.6849E-03 -3.5105E-02  3.2627E-02
 -1.2161E-02 -4.2086E-02  3.7808E-02
 -1.3374E-02 -4.9818E-02  1.5600E-02
 -1.5517E-02 -5.4269E-02  1.8117E-02
 -1.1169E-02 -4.6631E-02  8.7415E-03
 -9.2783E-03 -5.2100E-02  5.9790E-03
 -7.1628E-03 -5.5976E-02  3.1782E-03
 -1.0410E-02 -6.0291E-02  6.1501E-03
 -9.4972E-03 -5.9648E-02  5.2412E-03
 -4.8507E-03 -6.1113E-02  5.8720E-07
 -3.9388E-03 -5.9730E-02 -8.1196E-04
 -5.9370E-03 -5.0042E-02  2.6127E-03
 -4.2512E-03 -5.4030E-02  2.6455E-04
 -4.9248E-03 -4.3795E-02  2.3200E-03
 -1.8145E-03 -4.1211E-02 -7.2712E-04
  1.3838E-03 -3.5563E-02 -3.4738E-03
  3.4887E-03 -3.1408E-02 -5.2250E-03
  4.8975E-03 -3.8096E-02 -7.6210E-03
  7.8228E-03 -3.2851E-02 -1.0123E-02
 -4.2502E-03 -3.8662E-02  2.2502E-03
 -3.0809E-03 -3.9650E-02  8.5128E-04
 -7.7514E-03 -3.5639E-02  6.4472E-03
 -1.0293E-02 -3.2587E-02  9.6052E-03
 -1.1677E-02 -2.6363E-02  1.1913E-02
 -7.7785E-03 -2.2071E-02  8.2307E-03
 -5.0591E-03 -1.9841E-02  5.5628E-03
 -9.1954E-03 -1.6571E-02  1.0482E-02
 -1.4309E-02 -3.6414E-02  1.3476E-02
 -1.5122E-02 -3.6148E-02  1.4394E-02
 -1.6887E-02 -3.9761E-02  1.5845E-02
 -2.0874E-02 -4.3401E-02  1.9709E-02
 -2.4332E-02 -3.8747E-02  2.4070E-02
 -2.4846E-02 -3.6627E-02  2.4903E-02
 -2.6409E-02 -3.7000E-02  2.6554E-02
