  2.0052E-03 -3.9964E-04 -7.2147E-03
  2.4010E-03 -1.0693E-03 -6.4195E-03
  2.1878E-03 -1.9659E-03 -6.9122E-03
  2.5516E-03 -2.6923E-03 -6.1871E-03
  2.9539E-03 -1.9098E-03 -5.3037E-03
  2.7206E-03 -2.1571E-03 -5.8055E-03
  2.7082E-03 -1.5926E-03 -5.8024E-03
  2.5199E-03 -2.1265E-03 -6.2244E-03
  3.1715E-03 -1.3625E-03 -4.8197E-03
  3.5064E-03 -1.8159E-03 -4.1409E-03
  3.7195E-03 -8.9024E-04 -3.6469E-03
  3.3914E-03 -4.2742E-04 -4.3109E-03
  3.5539E-03  6.7320E-04 -3.9137E-03
  3.2571E-03  1.0877E-03 -4.5147E-03
  3.4109E-03  1.7040E-03 -4.1606E-03
  3.1048E-03  2.0251E-03 -4.7859E-03
  3.8662E-03  1.9899E-03 -3.1918E-03
  3.9014E-03 -2.4921E-03 -3.3476E-03
  4.1745E-03 -2.0492E-03 -2.7527E-03
  3.9316E-03 -3.5686E-03 -3.3395E-03
  4.2692E-03 -4.3180E-03 -2.6703E-03
  3.9819E-03 -5.0877E-03 -3.3121E-03
  4.2949E-03 -6.0003E-03 -2.7027E-03
  3.7249E-03 -4.4114E-03 -3.8160E-03
  3.3125E-03 -5.0066E-03 -4.7108E-03
  4.5671E-03 -5.0076E-03 -2.0814E-03
  4.3885E-03 -5.2944E-03 -2.4704E-03
  5.0319E-03 -5.1717E-03 -1.1155E-03
  5.3633E-03 -5.8705E-03 -4.5687E-04
  5.8376E-03 -5.2697E-03  5.6801E-04
  5.7465E-03 -4.3707E-03  4.2315E-04
  6.1666E-03 -3.6858E-03  1.3388E-03
  6.2310E-03 -6.1002E-03  1.3500E-03
  5.4645E-03 -6.8591E-03 -2.9545E-04
  5.5749E-03 -6.6776E-03 -5.4820E-05
  5.3925E-03 -7.8815E-03 -4.9869E-04
  5.4679E-03 -8.8901E-03 -3.9235E-04
  5.0232E-03 -9.6110E-03 -1.3613E-03
  4.9526E-03 -1.0573E-02 -1.5586E-03
  4.4778E-03 -1.1104E-02 -2.5811E-03
  4.9598E-03 -1.0169E-02 -1.5229E-03
  5.9135E-03 -9.5495E-03  5.0781E-04
  5.9176E-03 -9.9594E-03  4.9539E-04
  6.2894E-03 -9.6301E-03  1.2914E-03
  6.7407E-03 -1.0250E-02  2.2055E-03
  7.1804E-03 -9.5794E-03  3.1614E-03
  7.2507E-03 -8.3980E-03  3.3694E-03
  7.2677E-03 -8.3503E-03  3.4074E-03
  7.7138E-03 -8.0246E-03  4.3590E-03
  6.7907E-03 -1.1376E-02  2.2527E-03
  6.6146E-03 -1.1499E-02  1.8773E-03
  7.0474E-03 -1.2184E-02  2.7493E-03
  7.1105E-03 -1.3258E-02  2.8265E-03
  7.3826E-03 -1.4093E-02  3.3539E-03
  7.3248E-03 -1.4118E-02  3.2316E-03
  7.6817E-03 -1.4799E-02  3.9448E-03
  7.9693E-03 -1.5652E-02  4.5038E-03
  8.3273E-03 -1.6251E-02  5.2235E-03
  7.6505E-03 -1.6496E-02  3.7923E-03
  7.2404E-03 -1.6595E-02  2.9277E-03
  7.8146E-03 -1.7027E-02  4.1092E-03
  7.5240E-03 -1.7876E-02  3.4566E-03
  7.8189E-03 -1.8212E-02  4.0574E-03
  8.3203E-03 -1.7833E-02  5.1278E-03
  8.2173E-03 -1.6749E-02  4.9673E-03
  7.4896E-03 -1.8866E-02  3.3336E-03
  7.8571E-03 -1.9344E-02  4.0794E-03
  7.0497E-03 -1.9130E-02  2.3982E-03
  6.9772E-03 -2.0043E-02  2.1994E-03
  6.8204E-03 -1.9678E-02  1.8894E-03
  6.6490E-03 -2.0355E-02  1.4955E-03
  1.3343E-02 -2.7317E-02 -9.0423E-04
  1.2397E-02 -2.5294E-02 -2.3563E-03
  1.0859E-02 -2.3360E-02 -8.0643E-04
  1.2655E-02 -2.4807E-02 -4.9616E-03
  1.2149E-02 -2.3440E-02 -6.5628E-03
  1.3412E-02 -2.5884E-02 -5.3626E-03
  1.3703E-02 -2.5518E-02 -7.7708E-03
  1.2452E-02 -2.3313E-02 -8.3318E-03
  1.2215E-02 -2.2216E-02 -1.0402E-02
  1.1664E-02 -2.2660E-02 -6.5623E-03
  1.0453E-02 -2.0567E-02 -6.9939E-03
  9.4538E-03 -1.9824E-02 -4.5022E-03
  1.0184E-02 -2.1547E-02 -2.9140E-03
  9.1397E-03 -2.0643E-02 -6.8036E-04
  9.8209E-03 -2.2095E-02  3.5365E-04
  1.0717E-02 -2.4114E-02  2.0286E-03
  1.1002E-02 -2.0827E-02 -8.7847E-03
  1.0289E-02 -1.9234E-02 -1.0079E-02
  1.2297E-02 -2.2875E-02 -8.8783E-03
  1.2970E-02 -2.3382E-02 -1.0535E-02
  1.3133E-02 -2.2686E-02 -1.3303E-02
  1.3149E-02 -2.2186E-02 -1.4820E-02
  1.3170E-02 -2.2523E-02 -1.3947E-02
  1.3342E-02 -2.1889E-02 -1.6573E-02
  1.3353E-02 -2.1823E-02 -1.6818E-02
  1.4441E-02 -2.3992E-02 -1.5600E-02
  1.1964E-02 -1.9993E-02 -1.5657E-02
  1.2224E-02 -1.9680E-02 -1.7769E-02
  1.2510E-02 -1.9345E-02 -2.0060E-02
  1.0975E-02 -1.8215E-02 -1.6204E-02
  9.8621E-03 -1.6080E-02 -1.7207E-02
  8.5166E-03 -1.4335E-02 -1.6002E-02
  7.7985E-03 -1.2525E-02 -1.7900E-02
  8.6957E-03 -1.3318E-02 -1.9770E-02
  9.0293E-03 -1.3014E-02 -2.2197E-02
  9.0289E-03 -1.4099E-02 -1.9062E-02
  9.6236E-03 -1.5804E-02 -1.6897E-02
  8.7606E-03 -1.4115E-02 -1.7771E-02
  1.0479E-02 -1.7541E-02 -1.5847E-02
  1.0345E-02 -1.7482E-02 -1.5395E-02
  1.1293E-02 -1.9549E-02 -1.3826E-02
  1.0607E-02 -1.7084E-02 -1.7761E-02
  9.7394E-03 -1.5636E-02 -1.7919E-02
  1.1799E-02 -1.8365E-02 -1.9591E-02
  1.2098E-02 -1.8029E-02 -2.1948E-02
  1.3437E-02 -1.9512E-02 -2.3876E-02
  1.4751E-02 -2.1573E-02 -2.4020E-02
  1.5928E-02 -2.2647E-02 -2.6380E-02
  1.7213E-02 -2.4821E-02 -2.6065E-02
  1.5686E-02 -2.1532E-02 -2.8476E-02
  1.0891E-02 -1.5675E-02 -2.3147E-02
  1.0521E-02 -1.4733E-02 -2.4153E-02
  1.0284E-02 -1.4728E-02 -2.3066E-02
  9.1085E-03 -1.2455E-02 -2.4179E-02
  8.6630E-03 -1.1813E-02 -2.3966E-02
  7.1993E-03 -9.3567E-03 -2.4267E-02
  6.1031E-03 -8.3071E-03 -2.2213E-02
  4.7300E-03 -6.0308E-03 -2.2417E-02
  4.4405E-03 -4.7770E-03 -2.4694E-02
  5.5275E-03 -5.8009E-03 -2.6780E-02
  6.8971E-03 -8.0794E-03 -2.6554E-02
  7.8642E-03 -1.0893E-02 -2.2916E-02
  7.3164E-03 -9.5805E-03 -2.4164E-02
  7.4517E-03 -1.1096E-02 -2.0415E-02
  6.3051E-03 -9.7580E-03 -1.8961E-02
  6.0572E-03 -1.0328E-02 -1.6164E-02
  4.9193E-03 -9.0636E-03 -1.4538E-02
  5.5685E-03 -9.6988E-03 -1.5715E-02
  5.5443E-03 -1.0538E-02 -1.3179E-02
  6.5774E-03 -9.9959E-03 -1.9537E-02
  5.6756E-03 -8.3564E-03 -2.0088E-02
  5.8962E-03 -1.0972E-02 -1.7082E-02
  5.4972E-03 -1.0545E-02 -1.7537E-02
  7.3566E-03 -1.2951E-02 -1.7221E-02
  8.5252E-03 -1.3771E-02 -1.4009E-02
  1.1018E-02 -1.7098E-02 -1.4026E-02
  1.0932E-02 -1.6894E-02 -1.3632E-02
  4.2981E-03 -9.6918E-03 -2.0781E-02
  2.7884E-03 -7.7652E-03 -2.1157E-02
  4.9218E-03 -1.1057E-02 -2.3102E-02
  3.9669E-03 -1.0520E-02 -2.6302E-02
  5.1755E-03 -1.2623E-02 -2.8440E-02
  4.3354E-03 -1.2297E-02 -3.1894E-02
  5.8215E-03 -1.4729E-02 -3.3854E-02
  5.2366E-03 -1.4539E-02 -3.6419E-02
  7.5629E-03 -1.6817E-02 -3.2836E-02
  1.9458E-03 -7.9779E-03 -2.6968E-02
  7.3027E-04 -6.8264E-03 -2.9009E-02
  1.5498E-03 -7.0552E-03 -2.5252E-02
 -3.6158E-04 -4.6456E-03 -2.5856E-02
 -2.4970E-04 -4.5726E-03 -2.4890E-02
 -1.8073E-03 -2.9222E-03 -2.6745E-02
 -1.6821E-03 -3.8867E-03 -3.0213E-02
 -3.2549E-03 -2.2332E-03 -3.2143E-02
 -5.2089E-03  4.0715E-04 -3.1991E-02
 -1.7966E-03 -2.3583E-03 -2.4230E-02
 -3.4871E-03 -3.9635E-04 -2.5501E-02
 -1.1019E-03 -2.6485E-03 -2.1464E-02
 -2.3228E-03 -6.0062E-04 -1.9638E-02
 -2.1148E-03 -1.3082E-04 -1.6389E-02
 -2.4298E-03  2.2215E-04 -1.6680E-02
 -9.0010E-04 -1.8519E-03 -1.6830E-02
 -1.1904E-03 -1.6491E-03 -1.7631E-02
 -3.0345E-03  6.6175E-04 -1.8275E-02
 -3.2883E-03  7.6519E-04 -1.9297E-02
 -4.5949E-03  2.7888E-03 -1.8073E-02
 -4.2827E-03  2.5560E-03 -1.7276E-02
 -2.0440E-03 -9.1371E-04 -1.9383E-02
 -3.2090E-03  8.7245E-04 -1.8371E-02
 -5.2966E-04 -3.1500E-03 -2.0327E-02
 -2.2953E-04 -3.4988E-03 -2.0103E-02
  2.1421E-04 -3.3222E-03 -1.6762E-02
 -6.4175E-04 -1.9743E-03 -1.5864E-02
  1.6372E-03 -4.8068E-03 -1.4967E-02
  2.2673E-03 -4.8834E-03 -1.1647E-02
  1.5927E-03 -3.4951E-03 -9.5209E-03
 -5.3600E-04 -8.5897E-04 -1.0401E-02
  2.5871E-03 -4.8990E-03 -9.8598E-03
  1.6668E-03 -3.3823E-03 -8.6011E-03
  4.4402E-03 -7.6497E-03 -1.1077E-02
  5.3468E-03 -9.2574E-03 -1.2811E-02
  5.3008E-03 -8.2550E-03 -8.7186E-03
  4.3560E-03 -6.6277E-03 -7.1206E-03
  6.0177E-03 -8.3315E-03 -4.8943E-03
  7.6159E-03 -1.0875E-02 -6.6903E-03
  7.3790E-03 -1.0850E-02 -7.9531E-03
  8.3261E-03 -1.1550E-02 -5.5056E-03
  7.4211E-03 -9.9304E-03 -3.7095E-03
  1.0199E-02 -1.4003E-02 -5.3151E-03
  1.1346E-02 -1.5007E-02 -3.0291E-03
  1.2937E-02 -1.7442E-02 -4.3921E-03
  1.4258E-02 -1.8670E-02 -2.0740E-03
  1.5968E-02 -2.1244E-02 -3.3517E-03
  1.7540E-02 -2.2863E-02 -1.2772E-03
  1.5881E-02 -2.1774E-02 -6.1582E-03
  1.2256E-02 -1.5598E-02 -3.1717E-04
  1.3268E-02 -1.7033E-02 -6.9766E-04
  1.1866E-02 -1.4446E-02  2.4293E-03
  1.2631E-02 -1.4826E-02  5.2134E-03
  1.1033E-02 -1.2265E-02  7.0807E-03
  1.1889E-02 -1.2701E-02  1.0152E-02
  9.4476E-03 -1.0593E-02  5.1579E-03
  7.6503E-03 -7.8712E-03  6.5744E-03
  1.3994E-02 -1.6191E-02  7.1818E-03
  1.3547E-02 -1.5532E-02  7.4519E-03
  1.5678E-02 -1.8141E-02  8.4614E-03
  1.7037E-02 -1.9484E-02  1.0505E-02
  1.8620E-02 -2.1977E-02  8.8391E-03
  2.0239E-02 -2.4001E-02  9.4291E-03
  1.7754E-02 -1.9827E-02  1.3170E-02
  1.7843E-02 -2.0063E-02  1.2661E-02
  1.3975E-02 -9.6071E-03  2.0285E-02
  1.4468E-02 -6.9809E-03  1.9054E-02
  1.7418E-02 -6.7441E-03  1.7980E-02
  1.8978E-02 -8.2086E-03  1.8059E-02
  1.8292E-02 -7.7773E-03  1.8111E-02
  1.2740E-02 -5.3383E-03  1.8958E-02
  1.2025E-02 -3.1246E-03  1.8295E-02
  1.1952E-02 -6.4405E-03  1.9668E-02
  1.0306E-02 -4.9720E-03  1.9616E-02
  7.7044E-03 -4.1830E-03  2.0156E-02
  6.6191E-03 -2.0644E-03  1.9654E-02
  6.7421E-03 -5.8596E-03  2.1157E-02
  4.2223E-03 -5.3339E-03  2.1778E-02
  3.3741E-03 -7.7277E-03  2.3032E-02
  2.4328E-03 -9.5364E-03  2.4079E-02
  2.4979E-03 -1.1821E-02  2.4986E-02
  1.5978E-03 -8.7026E-03  2.4017E-02
  4.3192E-03 -3.4304E-03  2.0972E-02
  2.5948E-03 -1.6996E-03  2.0839E-02
  6.3524E-03 -3.8362E-03  2.0463E-02
  6.8364E-03 -2.2666E-03  1.9665E-02
  9.3222E-03 -3.3643E-03  1.9288E-02
  9.7115E-03 -2.5256E-03  1.8818E-02
  1.2487E-02 -4.4682E-03  1.8688E-02
  1.4752E-02 -2.9854E-03  1.7335E-02
  7.0530E-03  4.1354E-04  1.8503E-02
  5.9983E-03  2.1376E-03  1.8152E-02
  8.5087E-03  7.3750E-04  1.7889E-02
  8.8425E-03  3.2121E-03  1.6773E-02
  1.0466E-02  2.9633E-03  1.6336E-02
  1.3322E-02  3.2155E-03  1.5288E-02
  1.3662E-02  5.8172E-03  1.4117E-02
  1.4577E-02  2.7835E-03  1.5048E-02
  6.2222E-03  4.5439E-03  1.7099E-02
  5.3872E-03  6.5258E-03  1.6570E-02
  4.9116E-03  3.3920E-03  1.8002E-02
  2.3368E-03  4.3815E-03  1.8452E-02
  1.3598E-03  2.5799E-03  1.9508E-02
  2.9621E-03  2.3863E-03  1.9056E-02
  1.7210E-03  1.0059E-03  2.0028E-02
  2.1317E-03 -1.7390E-03  2.1008E-02
  4.2139E-03 -3.1939E-03  2.0910E-02
  4.4137E-03 -5.6712E-03  2.1851E-02
  6.1030E-03 -2.1931E-03  1.9878E-02
  3.7983E-04  4.9539E-03  1.8868E-02
 -1.6307E-03  6.3217E-03  1.8977E-02
  1.0194E-03  3.9905E-03  1.9047E-02
 -6.7176E-04  4.4180E-03  1.9434E-02
 -6.9742E-04  1.9694E-03  2.0438E-02
  6.9180E-05  6.4880E-03  1.8347E-02
 -1.4683E-03  7.4444E-03  1.8467E-02
  2.4512E-03  7.1108E-03  1.7304E-02
  3.3638E-03  9.0503E-03  1.6214E-02
  6.3013E-03  8.7217E-03  1.5374E-02
  2.3420E-03  1.1627E-02  1.5505E-02
  1.5033E-03  1.3380E-02  1.5070E-02
  2.4484E-03  1.1815E-02  1.5393E-02
  1.5650E-03  1.4098E-02  1.4757E-02
  1.8136E-03  1.3568E-02  1.4890E-02
  4.5968E-03  1.3474E-02  1.4007E-02
  1.6229E-04  1.5520E-02  1.4644E-02
 -1.2127E-03  1.4957E-02  1.5328E-02
 -1.7710E-03  1.6927E-02  1.4712E-02
 -2.9001E-03  1.3390E-02  1.6524E-02
 -5.6536E-03  1.3837E-02  1.7254E-02
 -6.8232E-03  1.1351E-02  1.8653E-02
 -9.4210E-03  1.1239E-02  1.9558E-02
 -1.0048E-02  8.5042E-03  2.0878E-02
 -8.1460E-03  6.8645E-03  2.0915E-02
 -8.5376E-03  4.1331E-03  2.2155E-02
 -6.0837E-03  1.4880E-02  1.6972E-02
 -7.2066E-03  1.7007E-02  1.6480E-02
 -2.1427E-03  8.4507E-03  1.6038E-02
  2.5080E-03  7.8478E-03  1.2813E-02
  7.7770E-03  7.7867E-03  1.6506E-02
  7.4496E-03  8.0764E-03  1.9654E-02
  3.7005E-03  7.3495E-03  7.9246E-03
  7.8648E-03  7.0610E-03  8.0058E-03
 -7.8496E-05  7.2624E-03  3.7291E-03
  2.9622E-04  6.8080E-03 -1.3243E-03
  6.1700E-03  6.1896E-03 -3.7089E-03
  7.8598E-03  5.7347E-03 -7.6666E-03
  9.3438E-03  6.1901E-03 -1.0428E-03
  1.5018E-02  5.6432E-03 -2.7492E-03
  1.8771E-02  5.8234E-03  2.5247E-03
  1.5738E-02  6.4238E-03  7.0753E-03
  1.4183E-02  5.4551E-03 -5.6710E-03
  9.6564E-03  5.8144E-03 -5.2188E-03
  1.8445E-02  4.8994E-03 -8.6641E-03
  1.7941E-02  4.6877E-03 -1.1588E-02
  2.3648E-02  4.0666E-03 -1.4143E-02
  2.4081E-02  3.8598E-03 -1.6223E-02
  2.0412E-02  3.6821E-03 -2.1396E-02
  2.0046E-02  3.5820E-03 -2.2885E-02
  1.7971E-02  3.6359E-03 -2.3988E-02
  1.5621E-02  5.1733E-03 -7.7955E-03
  1.1289E-02  5.3658E-03 -9.1508E-03
  1.8365E-02  5.3857E-03 -2.9867E-03
  1.6476E-02  5.8454E-03  8.6091E-04
  2.0800E-02  5.9409E-03  5.6128E-03
  2.6265E-02  5.4285E-03  4.1390E-03
  2.8876E-02  4.7925E-03 -1.1864E-03
  2.5080E-02  5.4442E-03  3.3320E-03
  1.0622E-02  6.4714E-03  3.3510E-03
  7.1176E-03  6.7697E-03  3.9391E-03
  9.5614E-03  6.6566E-03  4.6506E-03
  4.1911E-03  7.2439E-03  7.0889E-03
 -8.1775E-04  7.2806E-03  3.3254E-03
 -5.4182E-03  7.7719E-03  5.2735E-03
  1.3847E-04  6.7492E-03 -2.1516E-03
 -4.1499E-03  6.6953E-03 -6.3819E-03
 -2.1538E-03  6.0632E-03 -1.2176E-02
  1.6955E-04  5.8850E-03 -1.2334E-02
 -4.3342E-03  6.1025E-03 -1.3539E-02
 -8.5319E-03  6.8072E-03 -8.7314E-03
 -1.3127E-02  6.9879E-03 -1.0446E-02
 -5.0305E-03  6.7481E-03 -6.4953E-03
 -9.8410E-03  7.0827E-03 -6.5743E-03
 -3.6916E-04  6.4275E-03 -6.3767E-03
 -6.0436E-04  6.4415E-03 -6.4092E-03
  5.3583E-03  6.0507E-03 -6.0291E-03
  8.4985E-03  5.3567E-03 -1.1597E-02
  1.4650E-02  4.9666E-03 -1.1051E-02
  1.8449E-02  4.6733E-03 -1.1332E-02
  1.5981E-02  4.9186E-03 -1.0502E-02
 -4.0645E-03  7.1079E-03 -1.4355E-03
 -7.7655E-03  7.3145E-03 -2.0964E-03
 -3.0110E-03  7.4489E-03  3.4755E-03
 -5.9247E-03  8.0996E-03  8.7212E-03
 -2.5346E-03  8.2862E-03  1.3765E-02
 -1.2019E-02  8.5658E-03  9.1224E-03
 -1.5481E-02  9.0606E-03  1.2066E-02
 -1.3272E-02  8.4221E-03  6.3741E-03
 -1.9002E-02  8.8306E-03  6.3982E-03
 -1.9171E-02  8.6129E-03  3.6846E-03
 -2.5061E-02  8.9835E-03  3.1275E-03
 -2.4995E-02  8.7668E-03  6.2295E-04
 -3.0823E-02  8.9929E-03 -1.5889E-03
 -3.2069E-02  8.5931E-03 -7.3562E-03
 -2.3059E-02  8.8558E-03  3.2967E-03
 -2.7742E-02  9.3547E-03  5.2667E-03
 -2.9810E-02  6.9929E-03 -7.9455E-03
 -3.5550E-02  6.9726E-03 -1.3656E-02
 -3.0736E-02  5.7001E-03 -2.2979E-02
 -3.1225E-02  5.1016E-03 -2.9996E-02
 -2.3655E-02  4.2172E-03 -3.2437E-02
 -3.9126E-02  5.5073E-03 -3.3112E-02
 -3.7544E-02  7.6193E-03 -8.4854E-03
 -4.5455E-02  8.3174E-03 -8.4104E-03
 -3.0276E-02  7.3653E-03 -4.3150E-03
 -3.1292E-02  7.9357E-03  9.5666E-04
 -2.1681E-02  7.4757E-03  5.1123E-03
 -2.3016E-02  8.3391E-03  1.3285E-02
 -1.5839E-02  6.2541E-03 -2.6703E-03
 -6.2650E-03  5.7023E-03  4.4621E-04
 -3.8636E-02  9.2788E-03  8.6314E-03
 -4.4963E-02  9.8803E-03  9.1653E-03
 -3.7699E-02  9.7321E-03  1.4490E-02
 -4.4268E-02  1.0998E-02  2.2066E-02
 -4.1788E-02  1.1221E-02  2.6876E-02
 -3.3465E-02  1.1079E-02  3.3274E-02
 -3.3517E-02  1.1521E-02  3.8063E-02
 -4.4833E-02  1.3081E-02  4.4319E-02
 -5.4115E-02  1.1497E-02  1.8102E-02
 -6.0946E-02  1.2423E-02  2.1709E-02
 -5.4787E-02  1.0915E-02  1.1098E-02
 -6.3661E-02  1.1254E-02  6.3171E-03
 -6.2096E-02  1.0405E-02 -1.4805E-03
 -6.0413E-02  1.0605E-02  2.3188E-03
 -6.1229E-02  1.0165E-02 -3.2769E-03
 -5.8295E-02  1.1194E-02  1.0795E-02
 -6.8534E-02  1.1293E-02  2.0834E-03
 -7.7177E-02  1.2015E-02  1.7156E-03
 -6.3003E-02  1.0501E-02 -1.2893E-03
 -6.6802E-02  1.0454E-02 -5.4372E-03
 -5.9948E-02  9.2148E-03 -1.2448E-02
 -6.8794E-02  1.1323E-02  2.1649E-03
 -7.1653E-02  1.1381E-02  6.0059E-05
 -6.7135E-02  1.1982E-02  1.0966E-02
 -6.8696E-02  1.2848E-02  1.8953E-02
 -6.1794E-02  1.2257E-02  1.9083E-02
 -6.4071E-02  1.2765E-02  2.2467E-02
 -5.3599E-02  1.1157E-02  1.4882E-02
 -4.6135E-02  1.0462E-02  1.4408E-02
 -4.1114E-02  9.1553E-03  4.9103E-03
 -4.6491E-02  8.8915E-03 -3.1185E-03
 -4.1452E-02  7.5912E-03 -1.2530E-02
 -4.0081E-02  7.2166E-03 -1.5318E-02
 -3.4440E-02  5.9173E-03 -2.4144E-02
 -3.9241E-02  1.0581E-02  2.2304E-02
 -3.8489E-02  1.0833E-02  2.5782E-02
 -3.4175E-02  1.0397E-02  2.5141E-02
 -2.7542E-02  1.0518E-02  3.2808E-02
 -2.7333E-02  1.0999E-02  3.8270E-02
 -2.3745E-02  1.1610E-02  4.8389E-02
 -2.7124E-02  1.2275E-02  5.2435E-02
 -2.7066E-02  1.2434E-02  5.4229E-02
 -1.7972E-02  9.3326E-03  2.8982E-02
 -1.5250E-02  8.4034E-03  2.1415E-02
 -1.3268E-02  9.3802E-03  3.4000E-02
 -3.9600E-03  8.3318E-03  3.1429E-02
 -1.0988E-03  8.6214E-03  3.7334E-02
 -8.5557E-03  9.1849E-03  3.6370E-02
  8.6298E-03  7.5018E-03  3.4384E-02
  3.4091E-03  7.8370E-03  3.3060E-02
  4.3035E-03  8.4637E-03  4.0774E-02
  8.9008E-03  6.7027E-03  2.5898E-02
  1.6092E-02  6.1578E-03  2.6812E-02
  1.8728E-02  5.0447E-03  1.7151E-02
  1.0529E-02  5.3765E-03  1.2941E-02
  2.0808E-02  4.3259E-03  1.1273E-02
  2.4773E-02  5.9137E-03  3.2441E-02
  2.6959E-02  5.7625E-03  3.2878E-02
  2.4317E-02  2.9701E-03  2.8934E-02
  2.4062E-02  3.5618E-03  2.8511E-02
  2.5160E-02  4.1218E-03  2.9819E-02
  2.5799E-02  2.5503E-03  3.0894E-02
  2.6791E-02  2.9230E-03  3.2098E-02
  2.5310E-02  9.6679E-04  3.0533E-02
  2.3445E-02  5.2132E-03  2.7452E-02
  2.2667E-02  5.4290E-03  2.6422E-02
  2.3825E-02  6.3835E-03  2.7742E-02
  2.3383E-02  8.0867E-03  2.6896E-02
  2.4055E-02  9.1293E-03  2.7581E-02
  2.5347E-02  9.6310E-03  2.9146E-02
  2.6061E-02  8.0371E-03  3.0320E-02
  2.6767E-02  7.8278E-03  3.1256E-02
  2.5933E-02  7.0225E-03  3.0326E-02
  2.2119E-02  7.8509E-03  2.5323E-02
  2.1494E-02  8.8003E-03  2.4369E-02
  2.1744E-02  6.5515E-03  2.5059E-02
  2.0543E-02  6.1560E-03  2.3593E-02
  2.0408E-02  5.0162E-03  2.3610E-02
  1.9418E-02  5.2514E-03  2.2307E-02
  1.8294E-02  4.4025E-03  2.1014E-02
  1.9634E-02  4.3599E-03  2.2731E-02
  1.9905E-02  5.1591E-03  2.2945E-02
  1.8935E-02  5.4598E-03  2.1657E-02
  2.0456E-02  4.0170E-03  2.3836E-02
  1.9913E-02  3.0728E-03  2.3300E-02
  2.0609E-02  1.7133E-03  2.4413E-02
  2.0968E-02  5.0547E-04  2.5071E-02
  1.9900E-02  5.9725E-04  2.3692E-02
  1.9692E-02  4.3889E-03  2.2800E-02
  1.8764E-02  4.2232E-03  2.1643E-02
  2.0524E-02  5.6857E-03  2.3647E-02
  2.0348E-02  6.9860E-03  2.3207E-02
  2.1472E-02  8.1989E-03  2.4440E-02
  2.1238E-02  1.0085E-02  2.3829E-02
  2.1964E-02  7.3931E-03  2.5201E-02
  2.2346E-02  5.5639E-03  2.5991E-02
  1.9420E-02  8.1280E-03  2.1834E-02
  1.8788E-02  8.6403E-03  2.0943E-02
  1.9323E-02  8.4752E-03  2.1653E-02
  1.8464E-02  9.5241E-03  2.0383E-02
  1.8714E-02  9.9243E-03  2.0635E-02
  1.7256E-02  8.4868E-03  1.9014E-02
  1.6443E-02  9.3115E-03  1.7840E-02
  1.7142E-02  6.6860E-03  1.9167E-02
  1.6044E-02  5.5684E-03  1.7951E-02
  1.6064E-02  3.6456E-03  1.8296E-02
  1.6338E-02  3.2780E-03  1.8705E-02
  1.5612E-02  4.2340E-03  1.7621E-02
  1.6111E-02  1.2391E-03  1.8753E-02
  1.5714E-02  5.4318E-03  1.7553E-02
  1.4714E-02  5.2834E-03  1.6302E-02
  1.6553E-02  5.4652E-03  1.8618E-02
  1.6338E-02  5.3325E-03  1.8366E-02
  1.7417E-02  4.9222E-03  1.9809E-02
  1.7796E-02  3.0900E-03  2.0597E-02
  1.7175E-02  4.9510E-03  1.9496E-02
  1.5977E-02  7.1060E-03  1.7612E-02
  1.5263E-02  7.1019E-03  1.6701E-02
  1.6464E-02  8.6331E-03  1.7980E-02
  1.6160E-02  1.0404E-02  1.7299E-02
  1.7037E-02  1.1923E-02  1.8166E-02
  1.7165E-02  1.3622E-02  1.8047E-02
  1.8302E-02  1.4766E-02  1.9309E-02
  1.8487E-02  1.5182E-02  1.9476E-02
  1.9662E-02  1.6113E-02  2.0820E-02
  1.4959E-02  1.0596E-02  1.5735E-02
  1.4271E-02  1.1256E-02  1.4748E-02
  1.4711E-02  9.9639E-03  1.5523E-02
  1.3598E-02  9.9705E-03  1.4102E-02
  1.3626E-02  9.2035E-03  1.4264E-02
  1.2471E-02  8.8207E-03  1.2855E-02
  1.2535E-02  7.9947E-03  1.3074E-02
  1.1907E-02  6.5447E-03  1.2513E-02
  1.3206E-02  8.8073E-03  1.3794E-02
  1.2736E-02  8.7349E-03  1.3208E-02
  1.1930E-02  9.3268E-03  1.2081E-02
  1.2412E-02  7.0442E-03  1.5550E-02
  1.1655E-02  4.7777E-03  1.2762E-02
  1.4144E-02  2.0011E-03  1.2501E-02
  1.3504E-02 -5.0112E-04  9.6035E-03
  1.3103E-02 -1.2601E-03  8.5339E-03
  1.2250E-02 -3.4803E-03  5.6991E-03
  9.6871E-03 -3.1122E-03  3.6716E-03
  9.1248E-03 -5.2685E-03  1.1647E-03
  7.6666E-03 -5.9109E-04  4.1297E-03
  9.1740E-03  5.2075E-03  1.0867E-02
  7.1456E-03  5.1103E-03  8.9041E-03
  9.3011E-03  5.6589E-03  1.1400E-02
  7.0190E-03  5.9339E-03  9.5463E-03
  7.8265E-03  5.7153E-03  1.0090E-02
  1.0558E-02  3.0164E-03  1.0125E-02
  8.1188E-03  8.2986E-03  1.2742E-02
  9.0070E-03  8.1753E-03  1.3448E-02
  4.3086E-03  8.5543E-03  9.4587E-03
  2.2605E-03  9.1760E-03  8.1404E-03
  4.3759E-03  1.0169E-02  1.1009E-02
  1.9045E-03  1.2701E-02  1.1061E-02
  2.7418E-03  1.4858E-02  1.3822E-02
  3.7736E-04  1.1868E-02  8.8826E-03
 -1.9785E-03  1.3573E-02  8.2792E-03
  1.7664E-03  9.2845E-03  7.7841E-03
  4.8776E-04  8.2427E-03  5.6430E-03
  2.6543E-03  5.5254E-03  5.1391E-03
  4.7842E-03  6.0089E-03  7.5516E-03
  7.0134E-03  3.3679E-03  7.1759E-03
  6.5685E-03  1.1158E-03  4.6891E-03
  9.1154E-03  3.3635E-03  9.1130E-03
 -1.8618E-03  7.9249E-03  3.1803E-03
 -1.7453E-03  7.4547E-03  2.8544E-03
 -4.0411E-03  8.3016E-03  1.5149E-03
 -6.5548E-03  8.2591E-03 -8.4556E-04
 -8.8748E-03  9.4130E-03 -1.9244E-03
 -9.5499E-03  1.2408E-02  2.1327E-04
 -8.9895E-03  1.2550E-02  8.6119E-04
 -1.1010E-02  1.4128E-02  4.4990E-04
 -6.5463E-03  1.1116E-02  1.7954E-03
 -6.1835E-03  5.4706E-03 -3.0731E-03
 -7.9141E-03  5.3958E-03 -4.7402E-03
 -3.9146E-03  3.1891E-03 -3.0808E-03
 -3.2615E-03  3.9046E-04 -5.0575E-03
 -1.1934E-03 -1.9474E-03 -5.3027E-03
  1.7628E-03 -2.2667E-03 -2.8670E-03
  3.6892E-03 -4.5300E-03 -3.1742E-03
  2.2034E-03 -3.2199E-04 -6.6744E-04
 -2.2670E-03 -4.3603E-08 -4.4990E-03
 -2.1948E-03 -1.9726E-03 -6.2507E-03
 -1.6181E-03  1.9559E-03 -2.0969E-03
 -7.4429E-04  1.9319E-03 -1.3120E-03
  1.6987E-03  2.6274E-03  1.5852E-03
  4.7676E-03  2.1062E-04  2.1915E-03
 -3.2034E-03  4.1338E-03 -1.5532E-03
 -2.8258E-03  5.1920E-03 -2.2911E-04
 -5.7360E-03  4.8831E-03 -3.2013E-03
 -8.2498E-03  7.0036E-03 -3.5682E-03
 -1.0738E-02  7.9412E-03 -5.0018E-03
 -1.3530E-02  1.0247E-02 -5.4545E-03
 -1.5784E-02  1.1279E-02 -6.5847E-03
 -1.6337E-02  1.4030E-02 -4.5596E-03
 -1.4647E-02  1.4474E-02 -2.5905E-03
 -1.5351E-02  1.7060E-02 -8.5599E-04
 -1.2278E-02  1.2338E-02 -2.3702E-03
 -8.8283E-03  5.9371E-03 -5.0856E-03
 -1.0291E-02  7.6239E-03 -4.8815E-03
 -7.6073E-03  3.1490E-03 -6.5280E-03
 -8.0097E-03  1.8766E-03 -8.0725E-03
 -8.4915E-03 -6.5600E-04 -1.0852E-02
 -1.1175E-02  1.2842E-04 -1.2607E-02
 -1.0879E-02 -8.1845E-04 -1.3206E-02
 -1.3486E-02  1.5192E-03 -1.3459E-02
 -5.5337E-03  9.4511E-04 -6.6446E-03
 -5.6311E-03  1.0451E-04 -7.5094E-03
 -3.2909E-03  1.0625E-03 -4.4652E-03
 -7.9775E-04  2.4806E-04 -2.9135E-03
  1.6070E-03 -1.7002E-03 -2.4886E-03
  1.3896E-03 -1.6329E-03 -2.6274E-03
  2.8359E-03 -4.8850E-03 -2.9673E-03
  4.0188E-03 -6.2552E-03 -2.6690E-03
  4.5725E-03 -5.7245E-03 -1.2568E-03
  4.7134E-03 -4.5056E-03  2.7931E-04
  3.8519E-03 -2.9133E-03  7.0733E-04
  4.0071E-03 -1.8097E-03  2.1398E-03
  5.0273E-03 -2.2735E-03  3.1766E-03
  5.8948E-03 -3.8540E-03  2.7705E-03
  5.7326E-03 -4.9599E-03  1.3249E-03
  5.0153E-03 -7.3353E-03 -2.3371E-03
  4.9060E-03 -6.8387E-03 -1.9629E-03
  5.9532E-03 -8.8195E-03 -2.5324E-03
  6.9874E-03 -9.9951E-03 -2.2473E-03
  7.0468E-03 -1.1470E-02 -3.7583E-03
  8.1182E-03 -1.2917E-02 -3.7119E-03
  7.9215E-03 -1.4169E-02 -5.3690E-03
  8.0923E-03 -1.2503E-02 -3.3018E-03
  8.2131E-03 -1.0436E-02 -8.7526E-04
  8.6218E-03 -1.1185E-02 -1.0712E-03
  8.7279E-03 -9.8434E-03  5.4533E-04
  9.9139E-03 -1.0137E-02  2.0168E-03
  9.8323E-03 -8.6784E-03  3.4776E-03
  1.0807E-02 -8.4953E-03  5.1487E-03
  1.0331E-02 -6.8429E-03  6.2231E-03
  1.0976E-02 -8.7863E-03  5.0880E-03
  1.0984E-02 -1.1623E-02  2.0195E-03
  1.1064E-02 -1.1658E-02  2.1024E-03
  1.1787E-02 -1.2872E-02  1.8756E-03
  1.2806E-02 -1.4400E-02  1.7561E-03
  1.2855E-02 -1.5641E-02  4.8165E-04
  1.4015E-02 -1.7318E-02  4.1293E-04
  1.4883E-02 -1.8013E-02  9.6994E-04
  1.4047E-02 -1.7975E-02 -2.5296E-04
  1.4104E-02 -1.4686E-02  3.4051E-03
  1.4631E-02 -1.4808E-02  4.0688E-03
  1.4595E-02 -1.4742E-02  4.0853E-03
  1.5845E-02 -1.5047E-02  5.6410E-03
  1.6001E-02 -1.3822E-02  7.2078E-03
  1.7050E-02 -1.4249E-02  8.3274E-03
  1.4953E-02 -1.2309E-02  7.2679E-03
  1.4997E-02 -1.1036E-02  8.7159E-03
  1.4776E-02 -1.0691E-02  8.7570E-03
  1.4877E-02 -9.4088E-03  1.0302E-02
  1.3794E-02 -7.8256E-03  1.0384E-02
  1.3912E-02 -6.6374E-03  1.1853E-02
  1.5095E-02 -7.0100E-03  1.3234E-02
  1.6179E-02 -8.5673E-03  1.3180E-02
  1.6072E-02 -9.7644E-03  1.1719E-02
  1.3920E-02 -9.5957E-03  8.6537E-03
  1.2841E-02 -9.2297E-03  7.4222E-03
  1.4174E-02 -8.6876E-03  1.0023E-02
  1.3142E-02 -7.2101E-03  1.0069E-02
  1.3899E-02 -6.9687E-03  1.1474E-02
  1.4943E-02 -7.3426E-03  1.2645E-02
  1.5372E-02 -8.8601E-03  1.1644E-02
  1.6565E-02 -1.0306E-02  1.1876E-02
  1.6474E-02 -1.1105E-02  1.0872E-02
  1.7691E-02 -1.0655E-02  1.3196E-02
  1.8905E-02 -1.1946E-02  1.3629E-02
  1.9870E-02 -1.3026E-02  1.3912E-02
  1.9575E-02 -1.4020E-02  1.2389E-02
  2.0472E-02 -1.4935E-02  1.2750E-02
  1.9706E-02 -1.4625E-02  1.1930E-02
  1.9614E-02 -1.3796E-02  1.2690E-02
  1.8880E-02 -1.3567E-02  1.1830E-02
  2.0285E-02 -1.3239E-02  1.4308E-02
  1.9499E-02 -1.1357E-02  1.5166E-02
  2.0450E-02 -1.2286E-02  1.5592E-02
  1.8938E-02 -9.8118E-03  1.5996E-02
  1.9448E-02 -9.1480E-03  1.7486E-02
  2.0368E-02 -9.0721E-03  1.8958E-02
  2.1424E-02 -1.0674E-02  1.8812E-02
  1.9649E-02 -7.9915E-03  1.9045E-02
  1.8350E-02 -7.4502E-03  1.7672E-02
  1.7318E-02 -6.7174E-03  1.6909E-02
  1.8576E-02 -6.8218E-03  1.8696E-02
  1.7613E-02 -5.1665E-03  1.9038E-02
  1.8101E-02 -4.7541E-03  2.0222E-02
  1.7240E-02 -2.9252E-03  2.0908E-02
  1.8120E-02 -5.5863E-03  1.9348E-02
  1.8854E-02 -5.5848E-03  2.0458E-02
  1.7261E-02 -4.0084E-03  1.9764E-02
  1.6161E-02 -2.7695E-03  1.9448E-02
  2.3028E-02 -1.9201E-03  2.3729E-02
  2.4791E-02 -3.3623E-03  2.4823E-02
  2.5471E-02 -2.3018E-03  2.6560E-02
  2.4261E-02 -1.4500E-03  2.5697E-02
  2.2688E-02 -4.5479E-04  2.4484E-02
  2.1308E-02 -2.6956E-04  2.2860E-02
  2.0303E-02  1.4102E-03  2.2934E-02
  2.1279E-02 -1.9899E-03  2.1423E-02
  1.9959E-02 -1.9712E-03  1.9741E-02
  2.0417E-02 -4.1268E-03  1.8575E-02
  2.1549E-02 -4.8494E-03  1.9443E-02
  2.2356E-02 -7.1242E-03  1.8630E-02
  2.2141E-02 -8.2189E-03  1.7462E-02
  2.3232E-02 -7.9124E-03  1.9115E-02
  1.8358E-02 -1.0294E-03  1.8449E-02
  1.7065E-02  1.3358E-04  1.7732E-02
  1.8460E-02 -1.4936E-03  1.8201E-02
  1.7041E-02 -7.0847E-04  1.7016E-02
  1.7527E-02 -1.8138E-03  1.6741E-02
  1.6270E-02  1.5907E-03  1.7895E-02
  1.4798E-02  2.7080E-03  1.6911E-02
  1.7282E-02  2.2877E-03  1.9764E-02
  1.6700E-02  4.4388E-03  2.0766E-02
  1.8119E-02  4.7386E-03  2.2834E-02
  1.7602E-02  6.5350E-03  2.3632E-02
  1.7441E-02  8.1589E-03  2.4746E-02
  1.7301E-02  6.3404E-03  2.3086E-02
  1.5821E-02  5.7088E-03  2.0669E-02
  1.4599E-02  7.3873E-03  2.0463E-02
  1.6427E-02  4.8824E-03  2.0776E-02
  1.5693E-02  5.9212E-03  2.0677E-02
  1.6769E-02  4.8030E-03  2.1151E-02
  1.4041E-02  6.1213E-03  1.8716E-02
  1.2936E-02  7.6648E-03  1.8551E-02
  1.3860E-02  4.5650E-03  1.7216E-02
  1.2286E-02  4.7053E-03  1.5307E-02
  1.2332E-02  2.7673E-03  1.3789E-02
  1.2889E-02  1.1398E-03  1.3180E-02
  1.3171E-02 -1.1256E-03  1.1699E-02
  1.1196E-02 -7.6638E-04  9.4521E-03
  1.1093E-02  6.4677E-03  1.5206E-02
  9.7100E-03  7.5739E-03  1.4328E-02
  1.1607E-02  6.7359E-03  1.6086E-02
  1.0494E-02  8.3863E-03  1.5998E-02
  1.1242E-02  8.2447E-03  1.6845E-02
  9.9983E-03  9.7928E-03  1.6505E-02
  1.0492E-02  9.3299E-03  1.6763E-02
  1.1740E-02  9.9100E-03  1.8840E-02
  1.1761E-02  1.0066E-02  1.8994E-02
  9.9857E-03  1.0464E-02  1.7034E-02
  8.5567E-03  1.1849E-02  1.6324E-02
  1.1173E-02  1.0634E-02  1.8701E-02
  1.0942E-02  1.2511E-02  1.9930E-02
  1.2578E-02  1.2292E-02  2.1856E-02
  1.3728E-02  1.1869E-02  2.2991E-02
  1.3328E-02  1.3783E-02  2.4034E-02
  1.2796E-02  1.3952E-02  2.3487E-02
  1.3564E-02  1.5110E-02  2.5417E-02
  9.8400E-03  1.3123E-02  1.9011E-02
  9.0024E-03  1.4940E-02  1.9412E-02
  9.8677E-03  1.1612E-02  1.7818E-02
  8.8071E-03  1.2032E-02  1.6795E-02
  9.5308E-03  1.0233E-02  1.6262E-02
  7.0874E-03  1.2541E-02  1.4998E-02
  6.0464E-03  1.2903E-02  1.3954E-02
  6.8142E-03  1.2521E-02  1.4630E-02
  5.2302E-03  1.3003E-02  1.2985E-02
  4.9223E-03  1.1207E-02  1.1128E-02
  3.5673E-03  1.1492E-02  9.6175E-03
  4.5790E-03  5.8471E-03  7.2718E-03
  4.6057E-03  4.6012E-03  5.9913E-03
  5.3765E-03  2.9759E-03  6.2752E-03
  5.4098E-03  1.6683E-03  4.9454E-03
  5.3388E-03  3.0823E-03  6.2906E-03
  6.1243E-03  1.6315E-03  6.8029E-03
  4.6498E-03  4.4575E-03  5.9527E-03
  5.3267E-03  3.5802E-03  6.7986E-03
  3.9351E-03  5.3468E-03  5.0192E-03
  3.9428E-03  5.2550E-03  4.9401E-03
  3.1527E-03  6.8559E-03  4.5783E-03
  2.3719E-03  7.2624E-03  2.9458E-03
  1.9072E-03  7.3763E-03  1.8353E-03
  2.1947E-03  7.4367E-03  2.6641E-03
  3.9900E-03  3.9102E-03  3.6068E-03
  3.8519E-03  3.3321E-03  2.6130E-03
  4.2095E-03  3.3837E-03  3.6185E-03
  4.2687E-03  2.1041E-03  2.3878E-03
  5.1835E-03  4.0711E-04  2.9764E-03
  5.7164E-03  4.3352E-04  4.4203E-03
  5.5802E-03 -2.0310E-04  3.3680E-03
  3.8867E-03  2.5666E-03  1.8749E-03
  4.0265E-03  3.1348E-03  2.8627E-03
  3.4018E-03  2.3136E-03  3.1300E-04
  3.0188E-03  2.7462E-03 -2.3496E-04
  2.3116E-03  2.7927E-03 -2.0626E-03
  1.6752E-03  3.9179E-03 -2.5322E-03
  1.6659E-03  3.3375E-03 -3.1864E-03
  1.1989E-03  5.3918E-03 -2.1982E-03
  3.6321E-03  1.5790E-03  1.2750E-04
  3.5431E-03  2.0796E-03  4.3419E-04
  4.2099E-03  1.7795E-05 -3.1371E-05
  4.8077E-03 -1.2111E-03  2.2325E-04
  4.5673E-03 -2.0938E-03 -1.3728E-03
  3.7624E-03 -1.0565E-03 -2.3850E-03
  3.7233E-03 -8.5627E-04 -2.2716E-03
  2.9489E-03  1.3707E-04 -3.2507E-03
  2.2162E-03  9.2385E-04 -4.3431E-03
  1.4378E-03  1.9220E-03 -5.3275E-03
  2.2510E-03  7.3049E-04 -4.4603E-03
  3.0207E-03 -2.5597E-04 -3.4863E-03
  5.6882E-03 -2.4937E-03  1.1704E-03
  5.8582E-03 -3.0897E-03  9.7526E-04
  6.2481E-03 -3.0318E-03  2.0734E-03
  7.1395E-03 -4.3035E-03  3.0612E-03
  7.5675E-03 -3.6854E-03  4.8683E-03
  7.2065E-03 -2.3720E-03  5.3343E-03
  8.4935E-03 -5.0662E-03  5.8297E-03
  7.3984E-03 -5.3949E-03  2.5649E-03
  7.3226E-03 -4.9441E-03  2.8526E-03
  7.6395E-03 -6.7843E-03  1.6982E-03
  7.8855E-03 -7.9395E-03  1.0985E-03
  7.4354E-03 -8.5034E-03 -7.0855E-04
  6.4873E-03 -7.2054E-03 -1.8184E-03
  6.0321E-03 -6.1648E-03 -1.8984E-03
  6.1872E-03 -8.0292E-03 -3.5090E-03
  8.8182E-03 -9.3651E-03  2.0289E-03
  9.1589E-03 -9.9505E-03  2.2989E-03
  9.2362E-03 -9.8779E-03  2.5830E-03
  1.0130E-02 -1.1258E-02  3.4578E-03
  1.0581E-02 -1.0907E-02  5.0386E-03
  1.1535E-02 -1.2291E-02  6.0715E-03
  1.2013E-02 -1.2220E-02  7.4168E-03
  1.2789E-02 -1.3418E-02  8.1781E-03
  1.1622E-02 -1.1000E-02  7.7004E-03
  1.0245E-02 -1.2570E-02  2.3417E-03
  1.0020E-02 -1.2402E-02  1.9260E-03
  1.0576E-02 -1.3857E-02  1.8250E-03
  1.0715E-02 -1.5192E-02  7.4723E-04
  1.0711E-02 -1.6049E-02 -1.9439E-04
  1.0540E-02 -1.7048E-02 -1.7317E-03
  1.1201E-02 -1.8719E-02 -1.7907E-03
  1.1046E-02 -1.9705E-02 -3.2711E-03
  1.0223E-02 -1.9001E-02 -4.6931E-03
  9.5573E-03 -1.7319E-02 -4.6355E-03
  9.7231E-03 -1.6362E-02 -3.1575E-03
  1.1561E-02 -1.6268E-02  1.8249E-03
  1.2212E-02 -1.7140E-02  2.6076E-03
  1.1549E-02 -1.6245E-02  1.8186E-03
  1.2317E-02 -1.7149E-02  2.8781E-03
  1.2122E-02 -1.6090E-02  3.5084E-03
  1.2886E-02 -1.6749E-02  4.8225E-03
  1.2885E-02 -1.6891E-02  4.6664E-03
  1.3482E-02 -1.7119E-02  6.0044E-03
  1.2759E-02 -1.8835E-02  2.2230E-03
  1.2389E-02 -1.9018E-02  1.0421E-03
  3.2255E-03 -8.8479E-03 -1.5118E-03
  7.9486E-04 -5.8110E-03  5.6734E-04
 -2.3773E-05 -4.7073E-03  1.3856E-03
  3.3268E-03 -5.4692E-03  3.5086E-03
 -2.7115E-03 -1.5772E-03  3.3524E-03
 -2.6562E-03 -5.0329E-03 -1.6290E-03
 -4.2777E-03 -5.9423E-03 -4.5187E-03
 -3.7573E-03 -3.4091E-03 -3.2580E-04
 -1.8159E-03 -2.3233E-03  3.1296E-03
 -3.3636E-03 -1.3973E-03  2.9852E-03
 -7.1939E-03 -2.1195E-04  1.0163E-03
 -6.9573E-03 -2.4082E-03 -1.9552E-03
 -1.0239E-02 -1.1941E-03 -3.3533E-03
 -1.1082E-02  6.1840E-04 -1.5255E-03
 -1.2183E-02 -2.1208E-03 -6.5787E-03
 -1.5389E-02 -1.1857E-03 -8.3104E-03
 -1.7563E-02 -2.0422E-03 -1.1656E-02
 -1.6048E-02 -5.0914E-03 -1.4637E-02
 -1.7678E-02 -5.9558E-03 -1.7469E-02
 -1.3296E-02 -6.5969E-03 -1.4174E-02
 -1.7699E-02  1.8840E-03 -6.0669E-03
 -1.8963E-02  2.7716E-03 -5.9930E-03
 -1.8332E-02  3.5094E-03 -4.3097E-03
 -2.0595E-02  6.5205E-03 -2.1060E-03
 -2.1094E-02  7.9807E-03 -4.6061E-04
 -2.3733E-02  8.0504E-03 -2.9050E-03
 -2.7188E-02  9.0103E-03 -4.8400E-03
 -2.8127E-02  7.3915E-03 -8.1055E-03
 -2.8928E-02  1.1342E-02 -3.1218E-03
 -1.9200E-02  7.5323E-03  7.1445E-04
 -2.1216E-02  9.4062E-03  1.4994E-03
 -1.5736E-02  6.2671E-03  2.2134E-03
 -1.4215E-02  7.1389E-03  4.9510E-03
 -1.0408E-02  5.9472E-03  6.8882E-03
 -1.0064E-02  7.6216E-03  9.6604E-03
 -6.3378E-03  6.7924E-03  1.2047E-02
 -1.1049E-02  7.2025E-03  8.0989E-03
 -1.4630E-02  6.4157E-03  3.4975E-03
 -1.5500E-02  8.0869E-03  5.0926E-03
 -1.4222E-02  3.9952E-03  3.6451E-04
 -1.4671E-02  3.1127E-03 -1.3552E-03
 -1.3723E-02  1.0130E-04 -4.8278E-03
 -1.4944E-02 -4.8553E-04 -6.8608E-03
 -9.7734E-03 -2.0436E-03 -4.1414E-03
 -8.8293E-03 -4.9461E-03 -7.4593E-03
 -1.8551E-02  5.0844E-03 -2.2265E-03
 -1.9305E-02  5.9311E-03 -1.7205E-03
 -2.0976E-02  5.7052E-03 -3.6616E-03
 -2.4777E-02  7.5713E-03 -4.6107E-03
 -2.7011E-02  8.1947E-03 -5.8578E-03
 -2.6305E-02  5.6009E-03 -8.9556E-03
 -3.0824E-02  1.0075E-02 -6.7981E-03
 -2.5626E-02  1.0327E-02 -1.4151E-03
 -2.7443E-02  1.1379E-02 -1.6354E-03
 -2.4194E-02  1.1418E-02  1.5565E-03
 -2.4720E-02  1.4043E-02  4.8728E-03
 -2.3093E-02  1.4889E-02  7.6760E-03
 -2.4802E-02  1.5414E-02  6.7913E-03
 -2.3197E-02  1.5496E-02  8.4607E-03
 -2.7717E-02  1.5729E-02  4.4385E-03
 -2.3129E-02  1.3884E-02  6.1775E-03
 -2.4591E-02  1.5904E-02  7.7094E-03
 -2.0091E-02  1.1508E-02  5.6471E-03
 -1.8294E-02  1.1078E-02  6.7539E-03
 -1.4556E-02  8.4122E-03  6.4769E-03
 -1.2092E-02  8.5401E-03  9.0417E-03
 -8.5469E-03  5.7764E-03  8.4354E-03
 -6.2736E-03  5.9974E-03  1.0951E-02
 -2.8874E-03  4.0008E-03  1.1310E-02
 -1.0209E-03  4.3837E-03  1.3669E-02
 -1.3617E-03  1.6010E-03  9.2855E-03
 -2.0307E-02  1.0961E-02  4.6413E-03
 -1.9844E-02  1.1463E-02  5.8191E-03
 -2.2715E-02  1.0490E-02  1.6315E-03
 -2.4596E-02  1.0242E-02 -5.4518E-04
 -2.3912E-02  7.3333E-03 -4.1224E-03
 -2.6347E-02  7.2126E-03 -6.6483E-03
 -2.0074E-02  5.1365E-03 -3.6203E-03
 -1.8768E-02  2.2719E-03 -6.5333E-03
 -2.8492E-02  1.2440E-02 -1.1012E-03
 -2.9694E-02  1.3649E-02 -4.9974E-04
 -2.9813E-02  1.4755E-02 -1.7499E-03
 -2.7295E-02  1.4221E-02 -1.7000E-03
 -2.7958E-02  1.4372E-02 -1.7863E-03
 -2.8678E-02  1.4942E-02 -4.7488E-03
 -3.0284E-02  1.4555E-02  3.5663E-04
 -2.5105E-02  1.4089E-02 -3.9993E-03
 -2.2568E-02  1.3483E-02 -3.4678E-03
 -2.6110E-02  1.4648E-02 -6.4648E-03
 -2.4217E-02  1.4585E-02 -8.8131E-03
 -2.3009E-02  1.4324E-02 -8.7549E-03
 -2.2770E-02  1.4590E-02 -1.0984E-02
 -2.2283E-02  1.3820E-02 -6.2691E-03
 -2.1107E-02  1.3559E-02 -6.1659E-03
 -2.3200E-02  1.3818E-02 -4.9014E-03
 -2.3586E-02  1.3446E-02 -1.7025E-03
 -2.5477E-02  1.3721E-02 -8.5491E-04
 -2.6190E-02  1.3441E-02  2.1731E-03
 -2.8803E-02  1.3836E-02  3.2457E-03
 -2.9258E-02  1.3536E-02  6.0361E-03
 -3.0966E-02  1.4530E-02  1.5408E-03
 -1.8295E-02  1.2772E-02 -4.7606E-03
 -1.7881E-02  1.2369E-02 -2.5322E-03
 -1.6339E-02  1.2575E-02 -6.2594E-03
 -1.3432E-02  1.1848E-02 -5.4223E-03
 -1.1402E-02  1.1781E-02 -7.9485E-03
 -1.2027E-02  1.2156E-02 -9.6740E-03
 -1.1341E-02  1.1796E-02 -8.1486E-03
 -1.1665E-02  1.2132E-02 -1.0041E-02
 -1.3831E-02  1.2569E-02 -9.9231E-03
 -1.3948E-02  1.2853E-02 -1.1754E-02
 -1.5857E-02  1.2713E-02 -7.9456E-03
 -1.3150E-02  1.1665E-02 -4.5491E-03
 -1.4246E-02  1.2093E-02 -5.9519E-03
 -1.1567E-02  1.1021E-02 -2.3378E-03
 -1.1208E-02  1.0790E-02 -1.2389E-03
 -1.2806E-02  1.0708E-02  1.6966E-03
 -1.1377E-02  1.0085E-02  3.9885E-03
 -1.5857E-02  1.1378E-02  1.4769E-03
 -8.1368E-03  1.0091E-02 -8.4129E-04
 -6.3778E-03  9.6350E-03 -2.2022E-04
 -7.4493E-03  1.0013E-02 -1.3081E-03
 -4.6003E-03  9.3428E-03 -7.8271E-04
 -3.6368E-03  9.4066E-03 -2.6568E-03
 -7.2373E-04  8.7092E-03 -2.0360E-03
  3.6109E-04  8.4330E-03 -1.6886E-03
  3.1034E-03  7.7500E-03 -9.1775E-04
  3.6900E-03  7.6124E-03 -8.1230E-04
  1.4193E-03  8.1835E-03 -1.4906E-03
 -4.6503E-03  8.9143E-03  2.3164E-03
 -5.5902E-03  9.0120E-03  3.0148E-03
 -3.6250E-03  8.4407E-03  4.1450E-03
 -3.5926E-03  8.0023E-03  7.1923E-03
 -1.8126E-03  7.4181E-03  8.6873E-03
 -2.8490E-03  7.7134E-03  8.1335E-03
 -4.6565E-03  7.9147E-03  9.3828E-03
 -2.1885E-04  7.2469E-03  7.5419E-03
  2.3176E-03  6.8455E-03  6.6293E-03
  4.4884E-03  6.1174E-03  8.5629E-03
  3.8127E-03  6.2771E-03  8.4331E-03
  5.6977E-04  6.9585E-03  8.4130E-03
 -4.2855E-04  7.4388E-03  6.4970E-03
  1.2850E-03  7.2458E-03  5.3282E-03
 -3.1894E-03  8.0551E-03  6.2237E-03
 -4.4504E-03  8.5637E-03  4.4959E-03
 -3.4288E-03  8.7893E-03  1.3943E-03
 -4.4703E-03  9.1955E-03  6.5407E-05
 -7.6258E-03  9.2055E-03  4.6558E-03
 -9.2424E-03  9.5710E-03  4.4635E-03
 -8.4742E-03  9.3483E-03  4.9010E-03
 -1.1422E-02  9.9361E-03  5.1049E-03
 -1.2744E-02  1.0616E-02  2.2574E-03
 -1.5214E-02  1.1142E-02  2.1934E-03
 -1.2110E-02  1.3402E-02 -3.7706E-03
 -1.3172E-02  1.3687E-02 -6.4778E-03
 -1.1228E-02  1.3035E-02 -8.7957E-03
 -1.1815E-02  1.3192E-02 -1.0297E-02
 -9.8673E-03  1.2594E-02 -9.5147E-03
 -7.1181E-03  1.1720E-02 -1.0023E-02
 -5.0514E-03  1.1081E-02 -9.4002E-03
 -2.6236E-03  1.0308E-02 -9.9102E-03
 -5.4025E-03  1.1212E-02 -8.2449E-03
 -1.3850E-02  1.3901E-02 -6.4993E-03
 -1.2340E-02  1.3445E-02 -5.4108E-03
 -1.6099E-02  1.4585E-02 -7.7723E-03
 -1.7023E-02  1.4875E-02 -7.8405E-03
 -1.9512E-02  1.5691E-02 -5.9561E-03
 -2.0074E-02  1.5876E-02 -5.4858E-03
 -2.1908E-02  1.6423E-02 -7.2095E-03
 -1.7586E-02  1.5000E-02 -1.0755E-02
 -1.8820E-02  1.5357E-02 -1.2485E-02
 -1.6694E-02  1.4710E-02 -1.1246E-02
 -1.7010E-02  1.4762E-02 -1.3906E-02
 -1.4284E-02  1.3882E-02 -1.5168E-02
 -1.2632E-02  1.3358E-02 -1.5432E-02
 -1.1005E-02  1.2885E-02 -1.3256E-02
 -9.6281E-03  1.2449E-02 -1.3384E-02
 -9.8749E-03  1.2485E-02 -1.5720E-02
 -8.5416E-03  1.2064E-02 -1.5815E-02
 -1.1473E-02  1.2949E-02 -1.7929E-02
 -1.2832E-02  1.3379E-02 -1.7775E-02
 -1.8363E-02  1.5197E-02 -1.3428E-02
 -1.8646E-02  1.5328E-02 -1.1057E-02
 -1.9296E-02  1.5449E-02 -1.5689E-02
 -2.0498E-02  1.5829E-02 -1.5642E-02
 -2.3523E-02  1.6782E-02 -1.5540E-02
 -2.4715E-02  1.7165E-02 -1.5080E-02
 -2.5478E-02  1.7447E-02 -1.2718E-02
 -2.6284E-02  1.7688E-02 -1.3447E-02
 -2.6030E-02  1.7560E-02 -1.6153E-02
 -2.5089E-02  1.7245E-02 -1.7184E-02
 -1.9584E-02  1.5495E-02 -1.8223E-02
 -2.0469E-02  1.5732E-02 -2.0541E-02
 -1.7877E-02  1.4966E-02 -1.7772E-02
 -1.6761E-02  1.4576E-02 -1.9963E-02
 -1.5874E-02  1.4316E-02 -1.8857E-02
 -1.8153E-02  1.5059E-02 -1.7455E-02
 -1.3558E-02  1.3624E-02 -1.6847E-02
 -1.8584E-02  1.5105E-02 -2.2463E-02
 -1.7652E-02  1.4770E-02 -2.4801E-02
 -2.1169E-02  1.5927E-02 -2.1977E-02
 -2.3038E-02  1.6473E-02 -2.4270E-02
 -2.5220E-02  1.7171E-02 -2.3643E-02
 -2.4365E-02  1.6902E-02 -2.3620E-02
 -2.3560E-02  1.6702E-02 -2.0697E-02
 -2.2619E-02  1.6407E-02 -2.0588E-02
 -2.1769E-02  1.6191E-02 -1.7714E-02
 -2.4303E-02  1.6859E-02 -2.4977E-02
 -2.3892E-02  1.6689E-02 -2.7230E-02
 -2.5690E-02  1.7331E-02 -2.2961E-02
 -2.7164E-02  1.7788E-02 -2.3331E-02
 -2.9021E-02  1.8416E-02 -2.0867E-02
 -3.0486E-02  1.8893E-02 -1.9992E-02
 -3.0884E-02  1.9068E-02 -1.7204E-02
 -3.2023E-02  1.9441E-02 -1.6378E-02
 -3.2782E-02  1.9644E-02 -1.8358E-02
 -3.2412E-02  1.9478E-02 -2.1155E-02
 -3.1280E-02  1.9107E-02 -2.1953E-02
 -2.5698E-02  1.7314E-02 -2.4089E-02
 -2.6644E-02  1.7579E-02 -2.5852E-02
 -2.3491E-02  1.6644E-02 -2.2694E-02
 -2.1926E-02  1.6140E-02 -2.3341E-02
 -2.2854E-02  1.6461E-02 -2.1724E-02
 -2.1936E-02  1.6226E-02 -1.8690E-02
 -2.0634E-02  1.5831E-02 -1.7879E-02
 -2.2405E-02  1.6402E-02 -1.7106E-02
 -1.8997E-02  1.5227E-02 -2.2886E-02
 -1.7731E-02  1.4863E-02 -2.0976E-02
 -1.7888E-02  1.4847E-02 -2.4654E-02
 -1.9128E-02  1.5192E-02 -2.7132E-02
 -1.6761E-02  1.4416E-02 -2.8908E-02
 -1.4758E-02  1.3825E-02 -2.6747E-02
 -1.5080E-02  1.3967E-02 -2.4427E-02
 -1.3261E-02  1.3387E-02 -2.4863E-02
 -1.4046E-02  1.3612E-02 -2.6109E-02
 -1.0891E-02  1.2664E-02 -2.3622E-02
 -9.8123E-03  1.2363E-02 -2.1451E-02
 -6.9505E-03  1.1465E-02 -2.1346E-02
 -7.0890E-03  1.1500E-02 -2.1797E-02
 -9.1592E-03  1.2111E-02 -2.4101E-02
 -7.9800E-03  1.1688E-02 -2.6994E-02
 -7.9522E-03  1.1659E-02 -2.8115E-02
 -6.1367E-03  1.5149E-02 -3.4891E-02
 -4.4647E-03  1.4805E-02 -3.8638E-02
 -2.7838E-03  1.4323E-02 -3.9681E-02
 -5.4495E-03  1.5197E-02 -4.0222E-02
 -3.4675E-03  1.4592E-02 -4.0717E-02
 -5.9290E-03  1.5343E-02 -4.0093E-02
 -3.8425E-03  1.4635E-02 -3.9198E-02
 -1.6021E-03  1.3892E-02 -3.8577E-02
 -1.5320E-03  1.3988E-02 -4.0937E-02
  8.2056E-04  1.2990E-02 -3.5919E-02
  3.5935E-03  1.2086E-02 -3.5472E-02
  7.1689E-03  1.0886E-02 -3.4192E-02
  8.1533E-03  1.0694E-02 -3.6608E-02
  1.0116E-02  9.9582E-03 -3.4359E-02
  1.9492E-03  1.2451E-02 -3.2310E-02
  1.9186E-03  1.2298E-02 -2.9044E-02
  2.8826E-04  1.3030E-02 -3.3339E-02
 -1.4601E-03  1.3450E-02 -3.0602E-02
 -2.9324E-03  1.4013E-02 -3.2528E-02
 -5.0052E-03  1.4543E-02 -2.9933E-02
 -8.8602E-03  1.5720E-02 -2.8983E-02
 -9.7598E-03  1.5836E-02 -2.5576E-02
 -1.1003E-02  1.6532E-02 -3.1605E-02
  1.0093E-03  1.2502E-02 -2.7340E-02
  4.0958E-03  1.1551E-02 -2.7939E-02
 -3.7534E-04  1.2771E-02 -2.3909E-02
  1.6291E-03  1.1965E-02 -2.0513E-02
  3.8754E-03  1.1194E-02 -1.9369E-02
  5.5110E-03  1.0526E-02 -1.6388E-02
  3.7930E-03  1.1334E-02 -2.1650E-02
  5.8712E-03  1.0641E-02 -2.0999E-02
  8.6083E-03  9.9312E-03 -2.4205E-02
  1.1152E-02  9.1537E-03 -2.4825E-02
  1.4394E-02  8.0035E-03 -2.2418E-02
  1.7334E-02  7.1337E-03 -2.3705E-02
  2.0832E-02  5.9307E-03 -2.1876E-02
  3.4732E-03  1.1400E-02 -2.0929E-02
  1.1009E-03  1.2271E-02 -2.3287E-02
  4.1645E-03  1.1049E-02 -1.8307E-02
  2.1138E-03  1.1685E-02 -1.7980E-02
  2.7358E-03  1.1298E-02 -1.4179E-02
  1.2502E-03  1.1761E-02 -1.4013E-02
  3.3280E-03  1.1052E-02 -1.3036E-02
 -1.9337E-03  1.2816E-02 -1.4881E-02
  3.1692E-03  1.1510E-02 -2.1212E-02
  6.3173E-03  1.0534E-02 -2.1694E-02
  4.7505E-04  1.2470E-02 -2.3288E-02
  9.4565E-04  1.2484E-02 -2.6561E-02
 -2.6605E-03  1.3723E-02 -2.8432E-02
 -4.2414E-03  1.4292E-02 -2.9765E-02
 -7.5334E-03  1.5371E-02 -3.0427E-02
 -2.1816E-03  1.3657E-02 -3.0157E-02
  2.7299E-03  1.1891E-02 -2.6041E-02
  4.3899E-03  1.1494E-02 -2.8667E-02
  2.3396E-03  1.1848E-02 -2.2696E-02
  3.9027E-03  1.1313E-02 -2.1918E-02
  1.3463E-03  1.1998E-02 -1.9375E-02
 -1.2941E-03  1.2960E-02 -2.1837E-02
  3.4043E-03  1.1221E-02 -1.6913E-02
  7.7257E-03  1.0023E-02 -2.0426E-02
  9.7772E-03  9.4098E-03 -2.1195E-02
  8.7345E-03  9.6045E-03 -1.8455E-02
  1.2325E-02  8.3855E-03 -1.6891E-02
  1.2104E-02  8.2434E-03 -1.2627E-02
  1.0019E-02  8.8200E-03 -1.0902E-02
  1.0323E-02  8.7642E-03 -1.1721E-02
  1.4614E-02  7.7349E-03 -1.8432E-02
  1.7901E-02  6.6702E-03 -1.8021E-02
  1.2908E-02  8.3701E-03 -2.0300E-02
  1.4899E-02  7.8078E-03 -2.1711E-02
  1.6066E-02  7.2641E-03 -1.8238E-02
  1.9042E-02  6.3087E-03 -1.8048E-02
  1.3914E-02  9.5930E-03 -1.2541E-02
  1.3894E-02  8.8267E-03 -9.9253E-03
  1.3757E-02  7.9217E-03 -6.7992E-03
  1.4800E-02  6.9749E-03 -3.9184E-03
  1.4940E-02  6.0895E-03 -9.4989E-04
  1.4517E-02  5.3596E-03  1.6735E-03
  1.5453E-02  6.1218E-03 -1.2283E-03
  1.0909E-02  9.1963E-03 -1.0204E-02
  8.3000E-03  9.7086E-03 -1.1092E-02
  1.1288E-02  8.9420E-03 -9.4631E-03
  8.6013E-03  9.2720E-03 -9.7050E-03
  9.7465E-03  8.9700E-03 -9.0528E-03
  1.2016E-02  9.5105E-03 -1.1637E-02
  1.0332E-02  1.0322E-02 -1.3849E-02
  1.1714E-02  1.0365E-02 -1.4446E-02
  7.6667E-03  1.0918E-02 -1.5002E-02
  5.5864E-03  8.9658E-03 -7.6736E-03
  5.7851E-03  8.1886E-03 -5.0929E-03
  2.7816E-03  9.6110E-03 -8.9499E-03
 -3.4256E-04  9.4500E-03 -7.3770E-03
 -2.8546E-03  1.0403E-02 -9.7976E-03
 -2.0328E-03  1.0942E-02 -1.1902E-02
 -1.6809E-03  1.0324E-02 -9.9142E-03
 -4.7005E-03  1.1892E-02 -1.4261E-02
 -1.4476E-03  9.0533E-03 -5.6642E-03
 -1.6323E-04  9.1100E-03 -6.2784E-03
 -3.9424E-03  8.6951E-03 -3.6261E-03
 -5.2712E-03  8.2715E-03 -1.7484E-03
 -4.0761E-03  7.1627E-03  1.6342E-03
 -6.0218E-04  6.7700E-03  1.8317E-03
 -4.1866E-03  6.8910E-03  2.5954E-03
 -9.0084E-03  8.5919E-03 -1.6132E-03
 -1.0605E-02  9.1941E-03 -3.1393E-03
 -1.0409E-02  8.2189E-03  1.1642E-04
 -1.3931E-02  8.4540E-03  4.7101E-04
 -1.5283E-02  8.9322E-03 -7.1339E-04
 -1.6395E-02  1.0025E-02 -4.0687E-03
 -1.2806E-02  8.6478E-03 -5.5752E-04
 -1.4590E-02  7.4913E-03  3.9646E-03
 -1.2720E-02  6.7683E-03  5.8126E-03
 -1.7052E-02  7.4597E-03  4.8800E-03
 -1.7886E-02  6.5635E-03  8.2043E-03
 -2.0226E-02  6.6507E-03  8.6750E-03
 -1.9600E-02  5.7446E-03  1.1554E-02
 -2.2452E-02  5.7942E-03  1.2321E-02
 -2.3223E-02  6.6265E-03  9.7408E-03
 -2.1689E-02  6.6647E-03  9.1077E-03
 -2.2617E-02  7.4606E-03  6.7025E-03
 -1.9211E-02  5.9230E-03  1.0820E-02
 -1.9505E-02  6.3904E-03  9.3247E-03
 -2.0819E-02  7.0741E-03  7.4281E-03
 -1.9353E-02  5.4784E-03  1.2380E-02
 -2.0849E-02  5.2404E-03  1.3681E-02
 -2.0083E-02  4.1368E-03  1.7187E-02
 -2.2046E-02  3.8145E-03  1.8928E-02
 -2.1439E-02  4.1673E-03  1.7528E-02
 -1.8162E-02  3.5726E-03  1.8477E-02
 -1.8106E-02  2.5740E-03  2.1858E-02
 -2.4539E-02  5.7127E-03  1.3283E-02
 -2.6070E-02  6.1045E-03  1.2452E-02
 -2.5893E-02  5.6816E-03  1.3833E-02
 -2.9369E-02  6.0930E-03  1.3573E-02
 -3.0124E-02  5.9256E-03  1.4391E-02
 -2.8972E-02  4.8635E-03  1.7629E-02
 -2.8230E-02  4.6666E-03  1.8055E-02
 -2.8819E-02  4.2302E-03  1.9734E-02
 -3.0499E-02  7.1731E-03  1.0267E-02
 -3.3123E-02  7.5482E-03  9.8506E-03
 -2.8475E-02  7.6635E-03  7.9331E-03
 -2.9223E-02  8.7051E-03  4.6328E-03
 -2.6641E-02  9.0581E-03  2.5840E-03
 -2.6180E-02  8.7522E-03  3.4740E-03
 -2.3827E-02  8.9039E-03  2.1858E-03
 -2.8142E-02  8.3619E-03  5.4463E-03
 -2.9515E-02  9.0197E-03  3.6574E-03
 -3.0851E-02  9.8682E-03  1.2072E-03
 -2.8317E-02  8.3315E-03  5.6074E-03
 -2.8450E-02  8.5272E-03  4.9848E-03
 -2.7102E-02  7.5792E-03  7.7696E-03
 -2.3580E-02  7.3717E-03  7.3210E-03
 -2.3263E-02  7.4366E-03  6.9961E-03
 -2.0341E-02  6.9921E-03  7.5507E-03
 -2.5625E-02  7.8780E-03  6.2679E-03
 -3.1895E-02  9.0451E-03  4.3516E-03
 -3.4128E-02  8.7000E-03  6.2590E-03
 -2.9966E-02  5.8544E-03  8.9136E-03
 -2.9650E-02  5.4771E-03  8.7757E-03
 -3.0842E-02  7.3242E-03  9.6985E-03
 -2.9856E-02  7.3352E-03  1.0401E-02
 -3.0762E-02  9.3147E-03  1.1650E-02
 -3.1838E-02  9.5143E-03  1.1086E-02
 -3.0384E-02  1.0664E-02  1.3200E-02
 -3.0252E-02  3.8577E-03  6.8114E-03
 -2.9045E-02  2.6618E-03  6.5183E-03
 -3.2099E-02  3.8100E-03  5.4718E-03
 -3.2871E-02  2.3139E-03  3.5062E-03
 -3.5105E-02  2.7215E-03  2.3287E-03
 -3.5913E-02  1.0932E-03  2.1196E-04
 -3.6821E-02  6.3858E-04 -8.5788E-04
 -3.8834E-02  1.4617E-03 -1.4846E-03
 -3.5516E-02 -5.3369E-04 -1.0596E-03
 -3.1263E-02  2.9961E-04  2.7148E-03
 -3.0822E-02 -1.1005E-03  1.6905E-03
 -3.0434E-02  1.7043E-04  3.1725E-03
 -2.8874E-02 -1.6239E-03  2.5573E-03
 -2.8523E-02 -1.3709E-03  3.0442E-03
 -2.6994E-02 -3.2465E-03  2.3303E-03
 -3.0594E-02 -7.2755E-04  2.2056E-03
 -2.6723E-02 -2.2258E-03  3.4916E-03
 -2.5828E-02 -3.8770E-03  2.5470E-03
 -2.5967E-02 -8.6551E-04  5.3172E-03
 -2.3912E-02 -1.2770E-03  6.3655E-03
 -2.3305E-02  5.0400E-04  8.4865E-03
 -2.3079E-02  1.1345E-03  9.2457E-03
 -2.1165E-02  4.5250E-05  9.5499E-03
 -2.3965E-02 -2.0099E-03  5.6301E-03
 -2.2578E-02 -3.5730E-03  5.1141E-03
 -2.5581E-02 -9.1829E-04  5.5372E-03
 -2.5763E-02 -1.5111E-03  4.8451E-03
 -2.7653E-02  4.2596E-05  5.0003E-03
 -2.7148E-02  1.7583E-03  6.9881E-03
 -2.8182E-02  2.6283E-03  7.0917E-03
 -2.7154E-02  3.8309E-03  8.9573E-03
 -2.7947E-02  5.7322E-03  1.0212E-02
 -2.6907E-02  6.7161E-03  1.1878E-02
 -2.9777E-02  6.6461E-03  9.7996E-03
 -2.5929E-02 -3.4671E-03  2.8663E-03
 -2.5181E-02 -4.5156E-03  2.3922E-03
 -2.6866E-02 -3.9737E-03  1.7271E-03
 -2.7081E-02 -5.8143E-03 -1.7633E-04
 -2.8659E-02 -5.7914E-03 -1.2600E-03
 -3.0689E-02 -6.0063E-03 -2.8871E-03
 -3.2408E-02 -5.3358E-03 -3.4539E-03
 -3.1422E-02 -6.0880E-03 -3.4792E-03
 -3.2758E-02 -4.9155E-03 -3.2990E-03
 -2.4862E-02 -7.4278E-03 -1.5735E-04
 -2.4255E-02 -8.9329E-03 -1.1647E-03
 -2.3647E-02 -7.1288E-03  9.7925E-04
 -2.1485E-02 -8.5741E-03  1.1176E-03
 -2.0391E-02 -7.8448E-03  2.5794E-03
 -2.1037E-02 -8.0862E-03  1.8968E-03
 -1.9146E-02 -8.3714E-03  2.9502E-03
 -1.8663E-02 -6.6507E-03  4.9272E-03
 -1.9430E-02 -5.3403E-03  5.6376E-03
 -1.8916E-02 -3.8169E-03  7.4484E-03
 -2.0691E-02 -5.5639E-03  4.5409E-03
 -2.0039E-02 -9.0584E-03  1.6699E-03
 -1.8832E-02 -1.0737E-02  9.1759E-04
 -2.0152E-02 -7.5808E-03  2.9981E-03
 -1.8822E-02 -7.8814E-03  3.6441E-03
 -1.8805E-02 -5.9885E-03  5.4580E-03
 -1.7583E-02 -5.0292E-03  7.2278E-03
 -1.5137E-02 -6.2354E-03  7.7940E-03
 -1.8124E-02 -2.9720E-03  8.8081E-03
 -1.9398E-02 -8.9440E-03  2.2280E-03
 -1.7928E-02 -1.0122E-02  2.1374E-03
 -2.1500E-02 -8.5545E-03  1.1263E-03
 -2.2126E-02 -9.5927E-03 -3.0153E-04
 -2.4644E-02 -8.7974E-03 -1.3084E-03
 -2.5163E-02 -1.0021E-02 -2.8368E-03
 -2.5858E-02 -8.8175E-03 -2.1786E-03
 -2.1298E-02 -1.1719E-02 -1.7460E-03
 -2.0226E-02 -1.3018E-02 -2.2316E-03
 -2.1682E-02 -1.2014E-02 -2.2956E-03
 -2.1043E-02 -1.3893E-02 -3.6369E-03
 -2.1641E-02 -1.3556E-02 -3.7355E-03
 -2.2326E-02 -1.5020E-02 -5.6092E-03
 -2.0566E-02 -1.6381E-02 -5.6722E-03
 -2.0163E-02 -1.8151E-02 -7.0743E-03
 -1.9597E-02 -1.5674E-02 -4.3191E-03
 -1.8576E-02 -1.5046E-02 -3.0059E-03
 -1.7820E-02 -1.6784E-02 -4.1306E-03
 -3.8746E-03 -1.1975E-02  6.4113E-03
 -1.7535E-03 -1.1512E-02  6.1357E-03
 -1.7158E-03 -1.1142E-02  7.1561E-03
  4.8826E-04 -1.0522E-02  7.2653E-03
  1.5151E-03 -9.6144E-03  9.0721E-03
  3.5999E-03 -9.0340E-03  9.1561E-03
  4.6824E-03 -9.3630E-03  7.4087E-03
  6.7705E-03 -8.7761E-03  7.5085E-03
  3.6821E-03 -1.0260E-02  5.6111E-03
  1.5865E-03 -1.0837E-02  5.5453E-03
 -1.6909E-04 -1.0771E-02  7.0507E-03
  1.5357E-03 -1.0655E-02  6.0987E-03
 -7.3746E-04 -1.0271E-02  8.8983E-03
  6.6089E-04 -9.5386E-03  9.9289E-03
 -8.0030E-05 -8.9384E-03  1.2190E-02
  3.9609E-04 -8.3945E-03  1.3378E-02
 -8.7884E-04 -8.4221E-03  1.4257E-02
  4.0773E-04 -7.7888E-03  1.5090E-02
  2.3975E-03 -7.3863E-03  1.4740E-02
  2.4297E-03 -7.7404E-03  1.3710E-02
  1.0341E-03 -9.7563E-03  9.0300E-03
  2.8111E-03 -9.2914E-03  9.0171E-03
 -5.9881E-04 -1.0430E-02  8.3420E-03
 -2.5816E-04 -1.0660E-02  7.4339E-03
 -2.3696E-03 -1.1381E-02  6.9697E-03
 -3.5326E-03 -1.2274E-02  5.3060E-03
 -5.6285E-03 -1.2993E-02  4.8353E-03
 -6.8632E-03 -1.2754E-02  6.4415E-03
 -6.1363E-03 -1.3757E-02  3.0466E-03
  1.2382E-03 -1.0967E-02  5.4359E-03
  2.5332E-03 -1.0812E-02  4.9064E-03
  1.0838E-03 -1.1377E-02  4.3894E-03
  2.3208E-03 -1.1733E-02  2.4485E-03
  1.0615E-03 -1.2471E-02  1.2971E-03
  2.0263E-03 -1.2937E-02 -7.5074E-04
  4.3949E-05 -1.3888E-02 -1.9661E-03
  1.0977E-03 -1.3582E-02 -1.8869E-03
  4.6040E-03 -1.1051E-02  2.6708E-03
  6.1000E-03 -1.1068E-02  1.4999E-03
  4.8945E-03 -1.0415E-02  4.2620E-03
  6.9746E-03 -9.7550E-03  4.5742E-03
  6.7926E-03 -9.5533E-03  5.2837E-03
  8.8741E-03 -9.1555E-03  4.8516E-03
  5.2760E-03 -1.0363E-02  4.1216E-03
  8.3001E-03 -8.9031E-03  5.9996E-03
  1.0219E-02 -8.4100E-03  5.9602E-03
  7.3263E-03 -8.7292E-03  7.2248E-03
  8.5049E-03 -7.9233E-03  8.6296E-03
  7.0054E-03 -7.8771E-03  9.8866E-03
  1.0443E-02 -7.7982E-03  7.5297E-03
  1.2205E-02 -7.1089E-03  8.1655E-03
  1.0163E-02 -8.4581E-03  5.8651E-03
  8.1968E-03 -9.2724E-03  5.0277E-03
  9.0101E-03 -9.7618E-03  3.0267E-03
  1.1064E-02 -9.0559E-03  3.4907E-03
  1.2031E-02 -8.3291E-03  4.8297E-03
  1.3641E-02 -8.3359E-03  3.6014E-03
  1.5500E-02 -7.9780E-03  3.2227E-03
  1.2959E-02 -8.7061E-03  3.0621E-03
  1.4378E-02 -8.7200E-03  1.9572E-03
  1.3104E-02 -9.3551E-03  1.1089E-03
  1.4480E-02 -9.3995E-03 -5.0063E-05
  1.2999E-02 -1.0049E-02 -7.8409E-04
  1.5848E-02 -9.6736E-03 -1.8561E-03
  1.5887E-02 -7.8043E-03  3.4262E-03
  1.7770E-02 -7.4988E-03  2.8800E-03
  1.5028E-02 -7.3639E-03  5.3220E-03
  1.6296E-02 -6.4723E-03  6.9032E-03
  1.4939E-02 -6.1111E-03  8.9478E-03
  1.6298E-02 -5.1683E-03  1.0607E-02
  1.3140E-02 -6.6993E-03  8.6274E-03
  1.3899E-02 -6.8219E-03  7.7092E-03
  1.7926E-02 -5.9221E-03  7.2434E-03
  1.9804E-02 -5.3748E-03  7.3881E-03
  1.7177E-02 -6.0773E-03  7.3643E-03
  1.8541E-02 -5.6015E-03  7.6924E-03
  2.0204E-02 -5.7931E-03  5.8989E-03
  2.1996E-02 -5.2284E-03  6.1585E-03
  1.8599E-02 -3.7850E-03  1.1936E-02
  1.8042E-02 -1.9903E-03  1.1621E-02
  1.7858E-02 -1.8065E-03  1.1454E-02
  1.7109E-02 -8.6009E-05  1.0922E-02
  1.7694E-02  1.4169E-03  1.1781E-02
  1.7015E-02  3.0068E-03  1.1303E-02
  1.5735E-02  3.0911E-03  9.9499E-03
  1.5089E-02  4.6559E-03  9.5031E-03
  1.5128E-02  1.6056E-03  9.0700E-03
  1.5811E-02  3.7940E-05  9.5557E-03
  1.6782E-02 -1.7060E-03  1.0320E-02
  1.6501E-02 -3.7482E-04  1.0228E-02
  1.6018E-02 -2.9495E-03  9.3113E-03
  1.4789E-02 -2.7867E-03  8.0252E-03
  1.3981E-02 -4.1060E-03  6.9571E-03
  1.3404E-02 -3.4265E-03  6.4473E-03
  1.3557E-02 -4.4456E-03  6.4513E-03
  1.3062E-02 -3.7679E-03  6.0293E-03
  1.2423E-02 -2.0457E-03  5.6143E-03
  1.1986E-02 -1.3635E-03  5.2547E-03
  1.2259E-02 -1.0162E-03  5.5995E-03
  1.2745E-02 -1.7164E-03  6.0095E-03
  1.4781E-02 -2.8637E-03  8.0047E-03
  1.3863E-02 -2.1779E-03  7.1313E-03
  1.5763E-02 -3.7122E-03  8.9207E-03
  1.5789E-02 -3.7053E-03  8.9494E-03
  1.6769E-02 -5.0990E-03  9.7791E-03
  1.6514E-02 -6.8168E-03  9.2392E-03
  1.6061E-02 -1.8672E-03  9.5263E-03
  1.5520E-02 -1.1816E-03  9.0551E-03
  1.6901E-02 -1.0642E-03  1.0547E-02
  1.7199E-02  7.1160E-04  1.1143E-02
  1.8290E-02  1.3101E-03  1.2400E-02
  1.9514E-02  1.1605E-03  1.3683E-02
  2.0515E-02  2.1674E-03  1.4908E-02
  2.1757E-02  1.8526E-03  1.6186E-02
  2.2798E-02  2.5722E-03  1.7408E-02
  1.6061E-02  2.0389E-03  1.0133E-02
  1.5823E-02  3.2417E-03  1.0067E-02
  1.5335E-02  1.7869E-03  9.3194E-03
  1.4190E-02  2.9470E-03  8.2781E-03
  1.3654E-02  2.4748E-03  7.6320E-03
  1.4294E-02  3.1969E-03  8.4275E-03
  1.4120E-02  5.2100E-03  8.5554E-03
  1.5058E-02  6.0176E-03  9.6825E-03
  1.3043E-02  5.9949E-03  7.5283E-03
  1.3263E-02  2.6709E-03  7.2453E-03
  1.2634E-02  3.9529E-03  6.7741E-03
  1.3188E-02  9.8687E-04  6.9036E-03
  1.2348E-02  5.2431E-04  5.9344E-03
  1.2445E-02 -1.4974E-03  5.7234E-03
  1.2646E-02  1.4219E-03  6.3923E-03
  1.1806E-02  2.2171E-03  5.6195E-03
  1.3848E-02  1.3119E-03  7.6581E-03
  1.4308E-02  2.1328E-03  8.2777E-03
  1.5707E-02  1.5425E-03  9.6789E-03
  1.6031E-02 -3.9986E-04  9.7219E-03
  1.7431E-02 -1.1442E-03  1.1101E-02
  1.7712E-02 -2.7869E-03  1.1145E-02
  1.8245E-02 -1.0729E-04  1.2131E-02
  1.4066E-02  4.1794E-03  8.3371E-03
  1.3880E-02  5.0941E-03  8.2815E-03
  1.4040E-02  4.8848E-03  8.4196E-03
  1.3791E-02  6.7973E-03  8.4518E-03
  1.4238E-02  7.2856E-03  9.0043E-03
  1.2406E-02  7.3706E-03  7.0620E-03
  1.2003E-02  8.9643E-03  6.8797E-03
  1.1673E-02  6.0663E-03  6.0772E-03
  1.0332E-02  6.4651E-03  4.7068E-03
  9.6370E-03  6.8567E-03  4.0264E-03
  8.5202E-03  7.4032E-03  2.9193E-03
  1.0289E-02  6.5078E-03  4.6677E-03
  9.7446E-03  6.8378E-03  4.1382E-03
  1.0757E-02  7.1937E-03  5.2745E-03
  1.1168E-02  9.0700E-03  6.0055E-03
  1.2386E-02  9.1564E-03  7.3192E-03
  1.0403E-02  1.0419E-02  5.3981E-03
  9.0103E-03  5.3577E-03  3.1241E-03
  8.3107E-03  5.6403E-03  2.4213E-03
  9.5076E-03  4.0638E-03  3.5401E-03
  9.1591E-03  2.7331E-03  2.6641E-03
  9.3514E-03  1.6032E-03  3.0870E-03
  9.9710E-03  1.0271E-03  4.5488E-03
  8.9697E-03  3.6690E-04  2.1348E-03
  9.2700E-03  2.0728E-03  2.9078E-03
  9.6138E-03  2.6764E-03  3.7487E-03
  8.9518E-03  9.1637E-04  2.1098E-03
  9.0352E-03  1.5897E-04  2.2844E-03
  8.4757E-03  1.7622E-04  9.4814E-04
  8.2738E-03  1.7173E-03  5.1591E-04
  7.8325E-03  2.5353E-03 -5.1208E-04
  7.1980E-03  2.2300E-03 -2.0380E-03
  6.7503E-03  2.9454E-03 -3.0844E-03
  9.2297E-03 -1.4566E-03  2.6966E-03
  8.9809E-03 -2.1959E-03  2.0781E-03
  9.6845E-03 -1.9959E-03  3.7659E-03
  9.8992E-03 -3.5193E-03  4.2295E-03
  1.0543E-02 -3.4805E-03  5.7699E-03
  1.0854E-02 -4.9754E-03  6.4639E-03
  1.1194E-02 -5.3061E-03  7.2648E-03
  1.1452E-02 -6.7107E-03  7.8369E-03
  1.1379E-02 -7.8131E-03  7.6246E-03
  1.1646E-02 -9.1911E-03  8.2186E-03
  1.1044E-02 -7.5301E-03  6.8353E-03
  1.0783E-02 -6.0978E-03  6.2571E-03
  9.8112E-03 -4.4043E-03  3.9905E-03
  9.8676E-03 -3.7827E-03  4.1454E-03
  9.6575E-03 -5.8236E-03  3.5770E-03
  9.5789E-03 -6.7051E-03  3.3607E-03
  8.9553E-03 -6.5170E-03  1.8767E-03
  9.7295E-03 -8.3441E-03  3.6673E-03
  9.6107E-03 -8.9126E-03  3.3650E-03
  1.0013E-02 -9.0809E-03  4.3217E-03
  1.0176E-02 -1.0675E-02  4.6591E-03
  1.0792E-02 -1.0981E-02  6.1206E-03
  1.0982E-02 -1.2639E-02  6.5208E-03
  1.1554E-02 -1.2933E-02  7.8775E-03
  1.2072E-02 -1.2155E-02  9.1405E-03
  1.2126E-02 -1.0558E-02  9.3222E-03
  9.7418E-03 -1.1568E-02  3.5919E-03
  9.6224E-03 -1.1218E-02  3.3180E-03
  9.5277E-03 -1.2758E-02  3.0417E-03
  9.0845E-03 -1.3671E-02  1.9531E-03
  8.5450E-03 -1.3710E-02  6.6284E-04
  8.1824E-03 -1.2269E-02 -1.5695E-04
  8.1745E-03 -1.5038E-02 -2.6556E-04
  9.3185E-03 -1.5253E-02  2.4609E-03
  9.5526E-03 -1.5991E-02  2.9962E-03
  9.2632E-03 -1.5779E-02  2.3115E-03
  9.4752E-03 -1.7292E-02  2.7691E-03
  9.5453E-03 -1.7490E-02  2.9299E-03
  9.8533E-03 -1.8997E-02  3.6171E-03
  9.7530E-03 -1.9533E-02  3.3600E-03
  1.0204E-02 -1.9637E-02  4.4338E-03
  9.0331E-03 -1.8350E-02  1.6783E-03
  8.5556E-03 -1.8422E-02  5.3491E-04
  9.1854E-03 -1.9101E-02  2.0178E-03
  8.7942E-03 -2.0140E-02  1.0493E-03
  8.7980E-03 -2.1655E-02  1.0092E-03
  8.5180E-03 -2.2691E-02  3.0652E-04
  9.1239E-03 -2.1802E-02  1.7831E-03
  9.1643E-03 -2.3209E-02  1.8341E-03
  9.7745E-03 -2.3439E-02  3.2845E-03
  1.0241E-02 -2.3295E-02  4.4035E-03
  9.8582E-03 -2.2326E-02  3.5206E-03
  8.7192E-03 -2.3234E-02  7.6969E-04
  8.7577E-03 -2.4195E-02  8.3044E-04
  8.3238E-03 -2.2115E-02 -1.3887E-04
  7.8767E-03 -2.2030E-02 -1.2043E-03
  7.7404E-03 -2.0420E-02 -1.4778E-03
  8.1670E-03 -1.9747E-02 -4.3661E-04
  7.9148E-03 -1.8247E-02 -9.9032E-04
  8.3138E-03 -1.7395E-02 -9.3982E-06
  7.9990E-03 -1.6004E-02 -7.1628E-04
  7.3074E-03 -2.2632E-02 -2.5842E-03
  7.2202E-03 -2.2828E-02 -2.7989E-03
  1.0969E-02 -2.7126E-02 -1.7925E-02
  1.0706E-02 -2.6225E-02 -1.8337E-02
  1.0175E-02 -2.5330E-02 -2.1720E-02
  1.0668E-02 -2.7840E-02 -2.3249E-02
  1.1051E-02 -2.8488E-02 -2.0812E-02
  1.0576E-02 -2.6888E-02 -2.1614E-02
  9.9070E-03 -2.4103E-02 -2.1275E-02
  1.0923E-02 -2.8654E-02 -2.2683E-02
  1.0542E-02 -2.7448E-02 -2.3554E-02
  1.1017E-02 -2.9942E-02 -2.5228E-02
  1.1814E-02 -3.2266E-02 -2.2867E-02
  1.0540E-02 -2.8614E-02 -2.6812E-02
  9.6555E-03 -2.4635E-02 -2.5539E-02
  9.1292E-03 -2.2385E-02 -2.5109E-02
  9.4875E-03 -2.4697E-02 -2.7572E-02
  8.6619E-03 -2.2143E-02 -2.9608E-02
  8.6624E-03 -2.3068E-02 -3.2177E-02
  8.1427E-03 -1.9415E-02 -2.7768E-02
  7.3972E-03 -1.6800E-02 -2.8745E-02
  8.5187E-03 -1.9978E-02 -2.5169E-02
  8.0396E-03 -1.7414E-02 -2.3342E-02
  8.4339E-03 -1.8266E-02 -2.1344E-02
  7.8106E-03 -1.5498E-02 -2.0547E-02
  8.1354E-03 -1.6322E-02 -1.9241E-02
  7.8049E-03 -1.4389E-02 -1.7524E-02
  8.7135E-03 -1.8871E-02 -1.9933E-02
  7.8901E-03 -1.6105E-02 -2.1355E-02
  7.2042E-03 -1.3344E-02 -2.1267E-02
  8.5150E-03 -1.8076E-02 -1.9918E-02
  8.4281E-03 -1.7030E-02 -1.7972E-02
  9.2061E-03 -1.9687E-02 -1.6749E-02
  9.8865E-03 -2.1699E-02 -1.4814E-02
  9.0790E-03 -1.8483E-02 -1.4806E-02
  7.7559E-03 -1.5048E-02 -1.9900E-02
  7.2217E-03 -1.2553E-02 -1.8873E-02
  7.7859E-03 -1.6180E-02 -2.2717E-02
  7.1851E-03 -1.4572E-02 -2.4895E-02
  7.3884E-03 -1.6467E-02 -2.7916E-02
  6.9075E-03 -1.5388E-02 -3.0240E-02
  6.3533E-03 -1.4233E-02 -3.3163E-02
  6.5433E-03 -1.5997E-02 -3.5966E-02
  6.0397E-03 -1.4863E-02 -3.8387E-02
  6.2653E-03 -1.6644E-02 -4.0843E-02
  5.3093E-03 -1.1950E-02 -3.8370E-02
  6.3433E-03 -1.1433E-02 -2.5481E-02
  5.7667E-03 -9.1170E-03 -2.5424E-02
  6.2784E-03 -1.1331E-02 -2.5918E-02
  5.5126E-03 -8.4659E-03 -2.6426E-02
  5.6094E-03 -9.0218E-03 -2.6901E-02
  5.2476E-03 -6.3954E-03 -2.3599E-02
  4.5520E-03 -3.7468E-03 -2.3932E-02
  5.8052E-03 -7.6111E-03 -2.0808E-02
  5.6122E-03 -5.8138E-03 -1.7944E-02
  6.3416E-03 -7.6859E-03 -1.5076E-02
  6.4872E-03 -8.0331E-03 -1.4430E-02
  7.1779E-03 -1.0162E-02 -1.2707E-02
  5.9187E-03 -6.1888E-03 -1.5594E-02
  5.3155E-03 -4.5416E-03 -1.7689E-02
  4.7192E-03 -1.8627E-03 -1.6839E-02
  5.7286E-03 -6.4457E-03 -1.8413E-02
  5.4983E-03 -5.4799E-03 -1.8276E-02
  6.0791E-03 -8.1088E-03 -1.9159E-02
  6.8435E-03 -1.0143E-02 -1.6355E-02
  6.6168E-03 -8.1882E-03 -1.3427E-02
  7.3631E-03 -1.2398E-02 -1.6876E-02
  4.6347E-03 -2.7573E-03 -2.0263E-02
  4.2247E-03 -8.0328E-04 -1.9366E-02
  4.3529E-03 -2.6175E-03 -2.2994E-02
  3.5311E-03 -7.0344E-05 -2.5006E-02
  3.4043E-03 -7.2527E-04 -2.8233E-02
  3.8551E-03 -3.1628E-03 -3.0024E-02
  3.5385E-03 -3.1580E-03 -3.3515E-02
  3.9473E-03 -5.1865E-03 -3.4633E-02
  2.8877E-03 -1.1495E-03 -3.5133E-02
  2.9299E-03  2.8321E-03 -2.3589E-02
  2.2804E-03  5.2927E-03 -2.3934E-02
  2.9010E-03 -5.7787E-04 -2.1816E-02
  1.6716E-03  1.5096E-03 -2.0922E-02
  1.9349E-03  1.0416E-03 -2.1321E-02
  1.6774E-03  1.1547E-03 -2.4353E-02
  2.9350E-03 -9.7879E-04 -2.5250E-02
  3.2344E-03 -1.2782E-03 -2.3390E-02
  4.5652E-03 -3.5154E-03 -2.4136E-02
  1.3916E-03  2.2700E-03 -1.7887E-02
  3.3726E-04  4.0878E-03 -1.6846E-02
  2.3585E-03  8.4274E-04 -1.6459E-02
  2.2107E-03  1.3749E-03 -1.3558E-02
  3.7244E-03 -9.0332E-04 -1.1758E-02
  3.7020E-03 -5.9804E-04 -9.0877E-03
  4.1428E-03 -1.5151E-03 -1.1084E-02
  5.6461E-03 -3.8051E-03 -9.5670E-03
  1.6393E-03  2.3203E-03 -1.3389E-02
  7.0750E-04  3.9937E-03 -1.1806E-02
  2.1616E-03  1.2967E-03 -1.5128E-02
  1.7966E-03  1.8901E-03 -1.5124E-02
  3.1638E-03 -3.8372E-04 -1.5645E-02
  4.4320E-03 -2.2348E-03 -1.3565E-02
  4.0835E-03 -1.3853E-03 -1.0750E-02
  5.8443E-03 -4.6145E-03 -1.4408E-02
  5.2984E-04  3.7475E-03 -1.7119E-02
 -3.5170E-04  5.2571E-03 -1.6351E-02
  4.7274E-04  3.5812E-03 -1.9693E-02
 -6.6057E-04  5.2121E-03 -2.1783E-02
 -2.4130E-04  4.4273E-03 -2.2812E-02
 -7.6272E-04  5.3847E-03 -2.1718E-02
  6.5977E-04  2.7796E-03 -2.4636E-02
