  6.8735E-03 -6.1432E-03  2.3067E-03
  6.1167E-03 -5.4504E-03  2.1821E-03
  7.1063E-03 -4.4613E-03  1.0782E-03
  6.4485E-03 -3.6567E-03  8.3462E-04
  4.4717E-03 -2.6656E-03  1.0562E-03
  4.7983E-03 -9.0479E-04 -2.6692E-04
  6.0218E-03 -6.6445E-03  3.0227E-03
  7.2062E-03 -7.5685E-03  3.1107E-03
  4.5983E-03 -6.6912E-03  3.6906E-03
  4.3465E-03 -7.7867E-03  4.5355E-03
  3.3135E-03 -8.7009E-03  5.6086E-03
  4.1629E-03 -9.8077E-03  5.9686E-03
  3.0266E-03 -1.0348E-02  6.8378E-03
  3.8465E-03 -1.1519E-02  7.2543E-03
  3.2657E-03 -1.2621E-02  8.2507E-03
  4.1390E-03 -1.3638E-02  8.5401E-03
  1.8330E-03 -1.2710E-02  8.9510E-03
  3.5769E-03 -7.0241E-03  4.3700E-03
  2.2677E-03 -6.2253E-03  4.4215E-03
  4.4014E-03 -7.3002E-03  4.1858E-03
  3.8596E-03 -6.5920E-03  3.9547E-03
  4.9470E-03 -5.5802E-03  2.7919E-03
  4.6190E-03 -4.9477E-03  2.5159E-03
  4.7947E-03 -4.4123E-03  2.0794E-03
  6.1833E-03 -3.7380E-03  1.0076E-03
  3.8852E-03 -7.6692E-03  4.6633E-03
  4.9061E-03 -8.7806E-03  4.9497E-03
  2.6684E-03 -7.3897E-03  5.0207E-03
  2.5502E-03 -8.2553E-03  5.6521E-03
  9.0109E-04 -8.6192E-03  6.6330E-03
  7.8519E-04 -9.7789E-03  7.4600E-03
 -7.9600E-04 -1.0091E-02  8.3756E-03
  6.0989E-04 -9.1118E-03  7.0925E-03
  2.7357E-03 -7.1950E-03  4.8604E-03
  1.9433E-03 -5.9490E-03  4.3819E-03
  3.8471E-03 -7.6506E-03  4.6679E-03
  4.1611E-03 -6.7419E-03  3.9201E-03
  5.9413E-03 -6.7998E-03  3.1625E-03
  6.5652E-03 -5.7088E-03  2.1542E-03
  8.3325E-03 -5.9480E-03  1.5237E-03
  5.8050E-03 -4.1904E-03  1.4791E-03
  3.6077E-03 -7.2751E-03  4.5240E-03
  4.2471E-03 -8.4592E-03  5.0295E-03
  2.4050E-03 -6.4172E-03  4.4884E-03
  1.7651E-03 -6.8066E-03  5.0349E-03
 -4.0954E-05 -6.4731E-03  5.6197E-03
 -9.7635E-04 -7.0563E-03  6.4279E-03
 -6.0887E-04 -8.6472E-03  7.3270E-03
 -2.6820E-03 -6.4935E-03  6.8145E-03
  2.2634E-03 -5.9861E-03  4.2635E-03
  2.4954E-03 -4.7793E-03  3.3531E-03
  2.3664E-03 -6.6207E-03  4.6417E-03
  2.8201E-03 -5.9099E-03  3.9636E-03
  2.9869E-03 -6.8417E-03  4.5119E-03
  3.5321E-03 -8.1461E-03  5.1400E-03
  2.5229E-03 -6.1570E-03  4.2617E-03
  2.6088E-03 -6.9034E-03  4.7223E-03
  1.8034E-03 -5.8695E-03  4.3913E-03
  4.2965E-03 -7.5092E-03  4.3724E-03
  5.3540E-03 -7.0356E-03  3.5828E-03
  4.5879E-03 -8.6732E-03  5.0201E-03
  6.2059E-03 -9.2902E-03  4.7089E-03
  6.0447E-03 -1.0638E-02  5.6821E-03
  4.3135E-03 -1.0371E-02  6.2781E-03
  3.5542E-03 -9.6454E-03  6.1324E-03
  6.7546E-03 -8.2039E-03  3.7374E-03
  5.9839E-03 -7.7137E-03  3.7544E-03
  8.0336E-03 -7.7806E-03  2.8824E-03
  8.6451E-03 -6.7608E-03  1.9272E-03
  8.3661E-03 -5.2623E-03  1.0502E-03
  9.1085E-03 -4.3972E-03  1.3996E-04
  8.5150E-03 -5.4466E-03  1.1611E-03
  7.6933E-03 -2.9829E-03 -3.0754E-04
  4.9668E-03 -2.4218E-03  8.4016E-04
  9.7257E-03 -2.4442E-03 -1.9197E-03
  9.5452E-03 -3.3440E-04 -3.4828E-03
  1.1611E-02 -4.3388E-03 -1.5217E-03
  1.3617E-02 -4.0099E-03 -2.9531E-03
  1.2639E-02 -3.0939E-03 -3.1062E-03
  1.3243E-02 -1.3659E-03 -4.8252E-03
  1.1188E-02 -4.2323E-03 -1.3593E-03
  1.0206E-02 -3.4511E-03 -1.4038E-03
  7.9282E-03 -4.4366E-03  7.0495E-04
  8.6015E-03 -7.1461E-03  2.4546E-03
  6.4631E-03 -8.0629E-03  4.4278E-03
  7.5555E-03 -1.0787E-02  5.9442E-03
  7.7200E-03 -1.2403E-02  7.1263E-03
  1.2515E-02 -4.2945E-03 -2.0845E-03
  1.2480E-02 -3.2560E-03 -2.8856E-03
  1.4549E-02 -6.1604E-03 -1.7961E-03
  1.6914E-02 -7.1387E-03 -2.4029E-03
  1.8320E-02 -5.2743E-03 -4.6980E-03
  1.9630E-02 -5.4039E-03 -5.3598E-03
  1.7928E-02 -3.4509E-03 -5.9111E-03
  1.9203E-02 -1.5438E-03 -8.1633E-03
  1.8405E-02  4.0154E-04 -9.2359E-03
  1.8897E-02 -8.4821E-04 -8.5350E-03
  1.5642E-02  1.8641E-03 -8.7799E-03
  1.8633E-02 -2.2410E-04 -8.8744E-03
  2.0289E-02  5.9147E-04 -1.0486E-02
  1.6350E-02 -1.1466E-04 -7.6281E-03
  1.5643E-02  1.1736E-03 -8.2346E-03
  1.2764E-02  2.8569E-03 -7.8854E-03
  1.2371E-02  5.5283E-03 -9.7683E-03
  1.3908E-02  6.8200E-03 -1.1687E-02
  1.5765E-02  7.5305E-03 -1.3332E-02
  1.3359E-02  7.2664E-03 -1.1719E-02
  1.6065E-02 -4.8182E-04 -7.1716E-03
  1.5668E-02  3.7771E-04 -7.6194E-03
  1.7093E-02 -2.8463E-03 -5.9016E-03
  1.7535E-02 -4.6116E-03 -4.7639E-03
  1.8293E-02 -7.1310E-03 -3.2138E-03
  1.9562E-02 -4.4312E-03 -6.0896E-03
  1.8984E-02 -4.3518E-03 -5.8148E-03
  2.1953E-02 -4.4169E-03 -7.4963E-03
  2.3986E-02 -4.2076E-03 -8.8483E-03
  2.6456E-02 -3.9764E-03 -1.0473E-02
  2.8784E-02 -6.3028E-03 -9.9920E-03
  3.1346E-02 -5.8109E-03 -1.1876E-02
  3.2823E-02 -7.2543E-03 -1.1597E-02
  3.1994E-02 -4.1375E-03 -1.3578E-02
  2.2892E-02 -2.0014E-03 -9.9545E-03
  2.3468E-02 -2.0890E-03 -1.0222E-02
  2.1328E-02 -4.7210E-06 -1.0621E-02
  2.0175E-02  2.2273E-03 -1.1713E-02
  1.8585E-02  4.3068E-03 -1.2429E-02
  1.6614E-02  6.4216E-03 -1.2951E-02
  1.3862E-02  6.8948E-03 -1.1719E-02
  1.2015E-02  8.7507E-03 -1.2108E-02
  1.2910E-02  1.0161E-02 -1.3747E-02
  1.5663E-02  9.7221E-03 -1.5006E-02
  1.7491E-02  7.8621E-03 -1.4602E-02
  1.8419E-02  1.7962E-03 -1.0347E-02
  1.8741E-02  2.3188E-03 -1.0948E-02
  1.6604E-02  7.7254E-04 -8.4780E-03
  1.4813E-02  2.5406E-04 -7.0229E-03
  1.2910E-02 -8.1931E-04 -5.0633E-03
  1.1110E-02 -1.5762E-03 -3.4141E-03
  1.1171E-02  1.1144E-03 -5.5777E-03
  9.5992E-03  1.4186E-04 -3.8909E-03
  1.6346E-02 -1.4030E-03 -6.6074E-03
  1.5803E-02 -8.2578E-04 -6.7466E-03
  1.1653E-02 -4.3750E-03 -5.3929E-03
  1.3773E-02 -6.4832E-03 -6.3633E-03
  1.4684E-02 -9.3538E-03 -6.5153E-03
  1.2497E-02 -1.1697E-02 -4.9031E-03
  1.3339E-02 -1.4349E-02 -5.0432E-03
  1.5172E-02 -1.7498E-02 -5.7040E-03
  1.6343E-02 -4.6209E-03 -8.1374E-03
  1.7348E-02 -4.6007E-03 -8.7356E-03
  1.7291E-02 -2.8980E-03 -8.9317E-03
  1.9707E-02 -1.0267E-03 -1.0616E-02
  2.0524E-02  2.6469E-04 -1.1274E-02
  2.3139E-02  2.1613E-03 -1.3079E-02
  2.5158E-02  1.3118E-03 -1.4160E-02
  2.7678E-02  1.8735E-03 -1.5729E-02
  2.4237E-02  7.9421E-05 -1.3448E-02
  1.9319E-02  1.7136E-03 -1.0756E-02
  2.1326E-02  2.6029E-03 -1.2065E-02
  1.6762E-02  3.0461E-03 -9.4218E-03
  1.6325E-02  5.6992E-03 -9.5216E-03
  1.3772E-02  7.8380E-03 -8.2983E-03
  1.3887E-02  1.1350E-02 -8.8411E-03
  1.6426E-02  1.2805E-02 -1.0541E-02
  1.6630E-02  1.6310E-02 -1.1136E-02
  1.7036E-02  1.6666E-02 -1.1424E-02
  1.6012E-02  4.5841E-03 -9.1853E-03
  1.6985E-02  6.0853E-03 -9.9647E-03
  1.4745E-02  1.8727E-03 -8.0683E-03
  1.4231E-02  6.2027E-04 -7.5946E-03
  1.1066E-02  1.8512E-04 -5.6614E-03
  9.3530E-03  3.2464E-03 -5.0603E-03
  8.4884E-03  3.7938E-03 -4.6222E-03
  7.3315E-03  6.8040E-03 -4.3438E-03
  7.0002E-03  9.3258E-03 -4.4883E-03
  6.0537E-03  1.2341E-02 -4.3352E-03
  7.7838E-03  8.8339E-03 -4.8860E-03
  8.9579E-03  5.7924E-03 -5.1704E-03
  1.6001E-02 -2.4467E-03 -8.2286E-03
  1.6064E-02 -3.3484E-03 -8.1443E-03
  1.7457E-02 -4.0191E-03 -8.8784E-03
  1.9126E-02 -6.9085E-03 -9.4769E-03
  1.7313E-02 -9.5453E-03 -8.0465E-03
  1.7808E-02 -1.1076E-02 -8.1329E-03
  1.5296E-02 -1.0179E-02 -6.7664E-03
  1.3294E-02 -1.2626E-02 -5.2496E-03
  1.0294E-02 -1.1106E-02 -3.6785E-03
  1.0442E-02 -8.7486E-03 -4.0847E-03
  8.9334E-03 -9.2527E-03 -3.1228E-03
  6.4981E-03 -7.1036E-03 -1.9707E-03
  1.3120E-02 -1.4514E-02 -4.8918E-03
  1.3702E-02 -1.3307E-02 -5.3993E-03
  1.2446E-02 -1.7563E-02 -4.0806E-03
  1.2539E-02 -1.9506E-02 -3.8729E-03
  1.1836E-02 -2.2793E-02 -3.0121E-03
  1.3122E-02 -2.2910E-02 -3.7584E-03
  1.2216E-02 -1.9603E-02 -3.6682E-03
  9.2827E-03 -1.9616E-02 -1.9292E-03
  7.2309E-03 -1.8821E-02 -8.2148E-04
  9.1046E-03 -2.0756E-02 -1.6697E-03
  6.4406E-03 -2.1032E-02 -5.4533E-05
  6.6804E-03 -2.0294E-02 -2.9624E-04
  4.0384E-03 -2.0752E-02  1.3305E-03
  4.4242E-03 -2.0421E-02  1.0572E-03
  2.7387E-03 -2.2029E-02  2.2729E-03
  6.2022E-03 -1.8739E-02 -2.2324E-04
  5.6592E-03 -2.4483E-02  8.7462E-04
  7.2299E-03 -2.6757E-02  2.5154E-04
  3.2339E-03 -2.4870E-02  2.3634E-03
  2.2268E-03 -2.8020E-02  3.3857E-03
  1.1837E-03 -2.8356E-02  4.0489E-03
 -1.0440E-04 -3.1586E-02  5.2483E-03
  3.5227E-03 -2.7896E-02  2.6014E-03
  2.4056E-03 -2.7340E-02  3.1879E-03
 -2.9569E-04 -2.8154E-02  4.8979E-03
 -2.0099E-03 -2.5847E-02  5.6014E-03
 -4.7756E-04 -3.0793E-02  5.3621E-03
 -2.8832E-03 -3.1202E-02  6.8423E-03
 -2.1853E-03 -3.0664E-02  6.3563E-03
 -1.4074E-03 -3.3609E-02  6.2934E-03
 -3.5132E-03 -3.4684E-02  7.6860E-03
 -1.6079E-03 -3.6698E-02  6.8296E-03
 -8.1905E-03 -4.8107E-02  4.4825E-03
 -5.8587E-03 -4.0187E-02  4.0767E-03
  4.1757E-03 -3.8068E-02  7.0553E-03
  7.3495E-03 -3.7190E-02  7.9668E-03
  8.6378E-03 -4.5175E-02  9.5697E-03
 -9.7168E-03 -4.0210E-02  2.8145E-03
 -1.1924E-02 -3.3191E-02  1.0529E-03
 -1.0976E-02 -4.8114E-02  3.5697E-03
 -1.4635E-02 -4.8524E-02  2.4300E-03
 -2.3880E-02 -4.5819E-02 -1.0027E-03
 -2.6677E-02 -4.1003E-02 -2.6323E-03
 -2.8563E-02 -4.8633E-02 -2.1229E-03
 -3.7629E-02 -4.6584E-02 -5.4001E-03
 -4.1887E-02 -5.2001E-02 -5.9964E-03
 -4.3884E-02 -6.1936E-02 -5.1830E-03
 -4.4676E-02 -6.7485E-02 -4.6226E-03
 -4.4794E-02 -6.4238E-02 -5.1411E-03
 -3.8453E-02 -3.6806E-02 -7.1158E-03
 -4.3901E-02 -3.2432E-02 -9.5497E-03
 -3.3041E-02 -3.3543E-02 -5.8228E-03
 -3.2742E-02 -2.4297E-02 -7.0912E-03
 -2.5801E-02 -2.3282E-02 -4.9643E-03
 -2.6334E-02 -1.5385E-02 -6.3065E-03
 -1.8422E-02 -1.7233E-02 -3.4377E-03
 -9.1822E-03 -1.4863E-02 -7.5685E-04
 -3.0797E-02 -1.7710E-02 -7.4268E-03
 -3.4824E-02 -1.0889E-02 -9.7563E-03
 -2.4390E-02 -1.9630E-02 -5.0412E-03
 -2.1928E-02 -1.4029E-02 -5.0613E-03
 -1.4820E-02 -1.8251E-02 -2.1055E-03
 -5.5979E-03 -1.4866E-02  4.1952E-04
 -4.5794E-03 -5.0704E-03 -6.9434E-04
  3.9397E-04 -2.0255E-02  3.1817E-03
 -2.9672E-02 -1.3384E-02 -7.6971E-03
 -3.2728E-02 -6.1172E-03 -9.7740E-03
 -3.2924E-02 -2.1138E-02 -7.6178E-03
 -4.0479E-02 -2.1783E-02 -1.0001E-02
 -4.2603E-02 -3.1693E-02 -9.2332E-03
 -3.5503E-02 -3.5894E-02 -6.2829E-03
 -3.8243E-02 -4.5137E-02 -5.8154E-03
 -3.7730E-02 -5.2510E-02 -4.5573E-03
 -3.0607E-02 -5.6907E-02 -1.5707E-03
 -3.0778E-02 -6.3501E-02 -6.5206E-04
 -2.3285E-02 -5.4800E-02  5.1990E-04
 -4.8441E-02 -1.7259E-02 -1.3282E-02
 -5.4440E-02 -1.5383E-02 -1.5527E-02
 -4.8317E-02 -1.5196E-02 -1.3546E-02
 -5.5455E-02 -1.0870E-02 -1.6527E-02
 -5.7258E-02 -1.5256E-02 -1.6470E-02
 -5.3913E-02 -6.6576E-04 -1.7530E-02
 -5.9963E-02  4.1750E-03 -2.0230E-02
 -4.5800E-02  2.5631E-03 -1.5346E-02
 -4.3581E-02  1.2138E-02 -1.6033E-02
 -3.4081E-02  1.3491E-02 -1.3116E-02
 -4.5496E-02  1.6921E-02 -1.7368E-02
 -4.8910E-02  2.4249E-02 -1.9571E-02
 -4.3170E-02  1.2638E-02 -1.5972E-02
 -4.4459E-02  1.6036E-02 -1.6897E-02
 -4.1588E-02  9.0905E-03 -1.4928E-02
 -3.1916E-02  9.4357E-03 -1.1807E-02
 -4.5347E-02  1.0613E-02 -1.6387E-02
 -5.3933E-02  1.7971E-02 -2.0291E-02
 -5.6196E-02  2.5689E-02 -2.2174E-02
 -5.9371E-02  1.0873E-02 -2.1026E-02
 -6.8740E-02  1.1287E-02 -2.4161E-02
 -7.2990E-02  2.5926E-03 -2.4270E-02
 -8.2515E-02  2.8235E-03 -2.7428E-02
 -8.5353E-02 -5.4117E-03 -2.7142E-02
 -8.0855E-02 -5.4244E-03 -2.5665E-02
 -8.2861E-02 -1.3632E-02 -2.5110E-02
 -7.1953E-02  1.9284E-02 -2.6397E-02
 -7.5379E-02  2.5392E-02 -2.8423E-02
 -8.0201E-02  1.6800E-02 -1.7155E-02
 -8.3888E-02  2.3422E-02 -1.8012E-02
 -8.5819E-02  1.9005E-02 -1.8158E-02
 -9.4295E-02  1.4348E-02 -1.9365E-02
 -7.7131E-02  3.1200E-02 -1.7206E-02
 -7.2399E-02  3.1907E-02 -1.6459E-02
 -7.6732E-02  3.6906E-02 -1.7359E-02
 -7.0677E-02  4.4772E-02 -1.6671E-02
 -6.9711E-02  5.0105E-02 -1.6718E-02
 -7.3988E-02  5.7150E-02 -1.7687E-02
 -6.4252E-02  4.6360E-02 -1.5682E-02
 -6.2225E-02  5.0491E-02 -1.5509E-02
 -6.2212E-02  4.3024E-02 -1.5220E-02
 -5.8547E-02  3.4705E-02 -1.4302E-02
 -5.2734E-02  5.4419E-02 -1.4108E-02
 -4.8434E-02  5.2245E-02 -1.3322E-02
 -4.9449E-02  6.0169E-02 -1.3792E-02
 -4.0453E-02  6.4216E-02 -1.2476E-02
 -3.7935E-02  6.9690E-02 -1.2275E-02
 -2.7938E-02  7.2575E-02 -1.0751E-02
 -2.4971E-02  7.9733E-02 -1.0541E-02
 -1.6666E-02  8.1553E-02 -9.2530E-03
 -3.0834E-02  8.3577E-02 -1.1646E-02
 -3.3145E-02  5.7096E-02 -1.1009E-02
 -2.8596E-02  5.7861E-02 -1.0294E-02
 -3.2208E-02  5.0054E-02 -1.0586E-02
 -2.5444E-02  4.2992E-02 -9.2091E-03
 -2.4940E-02  3.6486E-02 -8.8773E-03
 -2.0162E-02  4.0032E-02 -8.2322E-03
 -2.3689E-02  4.9474E-02 -9.1708E-03
 -1.0053E-02  4.0437E-02 -6.5954E-03
 -2.7272E-02  3.7543E-02 -9.2989E-03
 -2.0919E-02  3.5306E-02 -8.1747E-03
 -3.5963E-02  3.5670E-02 -1.0648E-02
 -3.8691E-02  3.0484E-02 -1.0895E-02
 -3.5916E-02  3.5035E-02 -1.0616E-02
 -3.3502E-02  3.0548E-02 -1.0049E-02
 -3.6393E-02  4.4106E-02 -1.1042E-02
 -3.3798E-02  4.9608E-02 -1.0828E-02
 -3.6582E-02  5.9597E-02 -1.1666E-02
 -4.6451E-02  6.1030E-02 -1.3334E-02
 -5.3092E-02  6.2144E-02 -1.4463E-02
 -5.4464E-02  5.3390E-02 -1.4351E-02
 -6.0344E-02  5.5256E-02 -1.5384E-02
 -2.3521E-02  4.8971E-02 -9.1241E-03
 -2.0014E-02  4.7620E-02 -8.4989E-03
 -1.8745E-02  4.9748E-02 -8.3731E-03
 -8.8290E-03  4.9174E-02 -6.7303E-03
 -5.2154E-03  4.9943E-02 -6.1691E-03
 -4.6554E-03  5.9682E-02 -6.4510E-03
 -2.3002E-03  6.0307E-02 -6.0900E-03
 -9.0896E-03  6.2155E-02 -7.2706E-03
  5.5315E-03  5.9335E-02 -4.7725E-03
 -5.8904E-03  4.0104E-02 -5.9021E-03
  1.7136E-04  3.9836E-02 -4.9010E-03
 -1.0539E-02  3.2766E-02 -6.3807E-03
 -8.5723E-03  2.3461E-02 -5.7023E-03
 -1.2751E-02  1.6504E-02 -6.1187E-03
 -1.1542E-02  2.1366E-02 -6.1074E-03
 -7.5168E-03  1.5492E-02 -5.2242E-03
 -1.8751E-02  2.5854E-02 -7.4578E-03
 -2.2045E-02  2.4479E-02 -7.9435E-03
 -3.1027E-02  2.9301E-02 -9.5967E-03
 -3.4256E-02  2.8813E-02 -1.0106E-02
 -4.3374E-02  3.3369E-02 -1.1771E-02
 -4.5614E-02  3.5497E-02 -1.2219E-02
 -4.1167E-02  4.4169E-02 -1.1824E-02
 -1.5088E-02  2.7983E-02 -6.9407E-03
 -1.3270E-02  2.3472E-02 -6.4707E-03
 -1.0207E-02  3.6370E-02  1.3674E-04
 -1.1760E-03  4.0920E-02  2.5942E-03
  2.3659E-04  5.1182E-02  5.4415E-03
 -7.0858E-03  5.9018E-02  6.4212E-03
 -1.3341E-02  6.3018E-02  6.5634E-03
 -6.5139E-03  6.1222E-02  7.0708E-03
  8.2612E-03  3.4537E-02  2.2897E-03
  1.4430E-02  3.2974E-02  2.7638E-03
  9.4554E-03  3.1015E-02  1.5512E-03
  1.8185E-02  2.4705E-02  1.1651E-03
  1.7610E-02  2.1633E-02  2.9120E-04
  2.4201E-02  1.2411E-02 -1.1500E-03
  2.0719E-02  3.0287E-02  2.9649E-03
  1.9775E-02  2.8326E-02  2.3249E-03
  1.9279E-02  1.5651E-02 -1.0141E-03
  2.7353E-02  1.3667E-02 -3.7796E-04
  1.1129E-02  1.0264E-02 -3.5622E-03
  1.0948E-02  1.5098E-03 -5.8456E-03
  3.9948E-04 -2.3994E-03 -8.3535E-03
 -3.1263E-03 -7.7578E-03 -1.0237E-02
 -1.5453E-02 -1.1835E-02 -1.3041E-02
 -1.2178E-02 -2.0079E-02 -1.4701E-02
  1.3447E-02  4.2046E-03 -4.7953E-03
  1.9539E-02 -9.0886E-04 -5.2478E-03
  8.0627E-03  1.1855E-02 -3.5878E-03
  9.2834E-03  1.5626E-02 -2.4417E-03
  2.0151E-03  2.4538E-02 -1.1770E-03
 -8.8764E-03  2.1609E-02 -3.4808E-03
 -1.4880E-02  2.7815E-02 -2.7339E-03
 -1.1436E-02  1.3208E-02 -6.0113E-03
  2.0055E-02  1.8610E-02 -1.4075E-04
  2.3575E-02  1.7619E-02  1.0396E-04
  2.5159E-02  2.2458E-02  1.5773E-03
  3.5620E-02  2.5513E-02  3.8525E-03
  3.7791E-02  3.3561E-02  6.2366E-03
  4.2996E-02  1.6744E-02  2.6396E-03
  5.2245E-02  1.7874E-02  4.2462E-03
  3.8807E-02  8.0683E-03 -1.9326E-04
  4.4851E-02 -9.4669E-04 -1.6588E-03
  5.0472E-02 -6.2657E-04 -7.7708E-04
  5.8684E-02 -5.0841E-03 -7.5915E-04
  4.6287E-02  5.1378E-03  1.1441E-04
  5.0711E-02  6.2530E-03  1.0311E-03
  4.9529E-02  1.6922E-02  3.6144E-03
  5.6989E-02  2.4063E-02  6.5167E-03
  5.4878E-02  3.4716E-02  8.9637E-03
  4.4121E-02  3.8628E-02  8.4431E-03
  4.1383E-02  4.8792E-02  1.0675E-02
  4.5461E-02 -7.2327E-04 -1.5145E-03
  3.6852E-02 -3.6099E-03 -3.4829E-03
  5.0718E-02 -3.4423E-03 -1.4682E-03
  4.6733E-02 -1.0310E-02 -3.8059E-03
  5.5533E-02 -1.6667E-02 -4.1941E-03
  5.3764E-02 -2.6657E-02 -7.0221E-03
  6.3947E-02 -3.2099E-02 -6.9777E-03
  4.5903E-02 -3.2594E-02 -9.6706E-03
  4.0911E-02 -4.6361E-03 -3.1706E-03
  4.3724E-02  3.4134E-03 -6.9458E-04
  3.2388E-02 -8.6340E-03 -5.4133E-03
  2.5799E-02 -4.2487E-03 -5.2192E-03
  1.5434E-02 -9.2698E-03 -7.9878E-03
  1.0456E-02 -8.8381E-03 -8.5841E-03
  8.5741E-03 -4.4138E-03 -7.7107E-03
  3.0607E-02 -5.3774E-03 -4.8267E-03
  3.3442E-02 -1.3548E-02 -6.5308E-03
  3.1229E-02  2.7718E-03 -2.6367E-03
  3.5720E-02  2.3958E-03 -2.0951E-03
  3.9058E-02  1.2586E-02  1.0073E-03
  4.7744E-02  1.5277E-02  2.9363E-03
  3.0820E-02  1.9629E-02  1.6525E-03
  2.8728E-02 -1.8479E-03 -4.1836E-03
  1.9432E-02 -1.3162E-03 -5.3681E-03
  1.5477E-02 -7.0203E-03 -1.1530E-03
  1.5324E-02 -9.3155E-03 -2.6627E-04
  1.9197E-02 -1.0760E-02 -1.5000E-04
  2.0803E-02 -1.3239E-02  6.1107E-04
  2.4171E-02 -1.4103E-02  5.6373E-04
  1.8713E-02 -1.4332E-02  1.2579E-03
  1.3898E-02 -7.3052E-03 -8.6944E-04
  1.1794E-02 -8.5665E-03 -1.5725E-04
  1.5136E-02 -4.1285E-03 -2.2111E-03
  1.4224E-02 -1.8110E-03 -2.9879E-03
  1.6271E-02  1.5578E-03 -4.4924E-03
  2.0574E-02  1.0340E-03 -4.7728E-03
  2.2264E-02 -5.6901E-04 -4.3533E-03
  2.4713E-02 -2.9756E-03 -3.7138E-03
  2.1206E-02  6.3097E-04 -4.6903E-03
  1.0107E-02 -1.1107E-03 -2.7952E-03
  8.6554E-03 -1.2646E-03 -2.5752E-03
  8.2307E-03 -4.3998E-04 -2.8405E-03
  4.2321E-03  2.6380E-04 -2.6622E-03
  3.0195E-03  1.9371E-03 -3.1614E-03
 -3.1592E-04  4.4917E-03 -3.7584E-03
 -3.8997E-03  2.6403E-03 -2.6579E-03
 -3.6524E-04  6.3912E-03 -4.4728E-03
  2.3194E-03 -3.1511E-03 -1.1552E-03
 -5.1772E-04 -3.2235E-03 -8.1199E-04
  3.9137E-03 -6.0000E-03 -2.5291E-04
  2.3084E-03 -9.3530E-03  1.1965E-03
  4.2590E-03 -1.2279E-02  2.0882E-03
  4.6380E-03 -1.1272E-02  1.6645E-03
  2.0484E-03 -1.5569E-02  3.5810E-03
  2.4082E-03 -1.0375E-02  1.5726E-03
 -3.5745E-04 -1.1511E-02  2.3110E-03
  5.5347E-03 -1.0022E-02  1.0910E-03
  5.7573E-03 -1.0992E-02  1.4337E-03
  9.8039E-03 -1.1030E-02  9.9804E-04
  9.8147E-03 -9.9793E-03  5.9849E-04
  1.1512E-02 -1.4748E-02  2.2167E-03
  1.2057E-02 -1.6282E-02  2.7375E-03
  3.0937E-03 -8.7542E-03  8.8215E-04
  1.5774E-03 -9.9825E-03  1.5164E-03
  2.4595E-03 -5.5055E-03 -2.7848E-04
 -7.6423E-05 -2.9979E-03 -9.4662E-04
  3.3747E-04  5.4372E-04 -2.3349E-03
 -4.1218E-03 -4.1109E-03 -7.4590E-05
 -6.3015E-03 -3.6931E-03  9.6231E-06
 -5.1088E-03 -5.5287E-03  5.7257E-04
 -8.8377E-03 -6.7385E-03  1.4461E-03
 -9.5603E-03 -7.5655E-03  1.8399E-03
 -9.3168E-03 -4.8093E-03  7.6824E-04
 -1.1609E-02 -1.4990E-03 -2.3128E-04
 -1.0727E-02 -6.4759E-03  1.5567E-03
 -9.4183E-03 -9.9959E-03  2.7452E-03
 -1.2485E-02 -1.0565E-02  3.3020E-03
 -6.4853E-03 -1.2147E-02  3.2338E-03
 -6.7074E-03 -1.5413E-02  4.4967E-03
 -3.1850E-03 -1.7969E-02  5.0731E-03
 -2.7035E-03 -1.9139E-02  5.4629E-03
 -3.4240E-03 -2.1169E-02  6.3126E-03
 -7.1068E-03 -1.4583E-02  4.2264E-03
 -9.0385E-03 -1.6357E-02  5.1137E-03
 -5.2972E-03 -1.1888E-02  3.0037E-03
 -5.5425E-03 -1.0919E-02  2.6637E-03
 -2.5018E-03 -8.4279E-03  1.3812E-03
 -1.2811E-03 -8.5691E-03  1.2989E-03
  2.5352E-03 -7.0480E-03  2.9767E-04
  2.7330E-03 -3.3474E-03 -1.1268E-03
  6.5747E-03 -1.9126E-03 -2.0981E-03
 -9.4043E-03 -9.3024E-03  2.4808E-03
 -1.1099E-02 -1.0027E-02  2.9439E-03
 -1.0795E-02 -7.1852E-03  1.8332E-03
 -1.4474E-02 -5.5470E-03  1.6218E-03
 -1.5114E-02 -3.1991E-03  8.0314E-04
 -1.9080E-02 -1.7407E-03  6.9180E-04
 -1.9615E-02  4.7938E-04 -9.0001E-05
 -2.2129E-02 -2.3807E-04  4.6159E-04
 -1.7548E-02  2.9773E-03 -1.2668E-03
 -1.7266E-02 -8.4722E-03  3.0411E-03
 -1.9410E-02 -8.8653E-03  3.4286E-03
 -3.2199E-03 -1.6436E-02 -2.1202E-03
 -3.1937E-03 -1.6194E-02 -1.6457E-03
 -4.1907E-03 -1.6306E-02 -5.0701E-04
 -4.2232E-03 -1.6067E-02  4.1744E-05
 -4.5449E-03 -1.6696E-02 -8.4052E-04
 -4.4831E-03 -1.6441E-02 -3.8810E-04
 -3.5086E-03 -1.5830E-02 -4.4413E-04
 -3.5421E-03 -1.5640E-02  3.0771E-06
 -2.5012E-03 -1.5419E-02 -9.6667E-04
 -2.0889E-03 -1.5307E-02 -1.2997E-03
 -1.5518E-03 -1.5185E-02 -1.7829E-03
 -1.7416E-03 -1.4682E-02 -4.6094E-04
 -7.1232E-04 -1.3811E-02 -4.5833E-05
 -6.1022E-04 -1.3185E-02  1.1335E-03
 -1.7306E-03 -1.3442E-02  2.1370E-03
 -3.4205E-04 -1.3148E-02  8.4248E-04
 -2.7468E-04 -1.2574E-02  1.9587E-03
  3.8450E-04 -1.3572E-02 -1.0527E-03
  1.3265E-03 -1.2845E-02 -8.2006E-04
  2.5371E-04 -1.4181E-02 -2.1572E-03
  1.2186E-03 -1.4065E-02 -3.2431E-03
  1.0008E-03 -1.4615E-02 -4.1025E-03
  1.3628E-03 -1.4296E-02 -3.9287E-03
  2.2147E-03 -1.4147E-02 -4.7899E-03
  5.0800E-04 -1.4690E-02 -3.5800E-03
  5.7506E-04 -1.4905E-02 -4.1257E-03
 -5.8248E-04 -1.5492E-02 -3.7681E-03
 -1.4659E-03 -1.6332E-02 -4.3200E-03
 -2.6521E-03 -1.6964E-02 -4.0171E-03
 -2.7251E-03 -1.6773E-02 -3.5136E-03
 -3.4955E-03 -1.7622E-02 -4.2411E-03
  1.5270E-03 -1.4074E-02 -3.6872E-03
  1.7652E-03 -1.3444E-02 -2.6890E-03
  2.0963E-03 -1.4073E-02 -4.4705E-03
  3.0805E-03 -1.3322E-02 -4.2444E-03
  3.6889E-03 -1.3497E-02 -5.4526E-03
  4.0756E-03 -1.3778E-02 -6.5791E-03
  3.5016E-03 -1.4666E-02 -7.6582E-03
  4.1428E-03 -1.4740E-02 -8.6983E-03
  2.4187E-03 -1.5287E-02 -7.4747E-03
  2.8360E-03 -1.2955E-02 -3.1346E-03
  3.6264E-03 -1.2208E-02 -2.6500E-03
  1.7396E-03 -1.3481E-02 -2.7309E-03
  1.3793E-03 -1.3206E-02 -1.6539E-03
  2.0754E-04 -1.3958E-02 -1.6229E-03
 -8.1290E-04 -1.4487E-02 -1.3304E-03
 -1.7917E-03 -1.4948E-02 -9.5263E-04
 -6.6461E-04 -1.4460E-02 -1.4786E-03
  1.3979E-03 -1.2613E-02 -4.3069E-04
  1.3621E-03 -1.2176E-02  5.3978E-04
  1.5006E-03 -1.2581E-02 -5.0376E-04
  1.5754E-03 -1.2023E-02  5.6819E-04
  8.4533E-04 -1.2471E-02  6.3230E-04
 -6.4621E-04 -1.3359E-02  8.1707E-04
  2.8237E-03 -1.1272E-02  4.3023E-04
  3.0723E-03 -1.0868E-02  9.4033E-04
  3.6143E-03 -1.1095E-02 -2.8748E-04
  4.8397E-03 -1.0395E-02 -5.0009E-04
  5.5113E-03 -1.0473E-02 -1.5926E-03
  6.8094E-03 -9.8051E-03 -1.9741E-03
  7.3721E-03 -1.0009E-02 -3.1799E-03
  7.6794E-03 -1.0329E-02 -4.2783E-03
  6.9288E-03 -1.1106E-02 -4.8819E-03
  7.3022E-03 -1.1329E-02 -5.8663E-03
  5.8104E-03 -1.1663E-02 -4.5127E-03
  5.2846E-03 -9.5446E-03  6.7811E-04
  6.1702E-03 -8.9103E-03  7.9376E-04
  4.6511E-03 -9.5380E-03  1.5657E-03
  4.9922E-03 -8.7581E-03  2.7394E-03
  4.8221E-03 -8.7053E-03  3.0852E-03
  5.5932E-03 -8.6452E-03  2.1484E-03
  5.0679E-03 -9.2999E-03  1.4927E-03
  6.6451E-03 -8.0116E-03  2.0333E-03
  4.3236E-03 -8.6806E-03  3.8247E-03
  4.5771E-03 -8.0324E-03  4.8417E-03
  3.4531E-03 -9.3551E-03  3.6035E-03
  2.7474E-03 -9.3697E-03  4.5461E-03
  1.5170E-03 -1.0172E-02  4.5511E-03
  1.2673E-03 -1.0774E-02  3.6265E-03
  5.7778E-03 -1.4662E-02  1.6928E-03
  6.1192E-03 -1.5704E-02  1.8958E-03
  6.0555E-03 -1.6693E-02  2.6496E-03
  5.2313E-03 -1.6393E-02  3.6429E-03
  5.0500E-03 -1.6193E-02  3.7712E-03
  4.3130E-03 -1.5973E-02  4.6909E-03
  3.7376E-03 -1.5943E-02  5.5041E-03
  3.9058E-03 -1.6138E-02  5.3910E-03
  4.6506E-03 -1.6361E-02  4.4617E-03
  5.7395E-03 -1.5513E-02  2.3177E-03
  5.1000E-03 -1.4669E-02  2.6790E-03
  6.1517E-03 -1.6280E-02  2.2342E-03
  5.8701E-03 -1.6230E-02  2.6086E-03
  6.4558E-03 -1.6189E-02  1.7328E-03
  6.3150E-03 -1.6220E-02  1.9575E-03
  6.9987E-03 -1.6186E-02  9.4508E-04
  5.5468E-03 -1.5202E-02  2.3888E-03
  5.7934E-03 -1.7317E-02  3.4472E-03
  6.3747E-03 -1.8252E-02  3.2311E-03
  5.0616E-03 -1.7177E-02  4.4129E-03
  4.8572E-03 -1.8109E-02  5.3324E-03
  4.1084E-03 -1.7836E-02  6.2340E-03
  3.8393E-03 -1.8750E-02  7.2351E-03
  3.1696E-03 -1.8257E-02  7.8748E-03
  4.5080E-03 -1.9873E-02  7.0180E-03
  4.7450E-03 -1.8158E-02  5.5276E-03
  4.2252E-03 -1.7357E-02  5.7440E-03
  5.2605E-03 -1.9105E-02  5.4148E-03
  5.2730E-03 -1.9269E-02  5.5062E-03
  6.1498E-03 -1.9878E-02  4.6447E-03
  6.2853E-03 -2.0316E-02  4.7410E-03
  6.5726E-03 -2.1375E-02  5.0342E-03
  6.1398E-03 -1.9618E-02  4.4850E-03
  4.8369E-03 -1.9957E-02  6.5983E-03
  5.0942E-03 -2.0965E-02  6.8999E-03
  4.1669E-03 -1.9405E-02  7.1991E-03
  3.7209E-03 -2.0002E-02  8.2441E-03
  3.3110E-03 -2.0426E-02  9.1214E-03
  3.2446E-03 -2.1317E-02  9.8141E-03
  3.0777E-03 -1.9843E-02  9.0690E-03
  2.6607E-03 -2.0148E-02  9.8769E-03
  3.2097E-03 -2.1053E-02  9.6875E-03
  2.7702E-03 -2.1399E-02  1.0556E-02
  2.5411E-03 -2.0831E-02  1.0507E-02
  2.0641E-03 -2.1065E-02  1.1355E-02
  1.8164E-03 -2.1862E-02  1.2246E-02
  2.0410E-03 -2.2442E-02  1.2309E-02
  2.5174E-03 -2.2214E-02  1.1467E-02
  2.1789E-03 -1.9055E-02  9.8434E-03
  2.4921E-03 -1.8496E-02  9.0157E-03
  1.4249E-03 -1.8784E-02  1.0754E-02
  9.3699E-04 -1.7766E-02  1.0779E-02
  1.2938E-04 -1.7541E-02  1.1798E-02
  1.9293E-04 -1.8685E-02  1.2472E-02
  9.7267E-04 -1.9404E-02  1.1824E-02
  8.2852E-04 -1.9584E-02  1.2153E-02
  9.0398E-04 -1.8999E-02  1.1652E-02
  6.4324E-04 -2.0431E-02  1.2988E-02
  4.4874E-04 -2.0669E-02  1.3429E-02
  9.5002E-04 -2.1923E-02  1.3542E-02
  1.7777E-03 -2.2202E-02  1.2530E-02
  2.2606E-03 -2.3463E-02  1.2675E-02
  2.9366E-03 -2.3868E-02  1.1967E-02
  3.0374E-03 -2.4542E-02  1.2272E-02
  3.6736E-03 -2.4860E-02  1.1563E-02
  2.5170E-03 -2.4929E-02  1.3284E-02
 -4.2609E-04 -2.0386E-02  1.4506E-02
 -7.0755E-04 -2.0415E-02  1.4933E-02
 -8.6072E-04 -2.0102E-02  1.4945E-02
 -1.6892E-03 -1.9845E-02  1.5973E-02
 -1.7643E-03 -2.0937E-02  1.6812E-02
 -1.2655E-03 -2.1910E-02  1.6741E-02
 -1.4991E-03 -2.1285E-02  1.6661E-02
 -2.1409E-03 -1.8970E-02  1.6041E-02
 -1.7755E-03 -1.8832E-02  1.5420E-02
 -2.9291E-03 -1.8397E-02  1.6799E-02
 -3.4474E-03 -1.7547E-02  1.6981E-02
 -4.3372E-03 -1.6971E-02  1.7884E-02
 -4.8690E-03 -1.6358E-02  1.8244E-02
 -4.4875E-03 -1.6119E-02  1.7532E-02
 -5.2772E-03 -1.5716E-02  1.8405E-02
 -3.3537E-03 -1.8128E-02  1.7234E-02
 -3.3966E-03 -1.7595E-02  1.6939E-02
  1.2106E-03 -1.8011E-02  1.2630E-02
  1.4901E-03 -1.8619E-02  1.3191E-02
  1.3849E-03 -1.9372E-02  1.4587E-02
  1.8784E-03 -1.9683E-02  1.4331E-02
  1.2613E-03 -1.8577E-02  1.3478E-02
  1.9510E-03 -1.8707E-02  1.2619E-02
  1.6450E-03 -1.8597E-02  1.2914E-02
  2.8927E-03 -1.8966E-02  1.1583E-02
  3.6063E-03 -1.9078E-02  1.0657E-02
  4.7345E-03 -1.9613E-02  9.7839E-03
  5.5515E-03 -2.0838E-02  1.0521E-02
  6.5576E-03 -2.1369E-02  9.8278E-03
  6.5283E-03 -2.0698E-02  8.7752E-03
  7.3343E-03 -2.2375E-02  1.0270E-02
  3.0244E-03 -1.7972E-02  9.7501E-03
  3.0782E-03 -1.7875E-02  9.5088E-03
  2.4392E-03 -1.7130E-02  9.2799E-03
  1.8364E-03 -1.6026E-02  8.4079E-03
  1.4303E-03 -1.5298E-02  7.8469E-03
  8.2546E-04 -1.5521E-02  9.1508E-03
  5.9070E-04 -1.4971E-02  8.6144E-03
  2.1337E-04 -1.5698E-02  1.0390E-02
 -7.7997E-04 -1.5247E-02  1.1194E-02
 -1.4180E-03 -1.5429E-02  1.2481E-02
 -2.6779E-03 -1.4537E-02  1.2978E-02
 -3.0884E-03 -1.4743E-02  1.3951E-02
 -3.2486E-03 -1.3619E-02  1.2360E-02
 -4.4977E-04 -1.5749E-02  1.1503E-02
 -1.0537E-03 -1.5174E-02  1.1500E-02
  5.2108E-04 -1.6814E-02  1.1741E-02
  9.5207E-04 -1.7403E-02  1.2035E-02
  1.9557E-03 -1.8625E-02  1.2479E-02
  1.2894E-03 -1.6982E-02  1.0822E-02
  1.1092E-03 -1.6898E-02  1.0965E-02
  1.7865E-03 -1.6721E-02  9.6236E-03
  2.0923E-03 -1.6278E-02  8.4241E-03
  2.6580E-03 -1.6040E-02  7.1569E-03
  3.9173E-03 -1.7033E-02  6.8274E-03
  4.4184E-03 -1.6695E-02  5.4958E-03
  4.7105E-03 -1.6120E-02  4.1014E-03
  1.0196E-03 -1.5216E-02  8.3507E-03
  1.0247E-03 -1.4988E-02  7.9686E-03
  9.6534E-05 -1.4557E-02  8.7032E-03
 -9.6160E-04 -1.3503E-02  8.6200E-03
 -1.8698E-03 -1.2794E-02  8.8701E-03
 -2.9250E-03 -1.1624E-02  8.5910E-03
 -3.6897E-03 -1.0790E-02  8.4128E-03
 -4.4286E-03 -1.0894E-02  9.7294E-03
 -5.3958E-03 -9.8587E-03  9.5364E-03
 -1.4299E-03 -1.3666E-02  9.6137E-03
 -1.8142E-03 -1.3093E-02  9.2730E-03
 -1.3776E-03 -1.4459E-02  1.0831E-02
 -1.7986E-03 -1.4733E-02  1.1934E-02
 -1.7784E-03 -1.5550E-02  1.3240E-02
 -2.5124E-03 -1.5131E-02  1.3693E-02
 -3.7782E-03 -1.4352E-02  1.4383E-02
 -4.4604E-03 -1.3351E-02  1.3802E-02
 -4.0889E-03 -1.4751E-02  1.5517E-02
 -1.1398E-03 -1.5182E-02  1.1645E-02
 -1.6140E-03 -1.5034E-02  1.2139E-02
 -3.9090E-05 -1.5756E-02  1.0877E-02
  6.6576E-04 -1.6189E-02  1.0492E-02
  1.9215E-03 -1.7188E-02  1.0178E-02
  5.0988E-04 -1.5306E-02  9.2891E-03
  1.0599E-03 -1.5544E-02  8.8240E-03
 -2.1848E-04 -1.4303E-02  8.7774E-03
 -4.5614E-04 -1.3387E-02  7.6469E-03
  3.6371E-04 -1.3317E-02  6.2597E-03
  3.3488E-04 -1.2676E-02  5.2539E-03
 -1.4051E-03 -1.6952E-02  1.0788E-02
 -1.8020E-04 -1.6042E-02  9.8690E-03
  5.1355E-04 -1.6890E-02  1.0053E-02
  1.7994E-03 -1.5963E-02  9.1031E-03
  1.3835E-03 -1.8626E-02  1.0633E-02
  1.8798E-03 -1.9646E-02  1.0978E-02
 -1.0182E-03 -1.4299E-02  9.2742E-03
 -1.7573E-03 -1.3981E-02  9.3804E-03
 -9.5843E-04 -1.3175E-02  8.6713E-03
 -1.7349E-03 -1.1502E-02  8.0905E-03
 -2.3471E-03 -1.0644E-02  7.8711E-03
 -8.8222E-04 -1.0535E-02  7.2784E-03
 -5.8431E-04 -9.0424E-03  6.3975E-03
  9.7571E-06 -1.1787E-02  7.5989E-03
 -4.0931E-04 -1.0620E-02  7.1492E-03
  1.1147E-03 -1.1236E-02  6.9098E-03
 -9.9678E-04 -9.2088E-03  6.6346E-03
  1.4978E-04 -8.2258E-03  5.7065E-03
  1.9136E-04 -8.3816E-03  5.7719E-03
 -1.5579E-03 -7.8610E-03  6.1431E-03
  9.0030E-04 -1.0091E-02  6.3963E-03
 -4.1520E-04 -6.4643E-03  5.0026E-03
 -1.9183E-03 -5.8702E-03  5.2456E-03
  7.9545E-04 -5.6030E-03  4.1140E-03
  3.1205E-04 -3.9099E-03  3.4156E-03
  1.8190E-03 -3.2841E-03  2.5404E-03
  2.4291E-03 -4.2320E-03  2.8071E-03
  3.8005E-03 -5.2085E-03  2.8100E-03
  1.4996E-03 -4.0287E-03  3.0422E-03
 -2.2464E-04 -2.8696E-03  3.0741E-03
 -1.3350E-03 -1.6711E-03  2.8609E-03
  6.4756E-04 -3.2460E-03  2.9494E-03
  2.7538E-04 -2.2715E-03  2.5818E-03
  1.6037E-03 -1.1776E-03  1.5299E-03
  1.6457E-03  3.8997E-05  8.8551E-04
  6.4850E-04  1.5794E-03  4.5411E-04
  7.0765E-04  2.7275E-03 -1.6119E-04
  1.7844E-03  2.3003E-03 -3.3448E-04
  1.8926E-03  3.3629E-03 -9.2352E-04
  2.7728E-03  7.7945E-04  9.0066E-05
  2.7008E-03 -3.3875E-04  6.9461E-04
  2.2220E-04 -3.1908E-03  3.0766E-03
  1.2556E-03 -4.3986E-03  3.3228E-03
 -9.0062E-04 -2.4680E-03  3.1139E-03
 -1.1410E-03 -3.1188E-03  3.5384E-03
 -2.9066E-03 -3.6281E-03  4.4481E-03
 -3.1266E-03 -4.9166E-03  5.1949E-03
 -3.1043E-03 -4.2412E-03  4.8375E-03
 -1.0606E-03 -1.6462E-03  2.7476E-03
 -2.1607E-03 -3.9989E-04  2.5059E-03
  3.2972E-04 -1.7517E-03  2.2932E-03
  6.1351E-04 -4.2537E-04  1.5035E-03
  2.4370E-03 -5.8781E-05  6.4642E-04
  3.0409E-03  1.2347E-04  3.3109E-04
  2.0015E-03  1.5941E-03 -4.8806E-05
  4.9335E-03  2.9715E-04 -4.5154E-04
  3.9053E-04 -9.0392E-04  1.8326E-03
  1.0226E-03 -2.2511E-03  2.2977E-03
 -5.7608E-04  1.7622E-04  1.6279E-03
 -8.3609E-04 -1.5396E-04  1.8938E-03
 -2.7388E-03  1.9294E-04  2.4110E-03
 -3.0439E-03 -3.5231E-04  2.8046E-03
 -4.7930E-03  3.2940E-04  3.0924E-03
 -5.0414E-03  8.1410E-05  3.3116E-03
 -5.8960E-03  1.1133E-03  3.0908E-03
  1.2052E-04  9.8789E-04  9.5321E-04
 -2.9174E-04  2.4574E-03  3.4429E-04
  1.4301E-03  3.0156E-04  8.2870E-04
  2.4580E-03  1.2498E-03 -3.7878E-05
  4.2214E-03  2.5501E-04 -1.6908E-04
  5.5847E-03  1.2421E-03 -1.1785E-03
  6.1202E-03  1.3784E-03 -1.4450E-03
  7.5331E-03  2.1551E-03 -2.3639E-03
  8.4023E-03  2.8011E-03 -3.0161E-03
  7.8575E-03  2.6790E-03 -2.7535E-03
  6.4553E-03  1.9045E-03 -1.8397E-03
  1.5292E-03  1.6047E-03  1.1858E-04
  1.5753E-03  5.5898E-04  6.4242E-04
  7.2786E-04  3.1144E-03 -3.6864E-04
 -3.0152E-04  3.5879E-03 -2.3663E-04
 -1.8983E-03  4.7395E-03 -2.4755E-04
 -3.2056E-03  5.0982E-03  4.5512E-05
 -3.7745E-03  6.5583E-03 -5.0112E-04
 -3.6623E-03  3.9272E-03  8.1821E-04
  5.0944E-04  4.3536E-03 -9.2943E-04
  1.0931E-03  5.6252E-03 -1.8006E-03
  3.0842E-03  1.6597E-03  2.1283E-03
  3.6822E-03  2.7498E-03  1.6085E-03
  4.9585E-03  2.9792E-03  2.1879E-03
  5.5902E-03  2.7784E-03  2.7278E-03
  5.4653E-03  4.1071E-03  1.5831E-03
  3.0993E-03  2.9426E-03  1.1043E-03
  3.0910E-03  2.4178E-03  1.5219E-03
  2.5791E-03  3.6759E-03  2.0245E-04
  2.5903E-03  4.3027E-03 -2.9567E-04
  1.6453E-03  4.7590E-03 -1.2288E-03
  1.7982E-03  4.9880E-03 -1.3216E-03
  1.9621E-03  3.9926E-03 -4.2200E-04
  2.6112E-03  4.1940E-03 -1.9559E-04
  3.6116E-03  4.7845E-03 -7.2222E-05
  2.0098E-03  3.7340E-03 -1.8516E-04
  2.5185E-03  3.8384E-03  3.5321E-05
  1.5939E-03  3.4455E-03 -2.0185E-04
  1.1150E-03  2.2640E-03  4.6281E-04
  3.6200E-04  1.8793E-03  3.2181E-04
  1.4978E-03  1.7262E-03  1.1251E-03
  3.2571E-03  4.9291E-03 -4.0088E-04
  4.2019E-03  5.0828E-03  4.0967E-05
  2.8152E-03  5.6844E-03 -1.2736E-03
  3.4568E-03  6.7680E-03 -1.7621E-03
  2.7613E-03  7.5000E-03 -2.7679E-03
  1.8479E-03  7.4873E-03 -3.3045E-03
  2.3059E-03  7.5930E-03 -3.1155E-03
  1.8081E-03  6.8785E-03 -2.8381E-03
  3.1547E-03  8.3761E-03 -3.2379E-03
  4.5894E-03  7.1404E-03 -1.3840E-03
  5.4463E-03  7.6964E-03 -1.3187E-03
  4.5961E-03  6.8230E-03 -1.1244E-03
  5.6486E-03  7.1546E-03 -7.6132E-04
  5.4110E-03  6.9348E-03 -7.2651E-04
  5.0249E-03  7.7741E-03 -1.6336E-03
  5.1371E-03  7.6545E-03 -1.4700E-03
  3.8021E-03  7.7123E-03 -2.3158E-03
  6.4928E-03  6.6631E-03  1.3993E-04
  7.5127E-03  7.1851E-03  3.3013E-04
  6.0578E-03  5.6764E-03  6.7405E-04
  6.7923E-03  5.1285E-03  1.5549E-03
  6.1286E-03  3.9528E-03  2.1043E-03
  6.8516E-03  3.4835E-03  2.9151E-03
  5.8233E-03  3.3263E-03  2.4260E-03
  5.0306E-03  2.2201E-03  2.8423E-03
  7.2622E-03  5.6556E-03  1.4118E-03
  8.2782E-03  5.8165E-03  1.8905E-03
  6.5099E-03  5.8799E-03  7.8082E-04
  6.8335E-03  6.3891E-03  5.6451E-04
  5.8352E-03  6.6682E-03 -2.5793E-04
  4.8052E-03  5.7217E-03 -1.1236E-04
  6.2261E-03  7.1718E-03 -4.2943E-04
  7.8189E-03  7.4051E-03  3.3630E-04
  8.6743E-03  7.6069E-03  6.8589E-04
  7.7027E-03  8.0179E-03 -2.2676E-04
  8.5696E-03  9.0177E-03 -5.1295E-04
  8.1200E-03  9.5888E-03 -1.2420E-03
  7.0601E-03  9.8717E-03 -2.1043E-03
  6.4704E-03  1.0121E-02 -2.6580E-03
  6.8059E-03  9.8427E-03 -2.2331E-03
  9.6856E-03  8.8815E-03  2.6487E-04
  1.0628E-02  9.5296E-03  3.0698E-04
  9.5785E-03  8.0529E-03  8.6805E-04
  1.0576E-02  7.8288E-03  1.6457E-03
  1.0226E-02  6.9604E-03  2.1352E-03
  9.7429E-03  7.2752E-03  1.5927E-03
  9.2512E-03  6.3716E-03  2.0260E-03
  8.7931E-03  6.7103E-03  1.4790E-03
  8.4333E-03  6.1183E-03  1.7403E-03
  8.0335E-03  6.4906E-03  1.2011E-03
  8.4623E-03  5.1470E-03  2.5398E-03
  1.1245E-02  7.5216E-03  2.2935E-03
  1.2254E-02  7.6172E-03  2.8208E-03
  1.0715E-02  7.2209E-03  2.2186E-03
  1.1310E-02  6.8764E-03  2.8520E-03
  1.0663E-02  5.7250E-03  3.3917E-03
  1.1163E-02  5.4128E-03  3.9428E-03
  1.0730E-02  5.0068E-03  4.0101E-03
  9.7785E-03  3.9696E-03  4.2758E-03
  1.1605E-02  7.5325E-03  2.5002E-03
  1.2597E-02  7.8274E-03  2.8567E-03
  1.1470E-02  9.8777E-03  4.4190E-03
  1.0425E-02  9.0883E-03  4.9030E-03
  1.1191E-02  8.9922E-03  6.1247E-03
  1.1601E-02  8.5337E-03  7.7312E-03
  1.2529E-02  9.9610E-03  5.6045E-03
  9.1411E-03  8.1316E-03  5.4655E-03
  7.8618E-03  7.5707E-03  5.1094E-03
  9.4664E-03  7.9876E-03  6.2259E-03
  8.3365E-03  7.0963E-03  6.8367E-03
  7.3272E-03  7.0241E-03  5.6904E-03
  6.9611E-03  6.6377E-03  6.1162E-03
  6.8840E-03  7.3981E-03  4.2387E-03
  5.9092E-03  7.3327E-03  3.1213E-03
  6.7175E-03  8.2986E-03  1.9171E-03
  6.9882E-03  9.0271E-03  5.6714E-04
  7.6408E-03  9.8834E-03 -5.8357E-04
  8.0925E-03  1.0653E-02 -1.7942E-03
  9.4453E-03  1.1550E-02 -2.1276E-03
  9.7648E-03  1.2203E-02 -3.2374E-03
  1.0476E-02  1.1801E-02 -1.3716E-03
  4.5034E-03  6.8751E-03  2.3589E-03
  4.5282E-03  7.0957E-03  1.8757E-03
  3.2761E-03  6.1840E-03  2.3748E-03
  1.7651E-03  5.6159E-03  1.7337E-03
  7.4313E-04  4.5466E-03  2.9009E-03
  1.3703E-03  4.1669E-03  4.6056E-03
  1.4346E-03  4.0635E-03  4.9310E-03
  1.8735E-03  3.5905E-03  6.6086E-03
  3.2181E-03  4.0409E-03  7.3081E-03
  3.5128E-03  3.5490E-03  8.8415E-03
  4.2621E-03  4.9795E-03  6.4747E-03
  1.2302E-03  5.9555E-03  2.4271E-04
  1.4963E-03  6.1203E-03  2.0455E-04
  4.1436E-04  6.0097E-03 -9.4694E-04
 -1.1839E-04  6.3525E-03 -2.4422E-03
  7.3420E-04  7.3639E-03 -3.6951E-03
  3.0235E-04  7.2960E-03 -4.0991E-03
  2.4077E-03  8.0471E-03 -3.1111E-03
 -1.7788E-03  5.6875E-03 -3.0517E-03
 -2.4172E-03  5.2052E-03 -2.7562E-03
 -2.5000E-03  5.6278E-03 -3.8521E-03
 -4.0578E-03  5.0542E-03 -4.5415E-03
 -4.9302E-03  4.6333E-03 -4.6943E-03
 -6.5253E-03  4.0656E-03 -5.4460E-03
 -7.4185E-03  4.0547E-03 -6.5846E-03
 -8.7483E-03  3.4583E-03 -6.9234E-03
 -8.6790E-03  3.1100E-03 -6.0193E-03
 -7.3510E-03  3.4619E-03 -5.1111E-03
 -4.0704E-03  5.7398E-03 -6.1601E-03
 -3.8864E-03  6.3061E-03 -7.2439E-03
 -4.2942E-03  5.6790E-03 -6.3096E-03
 -4.3011E-03  6.3039E-03 -7.7792E-03
 -4.8674E-03  5.9507E-03 -7.6916E-03
 -5.0601E-03  6.5303E-03 -9.2972E-03
 -4.3004E-03  7.3608E-03 -1.0248E-02
 -6.5494E-03  5.8051E-03 -9.5430E-03
 -7.6527E-03  4.8379E-03 -8.7202E-03
 -8.8658E-03  4.7378E-03 -1.0067E-02
 -8.9453E-03  5.1371E-03 -1.1104E-02
 -7.3132E-03  5.9943E-03 -1.0981E-02
 -7.1850E-03  6.0779E-03 -1.1009E-02
 -8.3065E-03  5.5301E-03 -1.1190E-02
 -5.8237E-03  6.7705E-03 -1.0854E-02
 -5.5269E-03  6.9420E-03 -1.0868E-02
 -6.1040E-03  6.0571E-03 -9.5515E-03
 -5.2789E-03  5.8779E-03 -8.0577E-03
 -3.8546E-03  7.7754E-03 -1.0637E-02
 -3.3098E-03  8.3227E-03 -1.1206E-02
 -3.0580E-03  7.8346E-03 -9.7368E-03
 -1.4555E-03  8.5902E-03 -9.4144E-03
 -7.9832E-04  8.3489E-03 -7.9942E-03
  5.5958E-04  8.9243E-03 -7.5694E-03
 -1.7805E-03  8.0365E-03 -9.3400E-03
 -1.1706E-03  7.9184E-03 -7.7862E-03
 -2.5500E-03  6.8169E-03 -7.1419E-03
 -2.7964E-03  6.9053E-03 -7.8934E-03
 -4.2906E-03  6.4236E-03 -9.3577E-03
 -5.7588E-03  5.2657E-03 -8.7161E-03
 -7.2051E-03  4.6779E-03 -9.7642E-03
 -8.4726E-03  3.6361E-03 -9.0822E-03
 -7.3882E-03  5.1320E-03 -1.1503E-02
 -2.1513E-04  8.0189E-03 -6.2192E-03
 -7.1133E-04  7.5613E-03 -5.8008E-03
  1.1376E-03  8.6036E-03 -5.3447E-03
  2.1928E-03  8.7981E-03 -3.8683E-03
  3.8087E-03  1.0042E-02 -4.4817E-03
  4.7173E-03  1.0187E-02 -3.1424E-03
  4.8534E-03  1.0790E-02 -4.7075E-03
  2.5508E-03  8.4445E-03 -2.0920E-03
  2.9067E-03  8.6709E-03 -2.0824E-03
  2.4731E-03  7.9008E-03 -5.9215E-04
  2.7527E-03  7.4859E-03  1.2165E-03
  1.2152E-03  6.2150E-03  2.0657E-03
 -2.2256E-04  5.6744E-03  8.9091E-04
 -1.1923E-03  5.4883E-03 -4.4396E-04
 -2.4490E-03  5.0710E-03 -1.6385E-03
 -2.7439E-03  4.8338E-03 -1.4954E-03
 -3.9750E-03  4.4387E-03 -2.7075E-03
 -1.7997E-03  5.0050E-03 -1.6537E-04
 -5.5142E-04  5.4202E-03  1.0191E-03
  4.0591E-03  7.9446E-03  2.3829E-03
  4.5221E-03  8.4229E-03  1.8366E-03
  4.6929E-03  7.8369E-03  3.9523E-03
  5.8913E-03  8.1626E-03  5.3109E-03
  7.6271E-03  9.3172E-03  5.2037E-03
  8.8549E-03  9.7080E-03  6.4224E-03
  9.6670E-03  1.0346E-02  6.0759E-03
  1.0571E-02  1.0392E-02  7.7052E-03
  1.0324E-02  9.8077E-03  8.9983E-03
  9.2951E-03  9.3874E-03  8.2594E-03
  5.5085E-03  7.2897E-03  7.2135E-03
  5.7766E-03  7.2434E-03  7.8795E-03
  4.9274E-03  6.6292E-03  8.0818E-03
  4.4726E-03  5.7434E-03  9.8821E-03
  4.5460E-03  5.4666E-03  1.0867E-02
  6.2130E-03  6.4945E-03  1.1010E-02
  3.2623E-03  4.9689E-03  9.8641E-03
  5.4516E-03  5.9681E-03  1.1118E-02
  4.8193E-03  5.1982E-03  1.2219E-02
  6.9968E-03  7.0150E-03  1.0965E-02
  7.9925E-03  7.2994E-03  1.2052E-02
  9.6746E-03  8.1241E-03  1.2842E-02
  9.7378E-03  7.6605E-03  1.4375E-02
  9.6146E-03  7.8262E-03  1.3630E-02
  9.6340E-03  7.3455E-03  1.5128E-02
  9.4629E-03  7.4905E-03  1.4353E-02
  8.1722E-03  7.7840E-03  1.0931E-02
  7.6062E-03  7.2878E-03  1.1330E-02
  8.8682E-03  8.7160E-03  9.4629E-03
  9.2201E-03  9.3296E-03  8.2880E-03
  1.0345E-02  1.0481E-02  6.9951E-03
  1.1713E-02  1.1057E-02  7.9219E-03
  1.2208E-02  1.1668E-02  7.0381E-03
  1.3370E-02  1.2118E-02  7.9464E-03
  1.4049E-02  1.1961E-02  9.7549E-03
  1.3570E-02  1.1359E-02  1.0646E-02
  1.2416E-02  1.0916E-02  9.7297E-03
  7.8468E-03  8.7759E-03  7.2793E-03
  8.0042E-03  8.8966E-03  7.2212E-03
  6.5461E-03  8.2223E-03  6.4127E-03
  5.1524E-03  7.6433E-03  5.4410E-03
  5.3037E-03  8.4008E-03  3.4356E-03
  4.9394E-03  8.5920E-03  2.1406E-03
  3.8219E-03  8.3560E-03  6.6769E-04
  5.6580E-03  8.9510E-03  2.4579E-03
  3.6010E-03  6.5963E-03  5.5825E-03
  2.7861E-03  6.5090E-03  4.2507E-03
  3.1862E-03  5.7841E-03  7.2379E-03
  3.9896E-03  5.7522E-03  8.9092E-03
  2.6463E-03  4.5215E-03  1.0016E-02
  1.7895E-03  4.1043E-03  9.6052E-03
  1.7188E-03  4.7353E-03  7.5492E-03
  1.9337E-04  4.0971E-03  6.4993E-03
  1.9323E-04  4.2734E-03  5.9633E-03
 -1.0873E-03  3.4231E-03  6.0379E-03
 -1.2506E-03  3.3117E-03  6.0563E-03
 -3.0551E-03  2.3006E-03  5.5926E-03
 -3.5529E-03  2.4197E-03  4.2553E-03
 -2.5464E-03  2.8053E-03  5.0558E-03
 -3.3278E-03  1.8386E-03  6.4620E-03
 -2.9860E-03  1.5195E-03  8.1016E-03
 -5.0897E-03 -5.9842E-04  4.7487E-03
 -5.8769E-03 -2.0654E-03  5.4965E-03
 -7.2500E-03 -2.6682E-03  3.7933E-03
 -6.9390E-03 -1.3698E-03  2.3921E-03
 -8.3661E-03 -2.0016E-03  6.2978E-04
 -8.0847E-03 -5.4769E-04 -1.0670E-03
 -9.4263E-03 -9.6658E-04 -2.9931E-03
 -6.3180E-03 -3.5286E-03  6.9019E-03
 -6.0104E-03 -4.2374E-03  8.5812E-03
 -7.0811E-03 -4.0071E-03  6.1760E-03
 -7.5078E-03 -5.3375E-03  7.4044E-03
 -9.0231E-03 -6.4628E-03  6.2324E-03
 -1.0152E-02 -7.0758E-03  5.0121E-03
 -9.5234E-03 -8.0003E-03  7.6384E-03
 -6.2995E-03 -4.2064E-03  7.9798E-03
 -6.3178E-03 -3.4468E-03  6.7766E-03
 -5.1836E-03 -3.9655E-03  9.7470E-03
 -3.9410E-03 -2.8845E-03  1.0465E-02
 -2.8731E-03 -2.9338E-03  1.2587E-02
 -1.4712E-03 -1.7662E-03  1.3476E-02
 -2.6560E-04  1.6220E-04  1.2820E-02
  2.2549E-04  1.2338E-03  1.2113E-02
  2.2524E-04  6.0672E-04  1.3077E-02
 -4.4361E-03 -3.3746E-03  1.0270E-02
 -5.3512E-03 -4.9045E-03  1.0870E-02
 -3.8523E-03 -2.0553E-03  9.3596E-03
 -4.2229E-03 -2.2990E-03  9.0245E-03
 -5.5831E-03 -2.7471E-03  7.1079E-03
 -5.9838E-03 -2.8548E-03  6.5059E-03
 -6.2472E-03 -2.9141E-03  6.0925E-03
 -7.5843E-03 -3.3848E-03  4.2549E-03
 -8.8405E-03 -5.1434E-03  4.5529E-03
 -9.1704E-03 -6.6229E-03  6.1962E-03
 -1.0253E-02 -7.4941E-03  5.4619E-03
 -1.0872E-02 -9.2252E-03  6.9395E-03
 -1.2153E-02 -1.0287E-02  6.1185E-03
 -7.3775E-03 -2.0592E-03  2.6123E-03
 -6.7523E-03 -1.4811E-03  2.9211E-03
 -7.9431E-03 -1.6215E-03  8.5556E-04
 -7.8541E-03 -3.8840E-04 -8.7021E-04
 -8.2076E-03  2.5979E-04 -2.5445E-03
 -8.4159E-03  1.2591E-03 -4.4802E-03
 -9.5731E-03  7.8136E-04 -5.9624E-03
 -7.4509E-03  2.4945E-03 -4.5317E-03
 -8.9134E-03 -1.2574E-03 -1.5630E-03
 -1.0251E-02 -2.6083E-03 -2.0481E-03
 -8.3074E-03 -4.1924E-04 -1.6912E-03
 -9.1253E-03 -1.0636E-03 -2.2671E-03
 -8.0617E-03  1.4924E-04 -2.0948E-03
 -6.8941E-03  2.5196E-04 -1.6006E-05
 -5.7542E-03  1.5185E-03  2.1990E-04
 -7.1245E-03 -9.3769E-04  1.3722E-03
 -1.0441E-02 -1.4014E-03 -4.2678E-03
 -1.1464E-02 -2.5043E-03 -4.5312E-03
 -1.0408E-02 -4.3686E-04 -5.6874E-03
 -1.1606E-02 -6.3985E-04 -7.6715E-03
 -1.0986E-02  1.1490E-03 -9.2348E-03
 -1.0589E-02  1.9627E-03 -9.7256E-03
 -1.2088E-02  9.9145E-04 -1.1103E-02
 -1.2868E-02 -1.9759E-03 -8.0338E-03
 -1.4129E-02 -2.7840E-03 -9.2073E-03
 -1.2548E-02 -2.2663E-03 -6.9748E-03
 -1.3688E-02 -3.5050E-03 -7.2535E-03
 -1.3279E-02 -2.6008E-03 -7.8606E-03
 -1.3047E-02 -1.0980E-03 -9.7266E-03
 -1.1945E-02 -1.9528E-03 -6.3021E-03
 -1.3983E-02 -5.0581E-03 -5.4293E-03
 -1.5119E-02 -6.3794E-03 -5.5739E-03
 -1.2987E-02 -4.9257E-03 -3.7249E-03
 -1.3174E-02 -6.3233E-03 -1.9340E-03
 -1.2985E-02 -6.3099E-03 -1.5931E-03
 -1.3751E-02 -7.6653E-03 -9.7545E-04
 -1.0849E-02 -4.0399E-03 -3.8423E-04
 -1.0396E-02 -3.5331E-03 -5.4584E-04
 -1.0614E-02 -2.4304E-03 -2.0589E-03
 -1.0641E-02 -2.0781E-03 -2.5001E-03
 -1.1011E-02 -1.0663E-03 -4.0524E-03
 -1.0565E-02 -3.5930E-04 -4.4573E-03
 -1.1741E-02 -9.6959E-04 -4.8708E-03
 -8.8387E-03 -3.0855E-03  4.2739E-04
 -8.0199E-03 -2.5667E-03  6.0450E-04
 -8.4318E-03 -3.2885E-03  1.0596E-03
 -6.9733E-03 -2.9162E-03  2.0267E-03
 -6.8064E-03 -3.3736E-03  2.7277E-03
 -7.4997E-03 -4.8124E-03  3.7583E-03
 -6.4609E-03 -5.2507E-03  5.2778E-03
 -6.5520E-03 -6.0358E-03  6.1171E-03
 -5.5685E-03 -4.8251E-03  5.6359E-03
 -5.8934E-03 -1.5049E-03  1.4016E-03
 -6.1706E-03 -6.8844E-04  1.7002E-04
 -4.6683E-03 -1.2412E-03  2.2717E-03
 -3.5121E-03  4.4833E-05  1.8682E-03
 -2.7301E-03  9.2613E-05  2.5659E-03
 -3.5986E-03 -4.0954E-04  2.3213E-03
 -4.2322E-03  3.6818E-04  7.9172E-04
 -2.6594E-03 -3.6035E-04  3.1691E-03
 -2.5102E-03  4.9144E-04  2.3071E-03
 -2.5630E-03 -2.7341E-04  3.1594E-03
 -1.5541E-03  1.7269E-03  1.7701E-03
 -5.2924E-04  2.3156E-03  2.0634E-03
 -9.9106E-04  2.9942E-03  8.1663E-04
 -2.1374E-03  2.0494E-03  8.2675E-04
 -1.5170E-03  3.6326E-03 -4.4464E-04
  9.5204E-04  3.2889E-03  2.3427E-03
  1.2186E-03  3.4568E-03  2.4015E-03
  1.9363E-03  3.8929E-03  2.5787E-03
  3.3598E-03  4.8598E-03  2.8099E-03
  4.4382E-03  4.5378E-03  4.2302E-03
  4.7545E-03  3.9121E-03  5.2742E-03
  3.8948E-03  3.7096E-03  4.6841E-03
  3.6291E-03  6.0363E-03  1.6802E-03
  3.1498E-03  5.9545E-03  1.3145E-03
  4.2831E-03  7.1051E-03  1.0488E-03
  4.6019E-03  8.2872E-03 -3.9676E-05
  5.0306E-03  9.2991E-03 -8.2134E-04
  4.4648E-03  1.0165E-02 -2.3893E-03
  5.1908E-03  1.1336E-02 -3.0719E-03
  5.0648E-03  1.1029E-02 -2.8312E-03
  3.9596E-03  1.0750E-02 -3.5682E-03
  3.9689E-03  1.0491E-02 -3.2530E-03
  2.8364E-03  1.0711E-02 -4.6050E-03
  5.8188E-03  8.6834E-03  6.6603E-04
  6.6263E-03  8.2935E-03  1.9052E-03
  5.9336E-03  9.4324E-03 -1.0778E-04
  7.0668E-03  9.8708E-03  4.6749E-04
  6.8893E-03  1.0626E-02 -5.9584E-04
  8.1633E-03  1.1335E-02 -2.0416E-04
  8.4946E-03  1.0444E-02  1.1682E-03
  7.4701E-03  9.7411E-03  1.0097E-03
  7.6836E-03  1.0574E-02  2.3189E-04
  8.4942E-03  1.0698E-02  8.6729E-04
  9.5063E-03  1.0603E-02  1.9561E-03
  8.5327E-03  1.1486E-02 -2.6264E-05
  9.7914E-03  1.2348E-02  1.6980E-04
  9.4806E-03  1.3129E-02 -1.0524E-03
  8.9104E-03  1.3850E-02 -2.4531E-03
  8.1146E-03  1.4080E-02 -3.4925E-03
  9.2559E-03  1.4188E-02 -2.5191E-03
  1.0303E-02  1.1632E-02  1.5088E-03
  1.1567E-02  1.2036E-02  2.2511E-03
  9.3047E-03  1.0561E-02  1.8112E-03
  9.6228E-03  9.7751E-03  3.0458E-03
  8.2737E-03  8.7229E-03  2.9871E-03
  7.4850E-03  9.2189E-03  1.6407E-03
  6.2721E-03  8.4190E-03  1.4155E-03
  8.0727E-03  1.0394E-02  8.2037E-04
  1.0342E-02  9.2132E-03  4.4031E-03
  1.0958E-02  8.7844E-03  5.5031E-03
  1.0286E-02  9.2380E-03  4.3193E-03
  1.0939E-02  8.7410E-03  5.5363E-03
  1.0780E-02  8.9957E-03  5.0825E-03
  9.5686E-03  7.8781E-03  5.2337E-03
  1.0081E-02  7.3334E-03  6.3713E-03
  9.1538E-03  6.6303E-03  6.3072E-03
  1.1301E-02  7.5467E-03  7.2958E-03
  1.2492E-02  9.3087E-03  6.3635E-03
  1.3317E-02  1.0456E-02  5.8045E-03
  1.2268E-02  1.0053E-02  1.3256E-03
  1.0697E-02  9.4654E-03  2.5485E-04
  1.0481E-02  1.0769E-02 -1.4504E-03
  9.1802E-03  1.0401E-02 -2.4701E-03
  9.1699E-03  1.1794E-02 -4.0491E-03
  8.0431E-03  1.1840E-02 -5.3429E-03
  1.0275E-02  1.2834E-02 -4.0012E-03
  9.4652E-03  8.2544E-03  2.6001E-04
  8.3183E-03  7.1077E-03  2.8649E-04
  9.7055E-03  8.5008E-03  2.4758E-04
  8.6165E-03  7.4183E-03  2.6551E-04
  9.1651E-03  8.0676E-03  1.3939E-04
  8.2704E-03  6.9416E-03  4.2052E-04
  9.3227E-03  6.9642E-03  1.5550E-03
  9.6334E-03  7.8087E-03  9.4691E-04
  9.8371E-03  6.1414E-03  3.0479E-03
  8.4406E-03  5.8793E-03  1.8038E-03
  7.1743E-03  4.6731E-03  1.7655E-03
  9.7331E-03  5.9417E-03  3.1580E-03
  9.7537E-03  4.5888E-03  4.7032E-03
  1.1418E-02  5.0303E-03  6.0411E-03
  1.1492E-02  3.6390E-03  7.6883E-03
  1.2117E-02  5.8407E-03  5.8991E-03
  8.9735E-03  3.7795E-03  4.7542E-03
  7.9729E-03  2.4052E-03  5.1980E-03
  9.3569E-03  4.6396E-03  4.2088E-03
  8.6987E-03  3.9892E-03  4.2154E-03
  9.4138E-03  5.2045E-03  3.6358E-03
  1.1122E-02  5.9142E-03  4.7195E-03
  8.7000E-03  4.5019E-03  3.6397E-03
  6.9582E-03  3.1852E-03  3.2019E-03
  6.1300E-03  1.8397E-03  3.8034E-03
  6.3981E-03  3.9858E-03  1.6837E-03
  4.7460E-03  3.3056E-03  6.2819E-04
  4.4105E-03  4.4830E-03 -1.0666E-03
  4.8011E-03  5.6061E-03 -1.9000E-03
  3.6709E-03  6.0804E-03 -3.6794E-03
  3.6599E-03  6.7283E-03 -4.4207E-03
  4.4251E-03  8.2061E-03 -5.2406E-03
  4.3534E-03  8.6993E-03 -5.8746E-03
  5.2685E-03  9.1896E-03 -5.4179E-03
  3.8555E-03  1.8880E-03  1.2422E-03
  2.5291E-03  8.5949E-04  9.3790E-04
  4.5925E-03  1.8195E-03  2.1316E-03
  3.8782E-03  5.1690E-04  2.8103E-03
  4.8249E-03  9.1178E-04  3.4093E-03
  4.0095E-03  8.6902E-04  2.5587E-03
  5.2119E-03  1.7504E-03  2.8921E-03
  6.4507E-03  1.3793E-03  4.6749E-03
  7.9268E-03  2.5907E-03  4.9385E-03
  3.7729E-03 -8.2565E-04  4.2051E-03
  2.5874E-03 -2.1050E-03  4.3384E-03
  5.0045E-03 -5.4616E-04  5.2481E-03
  4.9805E-03 -1.7567E-03  6.5840E-03
  6.4930E-03 -1.1293E-03  7.5449E-03
  7.7712E-03 -9.5803E-04  8.7608E-03
  8.8650E-03 -1.1678E-03  1.0202E-02
  9.7130E-03  4.9586E-05  9.7669E-03
  1.1129E-02  1.2674E-03  9.9568E-03
  1.1806E-02  2.3202E-03  9.5186E-03
  1.1875E-02  1.4245E-03  1.0603E-02
  3.6772E-03 -2.5028E-03  5.9873E-03
  2.8801E-03 -3.8946E-03  6.6751E-03
  3.4647E-03 -1.5732E-03  4.7068E-03
  2.2850E-03 -2.1621E-03  4.0693E-03
  2.5178E-03 -8.9357E-04  2.8983E-03
  3.9013E-03 -1.5807E-04  3.5954E-03
  3.6938E-03 -1.2851E-03  4.6350E-03
  4.1028E-03  1.2802E-03  2.1987E-03
  6.6307E-04 -3.0911E-03  3.3273E-03
 -3.2560E-04 -4.2285E-03  3.5177E-03
  3.4937E-04 -2.6368E-03  2.4703E-03
 -1.2127E-03 -3.5322E-03  1.7565E-03
 -1.4383E-03 -2.7462E-03  6.2312E-04
 -3.0545E-03 -3.7853E-03  1.1383E-05
 -2.7562E-04 -2.3828E-03  1.4956E-03
 -1.5579E-03 -5.0793E-03  3.1171E-03
 -2.7521E-03 -6.2852E-03  3.1580E-03
 -4.2489E-04 -5.0030E-03  4.2799E-03
 -4.7181E-04 -6.3084E-03  5.6974E-03
  1.1078E-03 -5.7110E-03  6.7660E-03
  1.1233E-03 -6.5699E-03  7.7496E-03
  1.7099E-03 -7.5580E-03  9.5082E-03
  9.9101E-04 -8.8928E-03  1.0218E-02
  2.8932E-03 -6.9925E-03  1.0176E-02
 -8.3887E-04 -7.4347E-03  6.5604E-03
 -1.7693E-03 -8.8340E-03  7.1096E-03
 -8.1850E-04 -1.0334E-02  8.8365E-03
 -2.8011E-04 -9.9600E-03  8.5370E-03
  1.5403E-03 -8.7036E-03  7.5287E-03
  1.9658E-03 -7.9722E-03  7.0594E-03
  1.1880E-03 -6.1740E-03  6.2438E-03
  1.4544E-03 -5.5228E-03  5.8468E-03
  2.5210E-03 -6.6826E-03  6.2681E-03
  2.7448E-03 -6.0231E-03  5.8745E-03
  3.3218E-03 -8.4618E-03  7.0692E-03
  3.0410E-03 -9.1014E-03  7.4626E-03
 -2.1498E-03 -9.0264E-03  8.3855E-03
 -2.6149E-03 -9.5505E-03  8.7515E-03
 -3.2404E-03 -7.6477E-03  7.8519E-03
 -5.0398E-03 -6.6428E-03  7.6492E-03
 -5.6245E-03 -4.8412E-03  6.7960E-03
 -4.1756E-03 -3.3812E-03  5.7480E-03
 -2.7319E-03 -2.6517E-03  5.0908E-03
 -1.7675E-03 -1.3943E-03  4.2408E-03
 -2.5973E-03 -1.3514E-03  4.3718E-03
 -4.0576E-03 -2.5389E-03  5.2765E-03
 -6.9595E-03 -7.6994E-03  8.5693E-03
 -8.0169E-03 -7.4375E-03  8.6257E-03
 -7.4830E-03 -8.8366E-03  9.2734E-03
 -9.3114E-03 -9.8947E-03  1.0177E-02
 -9.8152E-03 -1.0943E-02  1.0831E-02
 -8.1384E-03 -1.2494E-02  1.1347E-02
 -8.6663E-03 -1.3548E-02  1.2008E-02
 -9.5367E-03 -1.2525E-02  1.1623E-02
 -8.2442E-03 -1.5258E-02  1.2842E-02
 -8.9089E-03 -1.1292E-02  1.0849E-02
 -1.0318E-02 -1.1688E-02  1.1321E-02
 -6.9316E-03 -1.1966E-02  1.0842E-02
 -6.2229E-03 -1.3325E-02  1.1436E-02
 -4.1891E-03 -1.4367E-02  1.1614E-02
 -3.1382E-03 -1.5837E-02  1.2204E-02
 -1.0839E-03 -1.7118E-02  1.2507E-02
  1.2659E-03 -1.6384E-02  1.1679E-02
 -5.9527E-03 -1.2495E-02  1.0943E-02
 -6.5654E-03 -1.3299E-02  1.1485E-02
 -5.2000E-03 -1.0827E-02  9.9122E-03
 -4.8249E-03 -9.9478E-03  9.3735E-03
 -2.7897E-03 -8.9982E-03  8.4891E-03
 -1.9599E-03 -8.7300E-03  8.1920E-03
 -1.2727E-03 -1.0202E-02  8.8502E-03
 -6.5408E-03 -8.5830E-03  8.9633E-03
 -6.5478E-03 -8.1337E-03  8.7248E-03
 -8.0343E-03 -7.9492E-03  8.9020E-03
 -9.7352E-03 -6.6381E-03  8.5177E-03
 -1.1263E-02 -6.1141E-03  8.5213E-03
 -1.0885E-02 -7.3542E-03  9.1133E-03
 -1.1126E-02 -6.3605E-03  8.6275E-03
 -1.1592E-02 -9.0804E-03  1.0166E-02
 -1.1753E-02 -1.0379E-02  1.0889E-02
 -1.2421E-02 -1.2132E-02  1.1948E-02
 -1.3772E-02 -1.1409E-02  1.1813E-02
 -1.2678E-02 -9.7441E-03  1.0721E-02
 -1.1287E-02 -1.0236E-02  1.0726E-02
 -1.2051E-02 -1.0242E-02  1.0871E-02
 -9.2391E-03 -1.0565E-02  1.0521E-02
 -7.7637E-03 -1.0977E-02  1.0468E-02
 -5.6607E-03 -1.1731E-02  1.0481E-02
 -4.0574E-03 -1.2184E-02  1.0425E-02
 -2.1159E-03 -1.2912E-02  1.0453E-02
 -4.7725E-03 -1.3624E-02  1.1326E-02
 -7.5197E-03 -9.1975E-03  9.4728E-03
 -7.4081E-03 -9.2050E-03  9.4562E-03
 -7.4405E-03 -7.6519E-03  8.6332E-03
 -7.2645E-03 -5.8410E-03  7.6340E-03
 -7.2167E-03 -4.2898E-03  6.7971E-03
 -7.0557E-03 -2.3865E-03  5.7513E-03
 -5.4033E-03 -4.7384E-03  6.7002E-03
 -3.3423E-03 -5.0483E-03  6.4833E-03
 -9.2253E-03 -5.4418E-03  7.7846E-03
 -9.1274E-03 -4.8152E-03  7.4320E-03
 -1.1007E-02 -5.8185E-03  8.3161E-03
 -1.3028E-02 -5.5081E-03  8.5253E-03
 -1.3135E-02 -6.7596E-03  9.2132E-03
 -1.4085E-02 -6.2244E-03  9.1038E-03
 -1.1452E-02 -6.2805E-03  9.6604E-03
 -1.1629E-02 -7.1990E-03  1.0462E-02
 -1.0363E-02 -9.0472E-03  1.1400E-02
 -1.0174E-02 -1.0053E-02  1.2118E-02
 -1.1560E-02 -1.1016E-02  1.3457E-02
 -1.1388E-02 -1.1967E-02  1.4139E-02
 -9.8121E-03 -1.1949E-02  1.3470E-02
 -9.6265E-03 -1.2956E-02  1.4190E-02
 -8.4137E-03 -1.0982E-02  1.2122E-02
 -8.5953E-03 -1.0053E-02  1.1462E-02
 -1.0814E-02 -6.2898E-03  9.4024E-03
 -1.1825E-02 -5.8626E-03  9.4844E-03
 -8.9766E-03 -6.0060E-03  8.4137E-03
 -8.0621E-03 -5.1580E-03  7.3617E-03
 -5.8230E-03 -5.3151E-03  6.5553E-03
 -4.5391E-03 -7.0355E-03  7.3845E-03
 -3.2163E-03 -8.0942E-03  7.6733E-03
 -2.0900E-03 -9.7329E-03  8.5034E-03
 -2.3074E-03 -1.0327E-02  9.0641E-03
 -1.2558E-03 -1.1971E-02  9.9300E-03
 -3.6060E-03 -9.2956E-03  8.7872E-03
 -4.7120E-03 -7.6434E-03  7.9381E-03
 -9.1710E-03 -3.3071E-03  6.3563E-03
 -8.9446E-03 -2.6888E-03  5.7723E-03
 -1.0323E-02 -2.3949E-03  6.1126E-03
 -1.1484E-02 -6.4027E-04  5.2049E-03
 -1.2262E-02  3.9470E-04  4.7083E-03
 -1.0632E-02  5.8619E-04  3.8789E-03
 -1.3290E-02 -7.4629E-04  6.0400E-03
 -1.3800E-02  2.5973E-04  5.4547E-03
 -1.4269E-02 -1.9554E-03  7.4049E-03
 -1.6010E-02 -2.1374E-03  8.2728E-03
 -1.7080E-02 -3.4481E-03  9.7562E-03
 -1.9082E-02 -2.6025E-03  9.9185E-03
 -2.0390E-02 -3.8871E-03  1.1480E-02
 -2.2264E-02 -3.0655E-03  1.1608E-02
 -2.3387E-02 -4.3480E-03  1.3091E-02
 -1.5322E-02 -2.6249E-03  8.3730E-03
 -1.6389E-02 -2.0314E-03  8.3464E-03
 -1.3501E-02 -3.6763E-03  8.4491E-03
 -1.2634E-02 -4.2167E-03  8.5166E-03
 -1.0672E-02 -5.5872E-03  8.7869E-03
 -1.0989E-02 -7.3240E-03  1.0295E-02
 -1.1997E-02 -8.0019E-03  1.1251E-02
 -1.3603E-02 -8.4346E-03  1.2262E-02
 -1.1216E-02 -8.0582E-03  1.0971E-02
 -1.2200E-02 -2.6593E-03  7.1022E-03
 -1.2616E-02 -2.3939E-03  7.0653E-03
 -1.1368E-02 -1.6289E-03  5.9399E-03
 -1.0875E-02 -9.7849E-05  4.5220E-03
 -9.8948E-03  7.9032E-04  3.4108E-03
 -1.2773E-02  1.1059E-03  4.3575E-03
 -1.2754E-02  1.7479E-03  3.8408E-03
 -1.4414E-02  1.3805E-03  4.8221E-03
 -1.6397E-02  2.4861E-03  4.7705E-03
 -1.7897E-02  2.7643E-03  5.1740E-03
 -1.7537E-02  4.0606E-03  3.9972E-03
 -1.8708E-02  4.0185E-03  4.5172E-03
 -1.7853E-02  4.2380E-03  3.9878E-03
 -2.0471E-02  3.7856E-03  5.4347E-03
 -1.7274E-02  1.6996E-03  5.7583E-03
 -1.8373E-02  2.6115E-03  5.4929E-03
 -1.6741E-02  3.8547E-06  6.8802E-03
 -1.7440E-02 -8.7502E-04  7.8672E-03
 -1.7224E-02 -2.7495E-03  9.2627E-03
 -1.6214E-02 -7.2778E-04  7.2409E-03
 -1.6687E-02 -1.2344E-03  7.8390E-03
 -1.4597E-02 -8.5124E-05  6.0593E-03
 -1.3323E-02  1.2428E-04  5.3637E-03
 -1.1723E-02 -1.4788E-03  5.9687E-03
 -1.0708E-02 -1.5118E-03  5.5728E-03
 -1.1442E-02 -2.7870E-03  6.8884E-03
 -9.9649E-03 -4.4229E-03  7.5704E-03
 -1.0625E-02 -5.9021E-03  9.0170E-03
 -1.2356E-02 -6.4576E-03  1.0177E-02
 -1.3919E-02 -6.5923E-03  1.0933E-02
 -1.2274E-02 -6.7807E-03  1.0399E-02
 -7.7664E-03 -4.4581E-03  6.6843E-03
 -6.3447E-03 -5.6310E-03  7.0224E-03
 -9.0879E-03 -3.5110E-03  6.4601E-03
 -6.9613E-03 -3.3365E-03  5.5492E-03
 -6.6066E-03 -5.1841E-03  6.2593E-03
 -8.5889E-03 -4.7909E-03  6.8531E-03
 -4.3907E-03 -5.1710E-03  5.3876E-03
 -7.3602E-03 -9.5917E-04  4.6132E-03
 -9.2520E-03  3.2590E-04  4.7620E-03
 -5.5468E-03 -2.9108E-04  3.5979E-03
 -5.7578E-03  1.9586E-03  2.6470E-03
 -3.9637E-03  3.4383E-03  1.2665E-03
 -4.3780E-03  4.3020E-03  1.0316E-03
 -2.9951E-03  2.6808E-03  1.2360E-03
 -5.7442E-04  3.3758E-03 -2.8867E-05
  8.9099E-04  1.7990E-03  1.2288E-04
 -5.3399E-03  1.5036E-03  2.6928E-03
 -3.6884E-03  9.5420E-05  2.6943E-03
 -6.8689E-03  2.6396E-03  2.7683E-03
 -6.6072E-03  2.3038E-03  2.8203E-03
 -8.8861E-03  1.5897E-03  4.0386E-03
 -9.0961E-03  1.8087E-03  4.0200E-03
 -1.0472E-02  3.7131E-03  3.6827E-03
 -1.0570E-02  4.0577E-03  3.5628E-03
 -9.3013E-03  2.5011E-03  3.7821E-03
 -9.4745E-03  2.9887E-03  3.6259E-03
 -7.9079E-03  5.5866E-04  4.1300E-03
 -7.8170E-03  2.1405E-04  4.2527E-03
 -6.1022E-03  4.5566E-03  1.5883E-03
 -7.0429E-03  6.3996E-03  1.1093E-03
 -4.5878E-03  4.4516E-03  1.0449E-03
 -4.0996E-03  6.5889E-03 -1.2752E-04
 -2.0836E-03  7.5222E-03 -1.3437E-03
 -3.5197E-03  6.2206E-03 -1.8489E-04
 -2.3879E-03  4.4041E-03  2.0730E-04
 -4.3831E-03  7.8945E-03 -6.1645E-04
 -3.9148E-03  7.7345E-03 -7.2587E-04
 -6.1435E-03  8.6025E-03 -2.5390E-04
 -5.7622E-03  8.6035E-03 -4.0332E-04
 -7.4494E-03  7.2852E-03  8.6130E-04
 -1.0051E-02  8.2988E-03  1.4122E-03
 -1.1147E-02  7.4596E-03  2.2258E-03
 -1.9803E-03  9.1756E-03 -2.1435E-03
 -2.1193E-03  1.1161E-02 -3.0010E-03
 -2.3930E-04  8.1994E-03 -2.3753E-03
  1.7999E-03  9.3020E-03 -3.6784E-03
  4.1063E-03  7.6748E-03 -3.8320E-03
  4.4725E-03  7.8546E-03 -4.0576E-03
  6.2509E-03  8.1963E-03 -4.9093E-03
  1.8790E-03  9.8103E-03 -3.9427E-03
  1.7670E-03  8.2832E-03 -3.1976E-03
  2.0473E-03  1.1959E-02 -4.9953E-03
  2.1460E-03  1.2564E-02 -5.3119E-03
  1.5519E-03  1.5190E-02 -6.2856E-03
  1.2716E-03  1.5911E-02 -6.5073E-03
  1.6444E-03  1.7878E-02 -7.5564E-03
  6.3313E-04  1.4561E-02 -5.6380E-03
  4.6295E-03  1.1669E-02 -5.8711E-03
  6.2834E-03  1.2558E-02 -6.9253E-03
  4.8851E-03  9.8173E-03 -5.1203E-03
  7.1852E-03  8.8223E-03 -5.5619E-03
  7.9451E-03  1.0046E-02 -6.4209E-03
  9.7878E-03  9.3033E-03 -6.7995E-03
  6.5074E-03  1.1910E-02 -6.7154E-03
  7.0399E-03  1.3251E-02 -7.5392E-03
  4.7587E-03  1.4256E-02 -7.1096E-03
  3.2747E-03  1.2370E-02 -5.6636E-03
  3.4220E-03  1.5951E-02 -7.3662E-03
  8.3475E-03  1.5248E-02 -8.9675E-03
  8.5612E-03  1.6790E-02 -9.7591E-03
  9.0668E-03  1.5308E-02 -9.2759E-03
  1.0345E-02  1.7105E-02 -1.0601E-02
  9.6843E-03  1.7740E-02 -1.0634E-02
  7.4105E-03  1.9199E-02 -1.0416E-02
  7.2601E-03  1.9771E-02 -1.0620E-02
  4.9741E-03  2.1214E-02 -1.0390E-02
  5.0993E-03  2.1940E-02 -1.0772E-02
  1.2986E-02  1.6291E-02 -1.1259E-02
  1.3800E-02  1.4235E-02 -1.0632E-02
  1.4133E-02  1.9110E-02 -1.8412E-02
  1.3258E-02  2.1795E-02 -1.9874E-02
  1.5024E-02  2.2713E-02 -2.1555E-02
  1.7708E-02  2.0704E-02 -2.1621E-02
  1.6975E-02  1.8261E-02 -1.9415E-02
  1.7343E-02  1.6825E-02 -1.8576E-02
  1.5778E-02  1.7563E-02 -1.8220E-02
  1.9411E-02  1.4798E-02 -1.8277E-02
  2.0020E-02  1.3243E-02 -1.7488E-02
  2.2776E-02  1.1314E-02 -1.7653E-02
  2.2602E-02  9.3961E-03 -1.6151E-02
  2.3755E-02  1.0049E-02 -1.7288E-02
  1.9842E-02  1.4805E-02 -1.8528E-02
  1.8795E-02  1.4312E-02 -1.7569E-02
  2.0708E-02  1.6791E-02 -2.0475E-02
  2.0637E-02  1.8458E-02 -2.1654E-02
  2.2312E-02  2.0157E-02 -2.3853E-02
  1.7799E-02  1.9963E-02 -2.1131E-02
  1.7206E-02  2.0789E-02 -2.1396E-02
  1.6041E-02  2.0422E-02 -2.0462E-02
  1.3312E-02  2.1812E-02 -1.9918E-02
  1.1840E-02  2.3115E-02 -2.0029E-02
  9.5143E-03  2.5319E-02 -2.0311E-02
  8.4007E-03  2.7023E-02 -2.0919E-02
  6.0268E-03  2.8322E-02 -2.0512E-02
  9.8834E-03  2.7079E-02 -2.1808E-02
  1.1903E-02  2.0098E-02 -1.7859E-02
  1.0559E-02  2.0720E-02 -1.7545E-02
  1.2334E-02  1.7879E-02 -1.6483E-02
  1.1089E-02  1.6064E-02 -1.4444E-02
  1.2008E-02  1.3627E-02 -1.3188E-02
  1.1315E-02  1.4022E-02 -1.3080E-02
  1.0700E-02  1.1820E-02 -1.1118E-02
  1.1825E-02  1.5551E-02 -1.4490E-02
  1.0106E-02  1.5561E-02 -1.3514E-02
  1.4394E-02  1.5140E-02 -1.5658E-02
  1.5440E-02  1.4677E-02 -1.5917E-02
  1.8417E-02  1.4393E-02 -1.7411E-02
  1.9901E-02  1.3517E-02 -1.7620E-02
  2.0899E-02  1.5558E-02 -1.9683E-02
  2.3800E-02  1.4845E-02 -2.0820E-02
  2.5146E-02  1.4582E-02 -2.1398E-02
  2.7789E-02  1.3928E-02 -2.2431E-02
  2.3864E-02  1.4969E-02 -2.0947E-02
  1.3958E-02  1.6847E-02 -1.6657E-02
  1.3108E-02  1.6489E-02 -1.5909E-02
  1.3546E-02  1.9106E-02 -1.8073E-02
  1.2107E-02  2.1307E-02 -1.8859E-02
  1.1969E-02  2.3609E-02 -2.0464E-02
  9.3255E-03  2.1169E-02 -1.7168E-02
  8.3866E-03  2.1587E-02 -1.6937E-02
  8.0133E-03  2.0556E-02 -1.5970E-02
  5.3341E-03  2.0350E-02 -1.4288E-02
  4.2503E-03  1.9663E-02 -1.3165E-02
  3.2770E-03  2.1826E-02 -1.4191E-02
  3.0457E-03  2.1341E-02 -1.3703E-02
  2.7199E-03  2.3986E-02 -1.5451E-02
  5.2261E-03  1.8440E-02 -1.2829E-02
  3.4173E-03  1.8921E-02 -1.2147E-02
  7.1445E-03  1.6281E-02 -1.2347E-02
  7.2565E-03  1.4321E-02 -1.0978E-02
  9.5940E-03  1.2099E-02 -1.0690E-02
  8.8119E-03  1.0772E-02 -9.2725E-03
  6.0529E-03  1.0474E-02 -7.4776E-03
  1.0822E-02  8.2933E-03 -8.6095E-03
  7.3587E-03  1.5077E-02 -1.1590E-02
  6.1902E-03  1.4279E-02 -1.0338E-02
  8.7785E-03  1.6602E-02 -1.3517E-02
  8.9425E-03  1.7443E-02 -1.4225E-02
  1.1102E-02  1.8724E-02 -1.6397E-02
  1.3872E-02  1.6948E-02 -1.6682E-02
  1.6023E-02  1.8016E-02 -1.8692E-02
  1.7398E-02  1.8744E-02 -2.0010E-02
  1.6349E-02  1.8101E-02 -1.8940E-02
  6.2683E-03  1.9168E-02 -1.3957E-02
  5.5383E-03  1.9170E-02 -1.3541E-02
  6.3524E-03  1.9397E-02 -1.3945E-02
  3.4528E-03  2.0718E-02 -1.4051E-02
  2.5399E-03  2.3148E-02 -1.5522E-02
  4.1497E-03  2.5368E-02 -1.7568E-02
  5.3832E-03  2.6662E-02 -1.8847E-02
  2.9813E-03  2.7675E-02 -1.8877E-02
  4.3194E-03  2.8654E-02 -1.9961E-02
  1.0210E-03  1.9034E-02 -1.2150E-02
 -1.5049E-03  1.9769E-02 -1.1946E-02
  1.7804E-03  1.6791E-02 -1.0769E-02
 -3.2282E-04  1.5001E-02 -8.8863E-03
 -1.1602E-04  1.3732E-02 -8.0407E-03
 -1.4290E-03  1.1277E-02 -5.9118E-03
 -1.6594E-03  1.5556E-02 -8.8969E-03
 -1.3011E-03  1.4511E-02 -8.2548E-03
  3.4675E-04  1.2913E-02 -7.5900E-03
 -1.6905E-03  1.2156E-02 -6.4635E-03
  3.2205E-03  1.2083E-02 -7.8260E-03
  4.2485E-03  9.9967E-03 -6.6340E-03
  7.0351E-03  8.4160E-03 -6.3094E-03
  6.4667E-03  7.5433E-03 -5.5233E-03
  4.3161E-03  5.6991E-03 -3.5884E-03
  9.3383E-03  6.4311E-03 -5.5572E-03
  4.8907E-03  1.0616E-02 -7.2605E-03
  4.1313E-03  9.3145E-03 -6.1138E-03
  6.3781E-03  1.2532E-02 -9.0559E-03
  7.1925E-03  1.3225E-02 -9.7847E-03
  9.8932E-03  1.1340E-02 -9.2184E-03
  9.4645E-03  9.4726E-03 -7.7628E-03
  1.2440E-02  1.1672E-02 -1.0188E-02
